seqid,start,end,name,exp_score,strand,d_dimer,a_dimer,d_score_splam,a_score_splam,d_score_spliceai,a_score_spliceai
NC_000932.1,5283,6148,JUNC_7,1,-,GT,AC,0.009992313,0.017631076,2.7892673415408353e-07,9.710642189020291e-06
NC_000932.1,11938,12653,JUNC_6,1,-,GT,AT,0.0007307864,0.004910713,1.0896383351166605e-08,1.7262191676081784e-10
NC_000932.1,21861,22652,JUNC_1,1,-,GT,AT,0.3503216,0.42241243,9.14234078663867e-06,6.603332991517163e-08
NC_000932.1,46928,47440,JUNC_10,1,+,AA,TG,6.035535e-11,2.8818767e-10,4.3664681470545474e-07,1.00164277228032e-06
NC_000932.1,70137,70652,JUNC_4,1,-,TG,TC,0.025440255,0.005802006,3.5153689736944216e-08,3.0527362859800178e-09
NC_000932.1,70944,71811,JUNC_5,1,-,GT,AT,4.219407e-10,9.414092e-10,3.793888467273909e-11,1.6420872839262302e-07
NC_000932.1,81587,82643,JUNC_9,1,-,GT,AC,2.4543747e-11,2.7222542e-09,9.051281391059263e-10,2.5466722064493297e-08
NC_000932.1,84771,85453,JUNC_2,1,-,AG,CA,3.1973876e-08,3.4450967e-08,1.3015335298405262e-07,1.7380711980763408e-08
NC_000932.1,98024,98561,JUNC_3,1,-,GT,AC,7.658408e-08,5.4713536e-07,2.2804536037313028e-09,4.30791793348817e-08
NC_000932.1,102837,103566,JUNC_12,1,+,TT,AC,1.0563157e-08,7.998099e-09,3.3247067676711595e-07,1.8365291509780945e-08
NC_000932.1,103702,104503,JUNC_8,1,+,TT,GT,2.2916003e-05,0.000115709736,9.051281391059263e-10,2.5466722064493297e-08
NC_000932.1,134145,134946,JUNC_11,1,-,TT,GT,2.2916003e-05,0.000115709736,1.2588689060066827e-06,2.5567524630787375e-07
NC_000932.1,135082,135811,JUNC_13,1,-,TT,AC,1.0563157e-08,7.998099e-09,6.823774878483846e-10,3.3335310067883483e-09
NC_003070.9,7069,7156,JUNC_9830,1,-,GT,AG,0.07285384,0.08445926,4.056595503953986e-09,2.88566432971038e-08
NC_003070.9,7232,7383,JUNC_9831,1,-,GT,AG,0.9961349,0.9946332,4.056595503953986e-09,2.88566432971038e-08
NC_003070.9,7450,7563,JUNC_9832,1,-,GT,AG,0.99892354,0.99838924,0.19835619628429413,3.5049386497121304e-05
NC_003070.9,7649,7761,JUNC_9833,1,-,GT,AG,0.9969392,0.99362457,0.01008577924221754,0.00031327607575803995
NC_003070.9,7649,8235,JUNC_15072,1,-,GT,AG,0.9325366,0.9695628,0.00248511228710413,0.992591381072998
NC_003070.9,7835,7941,JUNC_9834,1,-,GT,AG,0.9988783,0.99456507,0.9393664598464966,0.8924649953842163
NC_003070.9,7987,8235,JUNC_9835,1,-,GT,AG,0.99005276,0.9952314,0.9806021451950073,0.9922394752502441
NC_003070.9,8325,8416,JUNC_9836,1,-,GT,AG,0.4736516,0.55989057,0.9871571660041809,0.14955604076385498
NC_003070.9,8464,8570,JUNC_9837,1,-,GT,AG,0.31684196,0.47070882,0.9572259783744812,0.5518405437469482
NC_003070.9,8464,8593,JUNC_13804,1,-,GT,AG,0.013456793,0.016060574,1.2519793017418124e-05,0.006962282117456198
NC_003070.9,12354,12423,JUNC_2178,1,-,GT,AG,0.09693661,0.07455079,0.00798717699944973,2.876221287806402e-07
NC_003070.9,13173,13334,JUNC_2179,1,-,GT,AG,0.88621956,0.8257653,0.8269729614257812,1.9322949810884893e-05
NC_003070.9,33589,33980,JUNC_18139,1,-,GT,AG,0.8242807,0.73254275,0.0819496139883995,0.10883955657482147
NC_003070.9,34327,34400,JUNC_801,1,-,GT,AG,0.9999845,0.99994195,0.5518556833267212,0.21746447682380676
NC_003070.9,35474,35566,JUNC_802,1,-,GT,AG,0.99995553,0.99996305,0.003322836011648178,0.30622705817222595
NC_003070.9,35647,35729,JUNC_803,1,-,GT,AG,0.99995863,0.9999254,0.9768621325492859,0.8317508101463318
NC_003070.9,35963,36623,JUNC_804,1,-,GT,AG,0.99993396,0.9999474,0.0034373505041003227,0.969035267829895
NC_003070.9,35999,36089,JUNC_16334,1,-,GT,AG,0.76968235,0.6519205,0.0030149267986416817,0.011633070185780525
NC_003070.9,36171,36623,JUNC_16335,1,-,GT,AG,0.48864755,0.73706985,0.001562675111927092,1.3964101526653394e-05
NC_003070.9,36685,36809,JUNC_805,1,-,GT,AG,0.99976844,0.99980086,0.9974763989448547,0.6511092782020569
NC_003070.9,36921,37022,JUNC_806,1,-,GT,AG,0.99844486,0.9987247,0.38902056217193604,0.9141626358032227
NC_003070.9,37203,37372,JUNC_16336,1,-,GT,AG,0.48385048,0.37866306,0.008725836873054504,9.640098141971976e-05
NC_003070.9,37398,37568,JUNC_13318,1,-,GT,AG,2.0396068e-05,1.6850363e-05,0.02024214342236519,6.758573726983741e-05
NC_003070.9,45559,45645,JUNC_17831,1,-,GT,AG,0.88640696,0.6721957,0.3868125379085541,0.9965620636940002
NC_003070.9,45954,46043,JUNC_17832,1,-,GT,AG,0.1517679,0.051054332,0.0001936412154464051,0.0018368636956438422
NC_003070.9,46145,46372,JUNC_17833,1,-,GT,AG,0.02671429,0.07031861,0.8922373056411743,0.9960691928863525
NC_003070.9,50337,50418,JUNC_15934,1,-,GT,AG,0.9999248,0.99953735,0.002263811416924,0.46026310324668884
NC_003070.9,50631,50882,JUNC_15935,1,-,GT,AG,1.0,1.0,0.9194505214691162,0.052810102701187134
NC_003070.9,50963,51063,JUNC_15936,1,-,GT,AG,0.73152095,0.90766835,0.924760639667511,0.9953957200050354
NC_003070.9,64475,64569,JUNC_16984,1,-,GT,AG,0.007477281,0.002186146,0.9928812980651855,0.9394519329071045
NC_003070.9,64475,64581,JUNC_8300,1,-,GT,AG,0.93352634,0.8527274,0.4512924253940582,0.11045249551534653
NC_003070.9,64656,64750,JUNC_8301,1,-,GT,AG,0.9999918,0.9999906,0.9919478297233582,0.4132457673549652
NC_003070.9,64807,64900,JUNC_8302,1,-,GT,AG,0.99999976,0.9999988,0.0012034709798172116,0.0013959691859781742
NC_003070.9,65017,65109,JUNC_8303,1,-,GT,AG,0.9999999,1.0,0.03469310700893402,0.0005360433715395629
NC_003070.9,65217,65330,JUNC_8304,1,-,GT,AG,1.0,1.0,0.2472633570432663,0.8059159517288208
NC_003070.9,65456,65562,JUNC_8305,1,-,GT,AG,0.9999982,0.99999344,0.030435405671596527,0.9186047911643982
NC_003070.9,65652,65738,JUNC_8306,1,-,GT,AG,0.9997065,0.99951303,0.013911212794482708,0.0007980860536918044
NC_003070.9,65864,66106,JUNC_8307,1,-,GT,AG,0.9994572,0.99969363,0.015670521184802055,0.021497854962944984
NC_003070.9,66160,66261,JUNC_8308,1,-,GT,AG,0.99942565,0.99856824,0.05385531112551689,0.02877318300306797
NC_003070.9,66342,66449,JUNC_8309,1,-,GT,AG,0.9999883,0.9999889,0.7331398129463196,0.9048925042152405
NC_003070.9,66557,66677,JUNC_8310,1,-,GT,AG,0.99999607,0.99999726,0.7612789869308472,0.9633572101593018
NC_003070.9,66749,66834,JUNC_8311,1,-,GT,AG,1.0,1.0,0.8993858695030212,0.11767873913049698
NC_003070.9,66897,67323,JUNC_8312,1,-,GT,AG,1.0,1.0,0.31348684430122375,0.20435622334480286
NC_003070.9,70233,70895,JUNC_16510,1,-,GT,AG,0.0036875005,0.0016452391,0.20384053885936737,2.155615902665886e-06
NC_003070.9,70285,70839,JUNC_18419,1,-,GT,AG,0.90809524,0.83815205,3.520194150041789e-05,0.007428642362356186
NC_003070.9,70968,71040,JUNC_10082,1,-,GT,AG,0.9999994,0.99999857,0.8578031659126282,0.09389705955982208
NC_003070.9,71721,71941,JUNC_10083,1,-,GT,AG,0.9997197,0.99922085,0.004411736037582159,0.03086823970079422
NC_003070.9,72669,72914,JUNC_3155,1,+,GT,AG,0.056960404,0.17597567,0.011197822168469429,0.22479216754436493
NC_003070.9,72669,73086,JUNC_2450,1,+,GT,AG,0.9999974,0.99999785,1.2443464925127046e-08,3.447669882916671e-07
NC_003070.9,73016,73086,JUNC_3156,1,+,GT,AG,0.038948428,0.049442545,0.01039971224963665,0.0006721473764628172
NC_003070.9,73163,73286,JUNC_2451,1,+,GT,AG,0.9999995,0.99999976,0.9917234778404236,0.9952539205551147
NC_003070.9,73395,73487,JUNC_2452,1,+,GT,AG,0.9765129,0.994337,0.9742156863212585,0.9884890913963318
NC_003070.9,73740,73821,JUNC_2453,1,+,GT,AG,0.99772143,0.9973737,0.9863146543502808,0.9858625531196594
NC_003070.9,74250,74337,JUNC_17854,1,-,GC,AG,0.9998308,0.9998723,0.7163652181625366,0.9876430034637451
NC_003070.9,74449,74660,JUNC_17855,1,-,GT,AG,0.9999994,0.9999989,0.9662962555885315,0.34405192732810974
NC_003070.9,77892,78007,JUNC_8477,1,+,GT,AG,0.45057786,0.52531993,0.08632425963878632,0.023839732632040977
NC_003070.9,78089,79096,JUNC_8478,1,+,GT,AG,0.00028008575,0.00020412065,0.18501436710357666,0.553364634513855
NC_003070.9,83671,83883,JUNC_16454,1,-,GT,AG,0.9999231,0.9999814,0.4266693890094757,0.09308696538209915
NC_003070.9,91633,91742,JUNC_14293,1,+,GT,AG,0.7426999,0.575801,0.9559221863746643,0.9778872132301331
NC_003070.9,92089,92269,JUNC_16386,1,+,GT,AG,0.99995375,0.9999391,0.9925243258476257,0.9988277554512024
NC_003070.9,92501,92568,JUNC_14294,1,+,GT,AG,0.99995077,0.99994266,1.0351677701692097e-05,1.7343774743494578e-05
NC_003070.9,92933,93044,JUNC_14295,1,+,GT,AG,0.9863636,0.977773,0.0011641773162409663,0.7914013266563416
NC_003070.9,93171,93270,JUNC_14296,1,+,GT,AG,0.9996586,0.9991777,0.00018237644690088928,9.857542863755953e-06
NC_003070.9,94281,94356,JUNC_14297,1,+,GT,AG,0.9999995,0.99999917,0.0033964235335588455,0.007000107783824205
NC_003070.9,95075,95159,JUNC_14298,1,+,GT,AG,0.9999851,0.9999864,0.034804727882146835,2.0690762539743446e-05
NC_003070.9,100031,100110,JUNC_4370,1,+,GT,AG,0.008436313,0.0037460134,0.0002080071426462382,0.031267691403627396
NC_003070.9,121406,121492,JUNC_9621,1,-,GT,AG,0.078714445,0.12882695,0.9716891646385193,0.836883008480072
NC_003070.9,123501,123578,JUNC_9622,1,-,GT,AG,0.99999976,0.99999857,0.35989487171173096,0.8578071594238281
NC_003070.9,123669,123784,JUNC_9623,1,-,GT,AG,1.0,1.0,0.16232192516326904,0.9277598857879639
NC_003070.9,123897,123991,JUNC_9624,1,-,GT,AG,0.9999677,0.99994624,0.9691088199615479,0.9670219421386719
NC_003070.9,124123,124210,JUNC_9625,1,-,GT,AG,0.950266,0.94975644,0.9897603392601013,0.9597147107124329
NC_003070.9,124394,124498,JUNC_9626,1,-,GT,AG,0.99964035,0.9990386,0.003758432110771537,0.0021901042200624943
NC_003070.9,124632,124713,JUNC_9627,1,-,GT,AG,0.99999046,0.99998605,0.006314960774034262,0.08135158568620682
NC_003070.9,124818,124920,JUNC_9628,1,-,GT,AG,0.99999154,0.9999927,0.8494465351104736,0.3123871684074402
NC_003070.9,125046,125133,JUNC_9629,1,-,GT,AG,0.99999034,0.9999747,0.1684306263923645,0.9964550733566284
NC_003070.9,125226,125328,JUNC_9630,1,-,GT,AG,1.0,1.0,0.7991699576377869,0.28008532524108887
NC_003070.9,125655,125741,JUNC_9631,1,-,GT,AG,0.9999999,0.9999999,0.982935905456543,0.16248653829097748
NC_003070.9,125843,125935,JUNC_9632,1,-,GT,AG,0.99990964,0.99995077,0.4153468608856201,0.9305984377861023
NC_003070.9,125998,126075,JUNC_9633,1,-,GT,AG,0.9999616,0.99991953,0.09643001854419708,0.08563258498907089
NC_003070.9,126589,126685,JUNC_9634,1,-,GT,AG,1.0,1.0,0.5691071152687073,0.01693546585738659
NC_003070.9,126840,126934,JUNC_9635,1,-,GT,AG,0.9999802,0.9999697,0.07499125599861145,0.0034574593883007765
NC_003070.9,127453,127531,JUNC_9636,1,-,GT,AG,0.9943445,0.9889621,1.7927958424479584e-06,0.06709641218185425
NC_003070.9,127573,127650,JUNC_9637,1,-,GT,AG,0.99999535,0.9999919,0.0023409968707710505,7.593071948974739e-09
NC_003070.9,127782,127867,JUNC_9638,1,-,GT,AG,0.9999987,0.999998,0.0014506279258057475,2.9300166715984233e-05
NC_003070.9,127935,128027,JUNC_9639,1,-,GT,AG,0.9379113,0.845128,0.0001041051946231164,0.0009296822245232761
NC_003070.9,128312,128478,JUNC_9640,1,-,GT,AG,0.99970734,0.9995734,0.004938754718750715,0.0015842249849811196
NC_003070.9,128551,128967,JUNC_9641,1,-,GT,AG,0.9999471,0.9999261,1.1945535334234592e-05,0.0004696108808275312
NC_003070.9,129060,129852,JUNC_9642,1,-,GT,AG,0.99981314,0.9998211,1.5165942386374809e-05,1.7064921848941594e-06
NC_003070.9,129914,130038,JUNC_9643,1,-,GT,AG,0.9998596,0.999803,0.0002982229052577168,4.460972320430301e-07
NC_003070.9,130149,130371,JUNC_9644,1,-,GT,AG,0.99880695,0.99875414,0.014965550974011421,0.0004753370594698936
NC_003070.9,132744,132823,JUNC_16446,1,-,GT,AG,0.79014415,0.85050005,0.022264478728175163,0.0020881942473351955
NC_003070.9,133218,133302,JUNC_16447,1,-,GT,AG,0.9997603,0.99981624,0.004005239810794592,0.0049229152500629425
NC_003070.9,133539,133640,JUNC_16448,1,-,GT,AG,0.99981827,0.99961036,0.5327261686325073,0.07984926551580429
NC_003070.9,133752,133910,JUNC_16449,1,-,GT,AG,0.9990452,0.999348,0.05987926572561264,0.0015015032840892673
NC_003070.9,134206,134288,JUNC_16450,1,-,GT,AG,0.85565937,0.8863525,0.09607745707035065,0.6552239060401917
NC_003070.9,134501,134581,JUNC_16451,1,-,GT,AG,0.99977106,0.99977964,0.8278518319129944,0.197496235370636
NC_003070.9,135104,135187,JUNC_16452,1,-,GT,AG,0.9999846,0.99998105,0.8229588270187378,0.42754772305488586
NC_003070.9,135269,135707,JUNC_16453,1,-,GT,AG,0.99989295,0.9998932,0.15857216715812683,0.0016685210866853595
NC_003070.9,138778,138874,JUNC_8842,1,+,GT,AG,0.20320958,0.16691601,0.00022225422435440123,0.008155888877809048
NC_003070.9,138914,138988,JUNC_8843,1,+,GT,AG,4.031159e-05,4.0195944e-05,0.017727037891745567,0.07037537544965744
NC_003070.9,139114,139202,JUNC_8844,1,+,GT,AG,0.99990964,0.9998117,3.4152196803916013e-06,0.04037760943174362
NC_003070.9,139345,139487,JUNC_8845,1,+,GT,AG,0.99994206,0.9998783,0.983130156993866,0.025866318494081497
NC_003070.9,142281,142423,JUNC_2670,1,+,GT,AG,0.99792284,0.99903226,0.3547797203063965,4.63257265437278e-06
NC_003070.9,142639,142710,JUNC_2671,1,+,GT,AG,0.99999964,0.99999905,0.4007144868373871,4.480157258512918e-06
NC_003070.9,143676,143763,JUNC_4238,1,+,GT,AG,0.017333293,0.0141603025,0.03385968878865242,0.9981197714805603
NC_003070.9,143824,143933,JUNC_4239,1,+,GT,AG,0.99999833,0.99999607,0.9788087010383606,0.8668978214263916
NC_003070.9,143977,144063,JUNC_4240,1,+,GT,AG,0.9997911,0.99953854,0.02847783826291561,0.42501115798950195
NC_003070.9,144109,144192,JUNC_4241,1,+,GT,AG,0.99589634,0.9974573,0.20907706022262573,0.004740778356790543
NC_003070.9,144227,144314,JUNC_4242,1,+,GT,AG,0.9005798,0.92558813,0.09297093003988266,0.2460446059703827
NC_003070.9,144351,144446,JUNC_4243,1,+,GT,AG,0.85573864,0.78313017,0.914478600025177,0.02737809158861637
NC_003070.9,144559,144926,JUNC_4244,1,+,GT,AG,0.99999917,0.99999964,0.38441088795661926,0.5884389281272888
NC_003070.9,145004,145131,JUNC_4245,1,+,GT,AG,0.99969316,0.999348,0.037490230053663254,0.4292711913585663
NC_003070.9,145207,145344,JUNC_4246,1,+,GT,AG,0.19210114,0.41549036,0.004857398569583893,0.07074189186096191
NC_003070.9,145435,146163,JUNC_13631,1,+,GT,AG,0.004884396,0.0023697605,0.009447302669286728,0.008922615088522434
NC_003070.9,147333,147451,JUNC_16373,1,+,GT,AG,0.99991715,0.9999093,0.004713625181466341,0.006429034750908613
NC_003070.9,159992,160078,JUNC_16236,1,-,GT,AG,0.84140354,0.5932151,0.017643893137574196,0.004083774518221617
NC_003070.9,160302,160417,JUNC_16237,1,-,GT,AG,0.99891436,0.9967372,0.0117323137819767,0.08627230674028397
NC_003070.9,160478,160567,JUNC_16238,1,-,GT,AG,0.76978993,0.8304417,0.004606948234140873,0.9744443893432617
NC_003070.9,162280,162486,JUNC_16239,1,-,GT,AG,0.9975345,0.9982108,0.013400833122432232,0.013262609951198101
NC_003070.9,163516,163933,JUNC_15002,1,+,GT,AG,0.9999963,0.99999404,0.7270420789718628,0.0010274630039930344
NC_003070.9,164103,164224,JUNC_15003,1,+,GC,AG,0.99955446,0.99936455,0.0009612158173695207,0.6299321055412292
NC_003070.9,164686,164770,JUNC_15004,1,+,GT,AG,0.9851209,0.9715341,0.011151783168315887,0.4808013141155243
NC_003070.9,165380,165448,JUNC_15005,1,+,GT,AG,0.2305142,0.23724447,0.1296699494123459,0.3681265115737915
NC_003070.9,165656,165768,JUNC_15006,1,+,GT,AG,0.6861862,0.48479328,0.6662887930870056,0.9774296283721924
NC_003070.9,168801,169036,JUNC_15799,1,+,GT,AG,0.99279094,0.98871046,0.987903892993927,0.9945610165596008
NC_003070.9,169257,169346,JUNC_15800,1,+,GT,AG,0.9999975,0.9999956,0.9970051646232605,0.995275616645813
NC_003070.9,169509,169599,JUNC_15801,1,+,GT,AG,1.0,1.0,0.002280842512845993,0.4939045011997223
NC_003070.9,169710,169805,JUNC_15802,1,+,GT,AG,0.99974614,0.9998561,0.09951741993427277,0.08750453591346741
NC_003070.9,169993,170070,JUNC_15803,1,+,GT,AG,0.9924763,0.99333054,0.996274471282959,0.3893961012363434
NC_003070.9,170162,170265,JUNC_15804,1,+,GT,AG,0.99995434,0.99992895,0.9992295503616333,0.9980834722518921
NC_003070.9,170313,170411,JUNC_15805,1,+,GT,AG,0.5890459,0.6865029,0.9416377544403076,0.990151047706604
NC_003070.9,170507,170621,JUNC_15806,1,+,GT,AG,0.9746597,0.9913434,0.002519241301342845,0.817184329032898
NC_003070.9,170760,170850,JUNC_15807,1,+,GT,AG,0.999445,0.9988607,0.055816248059272766,0.021846480667591095
NC_003070.9,176032,176206,JUNC_17246,1,+,GT,AG,0.9999994,0.9999981,0.01118498109281063,5.591318767983466e-06
NC_003070.9,176338,176591,JUNC_17247,1,+,GT,AG,0.9996624,0.99869627,0.00013240308908279985,0.00651581771671772
NC_003070.9,176752,177024,JUNC_17248,1,+,GT,AG,0.9999654,0.9999825,0.6763818264007568,0.9841192364692688
NC_003070.9,180852,181346,JUNC_9748,1,-,GT,AG,1.0,1.0,0.0202002115547657,0.029001997783780098
NC_003070.9,181422,182060,JUNC_9749,1,-,GT,AG,0.0012163728,0.0016912471,0.036807723343372345,0.06655137240886688
NC_003070.9,182135,182252,JUNC_9750,1,-,GT,AG,2.402306e-08,8.179883e-09,0.9695181846618652,0.9704135656356812
NC_003070.9,190828,190940,JUNC_1329,1,+,GT,AG,0.99997807,0.9999918,0.0004533636092673987,0.060916054993867874
NC_003070.9,190998,191137,JUNC_1330,1,+,GT,AG,0.99997056,0.9999387,9.089559898711741e-05,4.3628202547552064e-05
NC_003070.9,191258,191340,JUNC_8299,1,+,GT,AG,0.05293418,0.046390142,0.1294647455215454,0.9630846381187439
NC_003070.9,191475,191578,JUNC_1331,1,+,GT,AG,0.9999999,0.99999964,0.0014578498667106032,0.020539626479148865
NC_003070.9,191692,191779,JUNC_1332,1,+,GT,AG,0.999982,0.99997914,0.008781463839113712,2.2530457499669865e-06
NC_003070.9,192026,192106,JUNC_1334,1,+,GT,AG,0.9999907,0.99998057,0.8379426002502441,8.136390533763915e-05
NC_003070.9,209608,209763,JUNC_14440,1,+,GT,AG,0.9995983,0.9995285,0.14916203916072845,0.9850757718086243
NC_003070.9,209866,209949,JUNC_14441,1,+,GT,AG,0.768967,0.79408294,0.004370255395770073,0.0010311597725376487
NC_003070.9,210144,210384,JUNC_14442,1,+,GT,AG,0.09352165,0.049145717,0.4870836138725281,0.07006864249706268
NC_003070.9,210619,211051,JUNC_14443,1,+,GT,AG,0.99538475,0.98420715,0.4533838927745819,0.9962431192398071
NC_003070.9,211379,211473,JUNC_14444,1,+,GT,AG,0.99999976,0.99999785,0.9990295171737671,9.129490763370995e-07
NC_003070.9,211717,211854,JUNC_14445,1,+,GT,AG,0.9951953,0.99494356,1.9046154875468346e-06,0.9670954346656799
NC_003070.9,212573,212670,JUNC_14446,1,+,GT,AG,0.28007767,0.5805962,0.919090211391449,0.6738458275794983
NC_003070.9,214406,214479,JUNC_15668,1,+,GT,AG,0.9999523,0.99995244,0.2727465033531189,0.35847264528274536
NC_003070.9,214582,214696,JUNC_15669,1,+,GT,AG,0.9997991,0.9997907,0.3706792891025543,0.6464980244636536
NC_003070.9,214897,215316,JUNC_15670,1,+,GT,AG,0.11089464,0.08890569,0.5919472575187683,0.37882110476493835
NC_003070.9,215554,215632,JUNC_15671,1,+,GT,AG,0.74074286,0.71586704,0.001013481174595654,0.011402291245758533
NC_003070.9,215960,216043,JUNC_15672,1,+,GT,AG,0.9990011,0.99495375,0.15740953385829926,0.0015152881387621164
NC_003070.9,216293,216413,JUNC_15673,1,+,GT,AG,0.21437179,0.2113105,0.07763417065143585,0.9755862951278687
NC_003070.9,217090,217164,JUNC_15674,1,+,GT,AG,0.99975556,0.9992624,0.9595343470573425,0.9297343492507935
NC_003070.9,219621,219751,JUNC_14371,1,+,GT,AG,0.9897323,0.9926818,0.8205109238624573,0.9657542705535889
NC_003070.9,229343,229428,JUNC_2479,1,+,GT,AG,0.98553723,0.9556287,0.9503926038742065,0.7518420219421387
NC_003070.9,229724,229828,JUNC_2480,1,+,GT,AG,0.9997774,0.99942076,0.0038178851827979088,0.0002764513483271003
NC_003070.9,229934,230348,JUNC_2481,1,+,GT,AG,0.99999964,0.99999976,0.0003055500565096736,0.00601273775100708
NC_003070.9,230459,230558,JUNC_2482,1,+,GT,AG,0.9999999,0.99999905,0.06934355199337006,0.00018172294949181378
NC_003070.9,240242,240351,JUNC_17237,1,-,GT,AG,0.99996877,0.9999747,0.0032971419859677553,0.12638813257217407
NC_003070.9,240672,240743,JUNC_17238,1,-,GT,AG,0.9935314,0.98361105,0.0022585901897400618,0.0345226526260376
NC_003070.9,240892,240964,JUNC_17239,1,-,GT,AG,0.99999034,0.99999094,0.5476959943771362,0.31005463004112244
NC_003070.9,241226,241305,JUNC_17240,1,-,GT,AG,1.0,0.9999999,0.00040988423279486597,0.009395256638526917
NC_003070.9,241443,241538,JUNC_17241,1,-,GT,AG,0.9999881,0.9999856,0.0005272886482998729,0.0005470773321576416
NC_003070.9,241719,241804,JUNC_17242,1,-,GT,AG,0.8783082,0.8925741,0.0028812442906200886,0.001022391370497644
NC_003070.9,241909,241982,JUNC_17243,1,-,GT,AG,0.86294556,0.8271629,0.0011247441871091723,0.00026238945429213345
NC_003070.9,242113,242213,JUNC_17244,1,-,GT,AG,0.9999664,0.9999707,9.80868426267989e-05,0.0004413003916852176
NC_003070.9,242290,242448,JUNC_17245,1,-,GT,AG,0.99940264,0.9995834,0.9363484382629395,0.018761735409498215
NC_003070.9,255366,257224,JUNC_14793,1,+,GT,AG,0.66627353,0.78356516,0.0025218366645276546,0.9205560088157654
NC_003070.9,259614,259689,JUNC_18271,1,-,GT,AG,0.9930241,0.9877337,0.29305654764175415,0.0005124390590935946
NC_003070.9,260034,260117,JUNC_18272,1,-,GT,AG,0.99998987,0.99996173,0.8209168910980225,0.000868947128765285
NC_003070.9,260417,260507,JUNC_17956,1,-,GT,AG,0.8598293,0.75759035,0.42294690012931824,0.002267715986818075
NC_003070.9,260582,260669,JUNC_17957,1,-,GT,AG,0.99999774,0.99999654,0.0006409705965779722,0.24254421889781952
NC_003070.9,260824,260920,JUNC_17958,1,-,GT,AG,0.99988055,0.9998434,0.0022622225806117058,0.07363110780715942
NC_003070.9,261037,261128,JUNC_17959,1,-,GT,AG,0.99996996,0.9999716,0.1642812043428421,0.006592312827706337
NC_003070.9,262965,263046,JUNC_16899,1,+,GT,AG,0.9992379,0.99828124,0.006391532253473997,0.004468037746846676
NC_003070.9,263139,263231,JUNC_16900,1,+,GT,AG,0.90281534,0.7010733,0.019387979060411453,0.893694281578064
NC_003070.9,263299,263368,JUNC_16901,1,+,GT,AG,0.9946807,0.9965035,0.9826264381408691,0.9790244102478027
NC_003070.9,263444,263525,JUNC_16902,1,+,GT,AG,1.0,0.9999999,0.9136266112327576,0.053439993411302567
NC_003070.9,263572,263644,JUNC_16903,1,+,GT,AG,0.9997998,0.99953866,0.8976128697395325,0.9242958426475525
NC_003070.9,263770,263856,JUNC_16904,1,+,GT,AG,0.9999584,0.9999622,0.33256539702415466,0.00581353111192584
NC_003070.9,263934,264072,JUNC_16905,1,+,GT,AG,0.31624487,0.33902124,0.6895206570625305,0.9902515411376953
NC_003070.9,264160,264279,JUNC_16906,1,+,GT,AG,0.99946636,0.9993771,0.160679891705513,0.08971768617630005
NC_003070.9,264392,264519,JUNC_16907,1,+,GT,AG,0.99999475,0.99999046,0.016886524856090546,0.8474226593971252
NC_003070.9,264582,264656,JUNC_16908,1,+,GT,AG,0.99808645,0.9975655,0.9986697435379028,0.04437253996729851
NC_003070.9,264712,264796,JUNC_16909,1,+,GT,AG,0.8628193,0.8483173,0.8607538342475891,0.9991099238395691
NC_003070.9,264901,265020,JUNC_16910,1,+,GT,AG,0.5005201,0.5814098,0.0004230522317811847,0.9908508658409119
NC_003070.9,265077,265335,JUNC_16911,1,+,GT,AG,0.8299805,0.806911,0.9859129786491394,0.0426311194896698
NC_003070.9,265437,265577,JUNC_16912,1,+,GT,AG,0.9993069,0.9972561,0.7715719938278198,0.9902434945106506
NC_003070.9,265626,265776,JUNC_16913,1,+,GT,AG,0.54766494,0.56292695,0.9173077940940857,0.9732248187065125
NC_003070.9,265845,265951,JUNC_16914,1,+,GT,AG,0.21717909,0.2086804,0.15985479950904846,0.9855808615684509
NC_003070.9,266724,267292,JUNC_13737,1,+,GT,AC,0.9997346,0.9999287,0.0003618997579906136,0.5938981175422668
NC_003070.9,272362,272444,JUNC_3381,1,-,GT,AG,0.81014633,0.70255667,0.00018091646779794246,5.060219791630516e-06
NC_003070.9,272555,272650,JUNC_3382,1,-,GT,AG,0.999956,0.9998815,0.1795266568660736,0.002633489668369293
NC_003070.9,272983,273063,JUNC_3383,1,-,GT,AG,0.99992025,0.99985814,0.6839941740036011,0.44179922342300415
NC_003070.9,273149,273233,JUNC_3384,1,-,GT,AG,0.00023457596,0.0004970263,0.992868959903717,0.6214367151260376
NC_003070.9,273339,273428,JUNC_3385,1,-,GT,AG,0.5425828,0.55388355,0.9941224455833435,0.9968671202659607
NC_003070.9,273562,273652,JUNC_3386,1,-,GT,AG,0.86111504,0.92238915,0.9887202382087708,0.07505528628826141
NC_003070.9,273788,273862,JUNC_3387,1,-,GT,AG,0.99732524,0.9901031,0.5247602462768555,0.9897502064704895
NC_003070.9,274083,274166,JUNC_3388,1,-,GT,AG,0.57750744,0.66695285,0.5153248906135559,0.9463735818862915
NC_003070.9,274249,274383,JUNC_3389,1,-,GT,AG,0.0016586123,0.00075610616,0.30452480912208557,0.020573897287249565
NC_003070.9,276519,276705,JUNC_18171,1,-,GT,AG,0.9999846,0.9999863,0.911160945892334,0.46449655294418335
NC_003070.9,276793,276869,JUNC_6562,1,-,GT,AG,0.99998486,0.99998736,0.9293566346168518,0.7791182994842529
NC_003070.9,276989,277076,JUNC_6563,1,-,GT,AG,0.99999475,0.9999907,0.7168346047401428,0.0782504677772522
NC_003070.9,277153,277231,JUNC_6564,1,-,GT,AG,0.99920005,0.99942255,0.07097402960062027,0.10693946480751038
NC_003070.9,277401,277492,JUNC_6565,1,-,GT,AG,0.99897957,0.9951074,0.012631257995963097,0.19145560264587402
NC_003070.9,277606,277716,JUNC_6566,1,-,GT,AG,0.9997491,0.999859,0.02383526787161827,0.8526124358177185
NC_003070.9,277863,277946,JUNC_6567,1,-,GT,AG,0.0065699564,0.0040523456,0.0006012645899318159,0.00046493022819049656
NC_003070.9,278252,278315,JUNC_6568,1,-,GT,AG,0.9997435,0.99985015,0.9967610239982605,0.9479699730873108
NC_003070.9,296248,296361,JUNC_16853,1,-,GT,AG,0.39151648,0.43827686,0.9897159934043884,0.4112495183944702
NC_003070.9,296535,296625,JUNC_16854,1,-,GT,AG,0.61483365,0.7465459,0.6531209349632263,0.039997000247240067
NC_003070.9,296700,296781,JUNC_16855,1,-,GT,AG,0.6914478,0.7290628,0.0005010756431147456,7.939146598801017e-05
NC_003070.9,296862,296950,JUNC_16856,1,-,GT,AG,0.60853493,0.4746259,0.041414204984903336,0.02105075679719448
NC_003070.9,297025,297100,JUNC_16857,1,-,GT,AG,0.9486295,0.9545506,0.32302743196487427,0.7778448462486267
NC_003070.9,297175,297531,JUNC_16858,1,-,GT,AG,1.0,1.0,0.40757042169570923,0.4139825403690338
NC_003070.9,297743,298012,JUNC_16859,1,-,GT,AG,0.99989426,0.99966323,0.8595084547996521,0.9874998927116394
NC_003070.9,300515,300602,JUNC_11179,1,-,GT,AG,0.99999726,0.9999881,0.9380253553390503,0.12207620590925217
NC_003070.9,300665,300751,JUNC_11180,1,-,GT,AG,1.0,1.0,0.6454129815101624,0.1962369680404663
NC_003070.9,300826,301487,JUNC_17266,1,-,GT,AG,0.83348805,0.7937762,0.5692349076271057,0.001058393158018589
NC_003070.9,301544,302053,JUNC_17267,1,-,GT,AG,0.33135295,0.25922537,0.010732167400419712,0.7818340063095093
NC_003070.9,313452,313566,JUNC_14668,1,-,GT,AG,0.004898111,0.001979062,0.9852858185768127,0.9990609288215637
NC_003070.9,313752,313871,JUNC_8140,1,-,GC,AG,0.00020967686,0.00016106595,0.9991735816001892,0.9933487772941589
NC_003070.9,313759,313879,JUNC_4317,1,-,GT,AG,0.9997987,0.9999305,0.057278286665678024,0.9526045322418213
NC_003070.9,313995,314086,JUNC_4318,1,-,GT,AG,0.99999964,0.9999987,0.045521970838308334,0.7137995958328247
NC_003070.9,314225,314440,JUNC_4319,1,-,GT,AG,0.99999964,0.9999995,0.2304587960243225,0.20522689819335938
NC_003070.9,314551,314651,JUNC_4320,1,-,GC,AG,0.9999999,0.99999976,0.07195338606834412,0.0051326993852853775
NC_003070.9,314802,314890,JUNC_8141,1,-,GT,AG,0.99998677,0.9999802,0.38859304785728455,7.0763944677310064e-06
NC_003070.9,314802,315576,JUNC_4321,1,-,GT,AG,0.9999869,0.9999832,3.702582398545928e-05,0.451515793800354
NC_003070.9,315015,315576,JUNC_8142,1,-,GT,AG,0.9999949,0.99999774,0.00013240308908279985,0.00651581771671772
NC_003070.9,316257,316343,JUNC_2838,1,+,GT,AG,0.99392223,0.9916586,1.1818429811683018e-05,0.01803409308195114
NC_003070.9,316440,316538,JUNC_2839,1,+,GT,AG,0.99930894,0.9993992,0.07140650600194931,0.00024101106100715697
NC_003070.9,316713,316791,JUNC_2840,1,+,GT,AG,0.5089015,0.2110337,0.9446126222610474,0.9972785115242004
NC_003070.9,316897,317007,JUNC_2841,1,+,GT,AG,0.97698873,0.96089166,0.9972802400588989,0.12431059777736664
NC_003070.9,317090,317166,JUNC_2842,1,+,GT,AG,0.9999089,0.9998265,0.24859073758125305,0.15075574815273285
NC_003070.9,317193,317293,JUNC_2843,1,+,GT,AG,0.99989843,0.9998791,0.1857377290725708,0.8585944175720215
NC_003070.9,317439,317552,JUNC_2844,1,+,GC,AG,0.96875083,0.96076846,0.9991482496261597,0.7414739727973938
NC_003070.9,317642,317764,JUNC_2845,1,+,GT,AG,0.0032063564,0.0014628905,0.6821741461753845,0.17386922240257263
NC_003070.9,317845,317978,JUNC_2846,1,+,GT,AG,0.0005785459,0.0009198766,0.5268794298171997,0.9973666071891785
NC_003070.9,318040,318144,JUNC_2847,1,+,GT,AG,0.9992054,0.9992422,0.9963703155517578,0.9777310490608215
NC_003070.9,318201,318361,JUNC_2848,1,+,GT,AG,0.91261965,0.88495326,0.980853259563446,0.564150333404541
NC_003070.9,318433,318564,JUNC_2849,1,+,GT,AG,0.9992824,0.99676174,0.1742858588695526,0.9558215141296387
NC_003070.9,318813,318985,JUNC_2850,1,+,GT,AG,0.9957778,0.9946483,0.9467146992683411,0.9686384201049805
NC_003070.9,319101,319203,JUNC_2851,1,+,GT,AG,0.99993277,0.99994624,0.9270731806755066,0.9891272187232971
NC_003070.9,319296,319371,JUNC_11007,1,+,GT,AG,0.9999566,0.99992764,0.7324627041816711,0.023345183581113815
NC_003070.9,325641,325912,JUNC_4634,1,+,GT,AG,0.9991202,0.99895114,0.728972852230072,0.20749467611312866
NC_003070.9,326013,326105,JUNC_14810,1,+,GT,AG,0.9999999,0.99999964,0.8557140231132507,0.5522623062133789
NC_003070.9,326228,326331,JUNC_4635,1,+,GT,AG,0.99999297,0.9999715,0.4682571589946747,0.06102722883224487
NC_003070.9,326517,326593,JUNC_4636,1,+,GT,AG,0.9999958,0.99998534,0.28236010670661926,0.0601409375667572
NC_003070.9,326815,326930,JUNC_4637,1,+,GT,AG,0.9572094,0.9741697,0.8063687086105347,0.16767443716526031
NC_003070.9,327084,327236,JUNC_4638,1,+,GT,AG,0.5515603,0.43551615,0.013041254132986069,2.400099219812546e-05
NC_003070.9,327386,327487,JUNC_4639,1,+,GT,AG,0.99519855,0.9956831,0.10887876898050308,9.824341395869851e-05
NC_003070.9,327576,327662,JUNC_4640,1,+,GT,AG,0.99999976,0.9999993,0.0011101601412519813,0.7558624148368835
NC_003070.9,327866,327999,JUNC_4641,1,+,GT,AG,1.0,1.0,0.9822977781295776,0.00018785141583066434
NC_003070.9,328107,328187,JUNC_4642,1,+,GT,AG,1.0,1.0,0.00034121234784834087,0.7207028269767761
NC_003070.9,328322,328423,JUNC_4643,1,+,GT,AG,0.999969,0.9999833,0.8514731526374817,0.9397950768470764
NC_003070.9,328555,328897,JUNC_4644,1,+,GT,AG,0.9999999,0.99999976,0.9704420566558838,0.07750336080789566
NC_003070.9,329030,329118,JUNC_4645,1,+,GT,AG,0.9999969,0.99999523,0.2799806296825409,0.38425058126449585
NC_003070.9,329211,329310,JUNC_4646,1,+,GT,AG,0.9977551,0.99788624,0.00413630111142993,0.0008629267103970051
NC_003070.9,329436,329572,JUNC_4647,1,+,GT,AG,0.99999976,0.9999994,0.24064353108406067,0.011784684844315052
NC_003070.9,329698,329780,JUNC_4648,1,+,GT,AG,0.9999999,0.9999999,0.002868811832740903,0.001508098328486085
NC_003070.9,329924,330026,JUNC_4649,1,+,GT,AG,0.99983233,0.9998534,0.7812756896018982,0.9872109889984131
NC_003070.9,330155,330242,JUNC_4650,1,+,GT,AG,0.7112408,0.6278122,0.7527848482131958,0.24739105999469757
NC_003070.9,331423,331533,JUNC_17618,1,-,GT,AG,0.9999999,0.99999905,0.829329788684845,0.08368327468633652
NC_003070.9,332183,332275,JUNC_17619,1,-,GT,AG,0.9999999,0.9999999,0.1444503217935562,0.930982768535614
NC_003070.9,332633,332723,JUNC_17620,1,-,GT,AG,0.99997675,0.9999682,0.014273671433329582,0.016725940629839897
NC_003070.9,333045,333128,JUNC_17621,1,-,GT,AG,0.9999999,0.9999995,0.26216012239456177,0.0012730025919154286
NC_003070.9,333628,333904,JUNC_17622,1,-,GT,AG,0.99998593,0.99994624,0.018710609525442123,0.9689644575119019
NC_003070.9,334178,334470,JUNC_17623,1,-,GT,AG,0.9999987,0.9999995,0.018931586295366287,0.008244295604526997
NC_003070.9,334763,334898,JUNC_17624,1,-,GT,AG,1.0,0.99999976,0.003512210911139846,3.558046728358022e-06
NC_003070.9,335321,335418,JUNC_17625,1,-,GT,AG,1.0,1.0,0.007074052933603525,0.12524154782295227
NC_003070.9,335773,335915,JUNC_17626,1,-,GT,AG,1.0,0.9999999,0.02535143494606018,6.045890768291429e-05
NC_003070.9,336233,336416,JUNC_17627,1,-,GT,AG,0.9998958,0.9999105,0.5199419260025024,0.01819724589586258
NC_003070.9,353162,353237,JUNC_17375,1,-,GT,AG,0.021578375,0.022961356,7.847573579056188e-05,0.14070039987564087
NC_003070.9,353512,353621,JUNC_17376,1,-,GT,AG,0.97738034,0.9707407,0.9664266109466553,0.0002609126386232674
NC_003070.9,360149,360239,JUNC_3010,1,-,GT,AG,0.99999726,0.9999963,0.013851587660610676,0.001563485711812973
NC_003070.9,387503,387583,JUNC_11815,1,-,GT,AG,0.8554099,0.6588708,0.0007463604561053216,0.10500462353229523
NC_003070.9,387672,388267,JUNC_17321,1,-,GT,AG,0.99870205,0.9974958,0.0066834609024226665,0.0011622284073382616
NC_003070.9,388406,388538,JUNC_11817,1,-,GT,AG,0.9973162,0.99619424,0.8110194206237793,0.9948318004608154
NC_003070.9,388609,388715,JUNC_11818,1,-,GT,AG,0.40597275,0.5027567,0.998740017414093,0.9997604489326477
NC_003070.9,388760,388850,JUNC_11819,1,-,GT,AG,0.97491395,0.9480972,0.9975691437721252,0.9966722726821899
NC_003070.9,388940,389049,JUNC_11820,1,-,GT,AG,0.99990726,0.9997102,0.9885862469673157,0.10076349973678589
NC_003070.9,389138,389225,JUNC_11821,1,-,GT,AG,0.9939864,0.99674433,0.24120809137821198,0.2988189160823822
NC_003070.9,389301,389409,JUNC_11822,1,-,GT,AG,0.99950445,0.99956304,0.09360091388225555,0.005798903293907642
NC_003070.9,389943,390036,JUNC_2697,1,+,GT,AG,0.99998486,0.99995077,0.08759263157844543,0.00033841095864772797
NC_003070.9,390250,390351,JUNC_2698,1,+,GT,AG,0.2560756,0.1976878,0.001988617703318596,0.687466025352478
NC_003070.9,390399,390482,JUNC_2699,1,+,GT,AG,0.9882074,0.9827391,0.02939913235604763,0.006538510788232088
NC_003070.9,390564,390761,JUNC_2700,1,+,GT,AG,0.999982,0.99998224,0.25358980894088745,0.005185781046748161
NC_003070.9,390864,391002,JUNC_2701,1,+,GT,AG,0.99919564,0.99944955,0.8713119626045227,1.4731029295944609e-05
NC_003070.9,391123,391215,JUNC_2702,1,+,GT,AG,0.9983891,0.9974898,7.933454782005356e-08,0.929763674736023
NC_003070.9,391263,391457,JUNC_2703,1,+,GT,AG,0.9999982,0.9999994,8.938403794900296e-08,3.437568011577241e-06
NC_003070.9,391541,391651,JUNC_2704,1,+,GT,AG,0.9998265,0.99988055,0.025935599580407143,0.638421356678009
NC_003070.9,391716,392020,JUNC_2705,1,+,GT,AG,0.99999535,0.9999968,0.1944434940814972,0.021681003272533417
NC_003070.9,392072,392261,JUNC_2706,1,+,GC,AG,0.99988806,0.99975437,0.5491518378257751,0.27978089451789856
NC_003070.9,392300,392373,JUNC_2707,1,+,GT,AG,0.99874693,0.99869984,0.9899182915687561,0.9424803853034973
NC_003070.9,392495,392575,JUNC_2708,1,+,GT,AG,0.19312663,0.09728377,0.2078361213207245,0.0012781727127730846
NC_003070.9,395946,396028,JUNC_17859,1,+,GT,AG,0.9999157,0.99989676,8.404578693443909e-05,0.04863318055868149
NC_003070.9,396088,396166,JUNC_17860,1,+,GT,AG,0.9988098,0.9976563,0.038195688277482986,0.36669600009918213
NC_003070.9,396217,396290,JUNC_17861,1,+,GT,AG,0.9998104,0.99915457,0.0022982775699347258,0.005671036895364523
NC_003070.9,396356,396438,JUNC_17862,1,+,GT,AG,0.98138565,0.97883326,0.0024763145484030247,0.9763269424438477
NC_003070.9,396534,396608,JUNC_17863,1,+,GT,AG,0.99773234,0.9973605,0.7884335517883301,0.9561462998390198
NC_003070.9,396725,396792,JUNC_17864,1,+,GT,AG,0.99996805,0.9998278,0.9723012447357178,0.014619473367929459
NC_003070.9,396863,396940,JUNC_17865,1,+,GT,AG,0.9999132,0.99972147,0.7114470601081848,0.9867857098579407
NC_003070.9,397098,397702,JUNC_17866,1,+,GT,AG,0.9856134,0.976585,0.0028735788073390722,0.5616632699966431
NC_003070.9,397743,397876,JUNC_17867,1,+,GT,AG,0.9827534,0.98495007,0.9988792538642883,7.269420052580244e-07
NC_003070.9,397964,398064,JUNC_17868,1,+,GT,AG,0.9531753,0.9733706,0.3144945800304413,0.9903618097305298
NC_003070.9,398151,398291,JUNC_17869,1,+,GT,AG,0.99907154,0.9974016,0.8122398853302002,0.4869232177734375
NC_003070.9,398346,398459,JUNC_17870,1,+,GT,AG,0.9973744,0.99770826,0.19759786128997803,0.01625724881887436
NC_003070.9,398526,398613,JUNC_17871,1,+,GT,AG,0.99942505,0.99979264,0.09282941371202469,0.949251651763916
NC_003070.9,398713,398904,JUNC_17872,1,+,GT,AG,0.97507036,0.9712712,0.014808624051511288,0.11387180536985397
NC_003070.9,398966,399067,JUNC_17873,1,+,GT,AG,0.9606649,0.96177506,0.003086416283622384,0.014694911427795887
NC_003070.9,399110,399181,JUNC_17874,1,+,GT,AG,0.9786421,0.92688024,0.9537786245346069,1.7066582813640707e-06
NC_003070.9,399393,399483,JUNC_17875,1,+,GT,AG,0.0017005351,0.020695623,0.000758902111556381,0.026685358956456184
NC_003070.9,402808,402885,JUNC_10338,1,-,GT,AG,0.001195433,0.0006078275,0.0012087816139683127,0.00768362358212471
NC_003070.9,404669,404756,JUNC_6786,1,+,GT,AG,0.9993612,0.99916947,0.11895036697387695,0.6908977031707764
NC_003070.9,404842,404911,JUNC_6787,1,+,GT,AG,0.999086,0.99933565,0.970355749130249,0.9634674787521362
NC_003070.9,404953,405064,JUNC_6788,1,+,GT,AG,0.9803618,0.97346807,0.014369402080774307,0.0003108828095719218
NC_003070.9,405110,405229,JUNC_7282,1,+,GT,AG,0.99896276,0.99690765,0.6663413643836975,0.0011046580038964748
NC_003070.9,405316,405429,JUNC_6790,1,+,GT,AG,0.99324423,0.9968669,0.025596357882022858,0.03327542915940285
NC_003070.9,405485,405647,JUNC_6791,1,+,GT,AG,0.9914757,0.98204654,0.00681383116170764,0.6629341244697571
NC_003070.9,405765,405892,JUNC_6792,1,+,GT,AG,0.79027295,0.8664149,0.951645016670227,0.9403452277183533
NC_003070.9,405951,406060,JUNC_6793,1,+,GT,AG,0.98775244,0.992117,0.08361642062664032,0.8527388572692871
NC_003070.9,406132,406246,JUNC_6794,1,+,GT,AG,0.8634605,0.7860256,0.9851846694946289,0.09269686788320541
NC_003070.9,406310,406414,JUNC_6795,1,+,GT,AG,0.0046152845,0.005680249,0.8800159692764282,0.9669051766395569
NC_003070.9,406518,406720,JUNC_6796,1,+,GT,AG,0.010734012,0.0020183371,0.9581664204597473,0.8894329071044922
NC_003070.9,406792,406902,JUNC_6797,1,+,GT,AG,0.13793777,0.22621022,0.9980775117874146,0.22355124354362488
NC_003070.9,406989,407079,JUNC_6798,1,+,GT,AG,0.0031243917,0.0018016273,0.00035078509245067835,0.2126031368970871
NC_003070.9,407147,407320,JUNC_6799,1,+,GT,AG,0.018279191,0.028497417,0.9534321427345276,0.0025832178071141243
NC_003070.9,407389,407467,JUNC_6800,1,+,GT,AG,0.9961771,0.99115235,0.0005595408729277551,0.9651714563369751
NC_003070.9,407550,407721,JUNC_6801,1,+,GT,AG,0.9319579,0.99468094,0.00025079064653255045,5.625922767649172e-07
NC_003070.9,407821,408072,JUNC_6802,1,+,GT,AG,0.9998779,0.9999088,0.0001642515417188406,0.006322740111500025
NC_003070.9,408138,408235,JUNC_6803,1,+,GT,AG,0.99997914,0.9999447,0.8688762187957764,0.3978898525238037
NC_003070.9,408329,408407,JUNC_6804,1,+,GT,AG,0.99994946,0.99993646,0.9829394817352295,0.9856048226356506
NC_003070.9,412258,412459,JUNC_16874,1,+,GT,AG,0.8706545,0.92606163,0.8976137638092041,0.9972611665725708
NC_003070.9,412790,412882,JUNC_16875,1,+,GT,AG,0.99674255,0.99795914,0.3079834580421448,0.4950014352798462
NC_003070.9,413003,413079,JUNC_16876,1,+,GT,AG,0.5084357,0.18486325,0.9864256381988525,0.9714396595954895
NC_003070.9,413295,413366,JUNC_16877,1,+,GT,AG,0.96288913,0.92967415,0.9667035937309265,0.9960629343986511
NC_003070.9,418877,418986,JUNC_16349,1,+,GT,AG,0.5793668,0.43564552,0.9974397420883179,0.9955413937568665
NC_003070.9,419210,419296,JUNC_16350,1,+,GT,AG,0.9969631,0.99661016,0.8776926398277283,0.723816990852356
NC_003070.9,419529,419674,JUNC_16351,1,+,GT,AG,0.1134066,0.0749285,0.6571025252342224,0.021003583446145058
NC_003070.9,419894,420513,JUNC_16352,1,+,GT,AG,0.9675139,0.9874915,0.9765487909317017,0.7796008586883545
NC_003070.9,420889,420983,JUNC_16353,1,+,GT,AG,0.9963403,0.98927796,0.3157236576080322,0.9811573624610901
NC_003070.9,421091,421190,JUNC_16354,1,+,GT,AG,0.9876429,0.9736465,0.9902440905570984,0.0009771845070645213
NC_003070.9,421391,421525,JUNC_16355,1,+,GT,AG,0.99999297,0.99999285,0.8253391981124878,0.9713200926780701
NC_003070.9,421633,421719,JUNC_16356,1,+,GT,AG,0.0004638706,0.0006588615,0.9973022937774658,0.930886447429657
NC_003070.9,421908,421980,JUNC_16357,1,+,GT,AG,0.001713329,0.0013781261,0.0006417609401978552,0.9897524118423462
NC_003070.9,424544,424820,JUNC_13301,1,-,GT,AG,0.9990169,0.99938965,7.793252007104456e-05,0.8921282887458801
NC_003070.9,435323,435449,JUNC_2318,1,-,GT,AG,0.99996984,0.999987,0.4894464910030365,0.5403520464897156
NC_003070.9,435563,435649,JUNC_2319,1,-,GT,AG,0.9999368,0.9996846,0.9841998815536499,0.6420682072639465
NC_003070.9,435916,435996,JUNC_2320,1,-,GT,AG,0.9999999,0.9999999,0.7569022178649902,0.0004557236679829657
NC_003070.9,436128,436276,JUNC_2321,1,-,GT,AG,0.9997663,0.9996037,0.05994651839137077,0.9598597884178162
NC_003070.9,436539,436621,JUNC_2322,1,-,GT,AG,0.99571663,0.984162,0.9081274271011353,0.6273250579833984
NC_003070.9,448733,448811,JUNC_158,1,-,GT,AG,0.999864,0.999856,0.2355521023273468,0.9430774450302124
NC_003070.9,448973,449054,JUNC_159,1,-,GT,AG,0.9999995,0.99999964,0.998440682888031,0.9988396763801575
NC_003070.9,449123,449224,JUNC_160,1,-,GT,AG,0.99876285,0.9985301,7.059051768010249e-06,4.660424019675702e-05
NC_003070.9,449489,449713,JUNC_161,1,-,GT,AG,0.9999968,0.9999919,0.9454635977745056,0.9853917956352234
NC_003070.9,449838,449938,JUNC_162,1,-,GT,AG,0.9999999,0.9999999,0.9968836903572083,0.8741041421890259
NC_003070.9,450046,450150,JUNC_163,1,-,GT,AG,0.99999964,0.99999976,0.9525023102760315,0.9968268275260925
NC_003070.9,450251,450360,JUNC_16428,1,-,GT,AG,0.9753274,0.9846571,0.2975841164588928,0.702336311340332
NC_003070.9,477205,477715,JUNC_10692,1,+,GT,AG,0.99973434,0.99971646,0.02027743309736252,0.7208586931228638
NC_003070.9,478303,478524,JUNC_10693,1,+,GT,AG,0.99999404,0.9999783,0.7553600072860718,1.3767004929832183e-05
NC_003070.9,478669,478789,JUNC_10694,1,+,GT,AG,0.99987435,0.999734,0.9992307424545288,0.0007979866932146251
NC_003070.9,481619,482269,JUNC_14895,1,+,GT,AG,0.9999993,0.9999995,0.0012988831149414182,0.0006916799466125667
NC_003070.9,491114,491233,JUNC_2201,1,+,GT,AG,0.93048924,0.96870124,0.46198880672454834,0.0013211661716923118
NC_003070.9,491379,491487,JUNC_2202,1,+,GT,AG,0.99710214,0.9965851,0.8667600750923157,0.8939059972763062
NC_003070.9,491803,491906,JUNC_2203,1,+,GT,AG,0.9998499,0.9998956,0.9997908473014832,0.9989301562309265
NC_003070.9,491959,492085,JUNC_2204,1,+,GT,AG,0.99828774,0.99886644,0.9868685007095337,0.9993404746055603
NC_003070.9,492158,492247,JUNC_2205,1,+,GT,AG,0.9999877,0.9999914,0.9573158025741577,0.9939367175102234
NC_003070.9,492352,492442,JUNC_2206,1,+,GT,AG,0.9998802,0.9998554,0.7177546620368958,0.9857330322265625
NC_003070.9,492523,492606,JUNC_2207,1,+,GT,AG,0.9999987,0.9999962,0.18956385552883148,0.5392549633979797
NC_003070.9,496670,496759,JUNC_8934,1,-,GT,AG,0.99985766,0.9998772,0.4047100245952606,0.9740385413169861
NC_003070.9,496899,496971,JUNC_8935,1,-,GT,AG,0.9999962,0.999995,0.8265002369880676,0.060639888048172
NC_003070.9,497091,497164,JUNC_8936,1,-,GT,AG,0.9995111,0.99885774,0.26303085684776306,0.19575618207454681
NC_003070.9,497241,497328,JUNC_8937,1,-,GT,AG,0.9998654,0.99979156,0.04635130614042282,0.023037487640976906
NC_003070.9,505407,505498,JUNC_15348,1,-,GT,AG,0.95003074,0.9605948,0.011730149388313293,0.2956022620201111
NC_003070.9,505583,505844,JUNC_15349,1,-,GT,AG,0.99995303,0.9999827,0.0926051214337349,0.029832269996404648
NC_003070.9,506052,506136,JUNC_15350,1,-,GT,AG,0.9918731,0.9958236,0.006152343936264515,0.2144802063703537
NC_003070.9,506184,506366,JUNC_15351,1,-,GT,AG,0.99981755,0.99985397,0.611214816570282,0.5616779327392578
NC_003070.9,506534,506643,JUNC_15352,1,-,GT,AG,0.99938315,0.9986695,0.632797122001648,0.9836344718933105
NC_003070.9,518378,519035,JUNC_13532,1,+,GT,AG,0.9999974,0.99999726,0.9849833846092224,0.9769917130470276
NC_003070.9,561320,561452,JUNC_3884,1,-,GT,AG,1.2582146e-05,2.7709606e-05,0.9918484687805176,0.7868213057518005
NC_003070.9,561695,561901,JUNC_3885,1,-,GT,AG,0.99959904,0.9995901,0.9994712471961975,0.9330276250839233
NC_003070.9,584618,584859,JUNC_5447,1,+,GT,AG,1.0,1.0,0.045136988162994385,0.9336362481117249
NC_003070.9,584956,585052,JUNC_5448,1,+,GT,AG,1.0,1.0,0.4346543848514557,0.008694336749613285
NC_003070.9,585144,585236,JUNC_5449,1,+,GT,AG,0.9999999,0.99999976,0.24064353108406067,0.011784684844315052
NC_003070.9,585368,585499,JUNC_5450,1,+,GT,AG,0.99118817,0.9456246,0.002868811832740903,0.001508098328486085
NC_003070.9,585685,585778,JUNC_5451,1,+,GT,AG,0.9880789,0.9880718,0.7812756896018982,0.9872109889984131
NC_003070.9,585942,586022,JUNC_5452,1,+,GT,AG,0.9996499,0.9996772,0.7527848482131958,0.24739105999469757
NC_003070.9,586101,586191,JUNC_5453,1,+,GT,AG,0.99963856,0.999718,0.1444503217935562,0.930982768535614
NC_003070.9,586320,586438,JUNC_5454,1,+,GT,AG,0.99999976,0.99999976,0.0006299336673691869,0.0027817024383693933
NC_003070.9,586566,586648,JUNC_5455,1,+,GT,AG,1.0,1.0,0.0027170986868441105,0.004887240938842297
NC_003070.9,619328,619638,JUNC_9983,1,+,GT,AG,0.9999974,0.9999969,0.0008107965695671737,0.00020306138321757317
NC_003070.9,624134,624230,JUNC_14197,1,-,GT,AG,0.99293935,0.98677653,0.35791918635368347,0.4808642268180847
NC_003070.9,625292,625372,JUNC_13481,1,-,GT,AG,1.0,1.0,0.0023802504874765873,6.28111820333288e-07
NC_003070.9,626828,626912,JUNC_4653,1,+,GT,AG,0.99992955,0.99984956,0.9020286202430725,0.9866222739219666
NC_003070.9,627004,627099,JUNC_4654,1,+,GT,AG,0.9999999,0.99999976,0.02298578992486,0.017808759585022926
NC_003070.9,627165,627307,JUNC_4655,1,+,GT,AG,0.99999917,0.99999976,0.0019917578902095556,2.1018639017711394e-05
NC_003070.9,627382,627481,JUNC_4656,1,+,GT,AG,0.99999774,0.99999845,0.9365816712379456,0.33281567692756653
NC_003070.9,627614,627700,JUNC_4657,1,+,GT,AG,0.99752825,0.997939,0.6892812848091125,0.9928968548774719
NC_003070.9,627747,627834,JUNC_4658,1,+,GT,AG,0.9996804,0.99960226,0.9547240138053894,0.8945462107658386
NC_003070.9,627892,627969,JUNC_4659,1,+,GT,AG,0.99999964,0.99999964,0.7168346047401428,0.2804509997367859
NC_003070.9,628019,628111,JUNC_4660,1,+,GT,AG,0.9999987,0.9999982,0.07097402960062027,0.10693946480751038
NC_003070.9,628168,628245,JUNC_4661,1,+,GT,AG,0.99999785,0.99999547,0.989764928817749,0.3518620431423187
NC_003070.9,628469,628934,JUNC_4662,1,+,GT,AG,0.9999441,0.99986005,0.8611745238304138,0.9608429670333862
NC_003070.9,629321,629417,JUNC_4663,1,+,GT,AG,0.9999976,0.9999988,0.7697858810424805,0.7876489162445068
NC_003070.9,629494,629579,JUNC_4664,1,+,GT,AG,0.9976459,0.99658126,0.9707490801811218,0.7153443098068237
NC_003070.9,630703,630831,JUNC_5814,1,+,GT,AG,0.99901724,0.9996934,0.19400626420974731,0.5601162314414978
NC_003070.9,630895,630977,JUNC_5815,1,+,GT,AG,0.99646395,0.9863638,0.0016323887975886464,0.004876166582107544
NC_003070.9,631033,631103,JUNC_5816,1,+,GT,AG,0.0003457671,0.00055279233,0.06424043327569962,0.8954923748970032
NC_003070.9,631179,631264,JUNC_5817,1,+,GT,AG,0.17640963,0.09609657,0.8072360157966614,0.7614164352416992
NC_003070.9,631336,631430,JUNC_5818,1,+,GT,AG,0.047451906,0.052094806,0.23510579764842987,0.973684549331665
NC_003070.9,631518,631602,JUNC_5819,1,+,GT,AG,0.99999523,0.9999951,0.14613881707191467,0.0016398762818425894
NC_003070.9,632043,632127,JUNC_5820,1,+,GT,AG,0.9988502,0.99425715,0.996732234954834,0.12543350458145142
NC_003070.9,632348,632420,JUNC_5821,1,+,GT,AG,0.9999311,0.99945825,0.0032854059245437384,0.9836466908454895
NC_003070.9,632449,632527,JUNC_5822,1,+,GT,AG,0.026320416,0.014788989,0.028542213141918182,0.09743113815784454
NC_003070.9,632615,632715,JUNC_16652,1,+,GT,AG,0.0008544813,0.00043531257,0.9830744862556458,0.06298567354679108
NC_003070.9,632806,632880,JUNC_16653,1,+,GT,AG,0.009633827,0.025717001,0.9994006156921387,0.9911594986915588
NC_003070.9,643208,643304,JUNC_6777,1,-,GT,AG,0.99905354,0.9992298,0.9994213581085205,0.998916506767273
NC_003070.9,643554,643643,JUNC_6778,1,-,GT,AG,0.9999949,0.9999887,0.9984473586082458,0.998722493648529
NC_003070.9,643745,643876,JUNC_6779,1,-,GT,AG,1.0,1.0,0.006325574591755867,0.6670666337013245
NC_003070.9,643949,644159,JUNC_17541,1,-,GT,AG,1.0,1.0,0.5751994848251343,0.143774151802063
NC_003070.9,644256,644349,JUNC_6781,1,-,GT,AG,0.26285413,0.21264017,0.06995818018913269,0.4987942576408386
NC_003070.9,644478,644605,JUNC_17542,1,-,GT,AG,0.033863433,0.0677966,0.7107830047607422,0.0007634864887222648
NC_003070.9,665777,665861,JUNC_16374,1,-,GT,AG,0.1080478,0.13979062,5.5999857977440115e-06,0.06204796954989433
NC_003070.9,665910,666113,JUNC_16375,1,-,GT,AG,0.014199274,0.12706655,0.11112448573112488,0.3999595046043396
NC_003070.9,666256,666350,JUNC_16376,1,-,GT,AG,0.122665145,0.12511915,0.016735663637518883,0.8040031790733337
NC_003070.9,679997,680102,JUNC_239,1,+,GT,AG,1.0,1.0,0.061684656888246536,0.9892523884773254
NC_003070.9,680264,680340,JUNC_240,1,+,GT,AG,0.9999988,0.9999987,0.8976976275444031,0.12518467009067535
NC_003070.9,680484,680558,JUNC_241,1,+,GT,AG,0.99774927,0.99871254,0.9855879545211792,0.4381506145000458
NC_003070.9,680777,680857,JUNC_242,1,+,GT,AG,1.0,1.0,0.6041041016578674,0.8087891340255737
NC_003070.9,681025,681110,JUNC_243,1,+,GT,AG,1.0,1.0,0.6304901838302612,0.23607106506824493
NC_003070.9,704494,704587,JUNC_2718,1,-,GT,AG,0.9476522,0.9045635,8.246205834439024e-05,0.15778571367263794
NC_003070.9,704668,705063,JUNC_2719,1,-,GT,AG,0.99999976,0.99999964,0.03269178047776222,0.0014470270834863186
NC_003070.9,705129,705301,JUNC_2720,1,-,GT,AG,0.9999995,0.9999993,0.9889432191848755,0.022185441106557846
NC_003070.9,705367,705533,JUNC_2721,1,-,GT,AG,1.0,1.0,0.9929772019386292,0.9859171509742737
NC_003070.9,705656,706100,JUNC_2722,1,-,GT,AG,0.9999999,0.9999999,0.002023225650191307,0.4111058712005615
NC_003070.9,708189,708303,JUNC_16722,1,+,GT,AG,0.99937445,0.9992441,0.9087573289871216,0.0007803916814737022
NC_003070.9,708509,708600,JUNC_16723,1,+,GT,AG,1.0,1.0,0.0009000817663036287,0.00147125287912786
NC_003070.9,709467,709597,JUNC_16724,1,+,GT,AG,0.999982,0.9999237,0.7388302087783813,0.9942886829376221
NC_003070.9,730056,730139,JUNC_16187,1,+,GT,AG,0.9789094,0.98635674,0.653952956199646,0.09484484046697617
NC_003070.9,730415,730496,JUNC_16188,1,+,GT,AG,0.9999999,0.9999995,0.8440810441970825,0.6617826819419861
NC_003070.9,730610,730915,JUNC_16189,1,+,GT,AG,0.99914294,0.9990406,0.8135871887207031,0.8051924109458923
NC_003070.9,731073,731175,JUNC_16190,1,+,GT,AG,0.9999846,0.99998426,0.0439322330057621,0.012201455421745777
NC_003070.9,761810,761885,JUNC_8498,1,+,GT,AG,0.99999297,0.99998534,0.12871578335762024,0.2971767783164978
NC_003070.9,762391,762509,JUNC_8499,1,+,GT,AG,0.999987,0.9999858,0.10343344509601593,0.2471383661031723
NC_003070.9,762578,763012,JUNC_8500,1,+,GT,AG,0.9024159,0.9147588,5.402585520641878e-05,0.000662187288980931
NC_003070.9,763210,763298,JUNC_8501,1,+,GT,AG,0.9982834,0.999574,0.0014189430512487888,0.682280957698822
NC_003070.9,763430,763979,JUNC_8502,1,+,GT,AG,0.63230115,0.30342132,0.9707550406455994,5.906507431063801e-05
NC_003070.9,764066,764156,JUNC_8503,1,+,GT,AG,0.0397049,0.00972252,0.000840292836073786,0.9383333325386047
NC_003070.9,764597,764698,JUNC_8504,1,+,GT,AG,0.99999964,0.9999989,0.9049786329269409,0.5051072239875793
NC_003070.9,764931,765024,JUNC_8505,1,+,GT,AG,3.0669245e-05,1.141969e-05,0.6972594857215881,0.9781208634376526
NC_003070.9,765255,765484,JUNC_8506,1,+,GT,AG,0.9957657,0.99609053,0.9961069226264954,0.9736946225166321
NC_003070.9,765600,765752,JUNC_8507,1,+,GT,AG,0.99940574,0.9996433,0.3231106400489807,0.9568941593170166
NC_003070.9,773414,773498,JUNC_14804,1,+,GT,AG,0.027237406,0.008694479,0.9940296411514282,0.982658326625824
NC_003070.9,773691,774095,JUNC_9175,1,+,GT,AG,0.9998129,0.9997445,0.38017046451568604,0.8695177435874939
NC_003070.9,774153,774230,JUNC_9176,1,+,GT,AG,0.26179436,0.0876739,0.8753602504730225,0.9826270937919617
NC_003070.9,774539,774651,JUNC_7993,1,+,GT,AG,0.99999917,0.9999969,0.28434374928474426,6.773950008209795e-05
NC_003070.9,774700,774784,JUNC_7994,1,+,GT,AG,0.99992883,0.99991167,0.05244211480021477,0.0016948229167610407
NC_003070.9,774879,774967,JUNC_7995,1,+,GT,AG,0.91922903,0.926635,0.0022255955263972282,0.0012478518765419722
NC_003070.9,775047,775121,JUNC_7996,1,+,GT,AG,0.049972747,0.06148352,0.0015026848996058106,0.03655378893017769
NC_003070.9,775649,775807,JUNC_17704,1,+,GT,AG,0.999998,0.99999857,0.06903333961963654,0.0004453554574865848
NC_003070.9,776355,776481,JUNC_17705,1,+,GT,AG,1.0,1.0,7.098152855178341e-05,0.022054046392440796
NC_003070.9,776762,777154,JUNC_17706,1,+,GT,AG,0.9999999,0.99999964,0.5824784636497498,0.9910445213317871
NC_003070.9,777237,777335,JUNC_17707,1,+,GT,AG,0.99959475,0.9986285,0.0057737333700060844,0.48017603158950806
NC_003070.9,777739,777871,JUNC_17708,1,+,GT,AG,0.9999993,0.99999833,0.9458426237106323,0.0006419217097572982
NC_003070.9,778065,778152,JUNC_17709,1,+,GT,AG,1.0,1.0,0.17404624819755554,0.9867477416992188
NC_003070.9,778333,778485,JUNC_17710,1,+,GT,AG,1.0,1.0,0.9800049066543579,0.6647399067878723
NC_003070.9,778610,778806,JUNC_17711,1,+,GT,AG,0.9999999,0.9999999,0.45323726534843445,0.10844480991363525
NC_003070.9,778896,779001,JUNC_17712,1,+,GT,AG,0.99976283,0.9995535,0.1903783529996872,0.9816104173660278
NC_003070.9,779080,779173,JUNC_17713,1,+,GT,AG,0.99997735,0.9999715,0.0033802238758653402,0.000196586232050322
NC_003070.9,779250,779537,JUNC_17714,1,+,GT,AG,0.99991417,0.99977356,0.05677207186818123,0.006036904640495777
NC_003070.9,779646,779743,JUNC_17715,1,+,GT,AG,0.9987003,0.9984293,0.8305830359458923,0.9965847730636597
NC_003070.9,793731,793828,JUNC_10560,1,-,GT,AG,0.9990876,0.99749845,0.9947176575660706,0.22546440362930298
NC_003070.9,793930,794021,JUNC_10561,1,-,GT,AG,0.96300364,0.97576344,0.0009734152699820697,0.1251935362815857
NC_003070.9,794180,794327,JUNC_10562,1,-,GT,AG,0.9999864,0.99998605,0.8026072978973389,0.9970690608024597
NC_003070.9,794410,794541,JUNC_10563,1,-,GT,AG,0.9999634,0.999979,0.24691364169120789,0.8532915711402893
NC_003070.9,794650,794898,JUNC_10564,1,-,GT,AG,1.0,1.0,0.6441234946250916,0.21064512431621552
NC_003070.9,794969,795101,JUNC_10565,1,-,GT,AG,0.99999976,0.99999976,0.9952393770217896,0.43008339405059814
NC_003070.9,799431,799640,JUNC_2490,1,+,GT,AG,0.9999994,0.9999987,0.04596100375056267,0.9954181909561157
NC_003070.9,799717,799826,JUNC_2491,1,+,GT,AG,0.9998834,0.99983734,0.9990083575248718,0.09148488193750381
NC_003070.9,799910,799998,JUNC_2492,1,+,GT,AG,0.9975819,0.9889126,0.07798260450363159,0.322603702545166
NC_003070.9,800112,800381,JUNC_2493,1,+,GT,AG,0.035410274,0.043847825,0.18226903676986694,0.011011498048901558
NC_003070.9,800465,800628,JUNC_2494,1,+,GT,AG,0.99658835,0.9966832,0.00617238599807024,0.24245110154151917
NC_003070.9,800700,800971,JUNC_2495,1,+,GT,AG,0.8382646,0.89375114,0.02181083709001541,0.0005438762600533664
NC_003070.9,801039,801184,JUNC_2496,1,+,GT,AG,0.08949498,0.124356925,0.08994943648576736,0.015409018844366074
NC_003070.9,801272,801355,JUNC_2497,1,+,GT,AG,0.052997205,0.02701224,0.5300157070159912,0.0031494670547544956
NC_003070.9,801429,801516,JUNC_2498,1,+,GT,AG,0.98590195,0.9736898,0.8921383023262024,0.01775822415947914
NC_003070.9,801889,802011,JUNC_2499,1,+,GT,AG,0.9999242,0.99995923,0.6761643886566162,0.9848639369010925
NC_003070.9,802058,802162,JUNC_2500,1,+,GT,AG,0.9999815,0.99998116,0.0009110542014241219,0.2653716206550598
NC_003070.9,802223,802319,JUNC_2501,1,+,GT,AG,0.99999595,0.9999833,0.9982031583786011,0.003040099749341607
NC_003070.9,803117,803542,JUNC_10601,1,+,GT,AG,0.9741811,0.92346895,0.019390160217881203,0.005046248435974121
NC_003070.9,803687,803834,JUNC_502,1,+,GT,AG,0.99998105,0.9999672,0.8144209384918213,0.9778593182563782
NC_003070.9,803957,804246,JUNC_503,1,+,GT,AG,1.0,1.0,0.0128574064001441,0.0003204203094355762
NC_003070.9,804367,804738,JUNC_504,1,+,GT,AG,1.0,0.9999999,0.5938960313796997,1.2406438145262655e-05
NC_003070.9,804852,804960,JUNC_505,1,+,GC,AG,0.9999993,0.9999987,6.215844041435048e-05,3.995120641775429e-05
NC_003070.9,805070,805166,JUNC_506,1,+,GT,AG,1.0,1.0,0.39873093366622925,0.03150748834013939
NC_003070.9,805350,805457,JUNC_507,1,+,GT,AG,0.99939084,0.9985455,0.0719800591468811,0.0020000182557851076
NC_003070.9,805652,805859,JUNC_508,1,+,GT,AG,0.99999905,0.999995,0.0010676615638658404,0.0924430787563324
NC_003070.9,806087,806195,JUNC_509,1,+,GC,AG,0.9999887,0.9999851,0.563575804233551,0.2668621242046356
NC_003070.9,806409,806660,JUNC_510,1,+,GT,AG,0.99923086,0.9998511,0.10626139491796494,0.018311217427253723
NC_003070.9,829182,829720,JUNC_10616,1,+,GT,AG,0.9999999,0.99999964,0.16803313791751862,0.09288177639245987
NC_003070.9,831313,831419,JUNC_9192,1,+,GT,AG,0.9878947,0.9949992,0.0001306067715631798,0.000863606808707118
NC_003070.9,832640,832752,JUNC_9193,1,+,GT,AG,0.9960587,0.9965378,0.0008497314411215484,0.0025600783992558718
NC_003070.9,832935,833083,JUNC_9194,1,+,GT,AG,0.9999994,0.99999285,0.02491625025868416,0.0012801418779417872
NC_003070.9,833367,833453,JUNC_9195,1,+,GT,AG,0.035605054,0.121919535,0.8891341090202332,0.3648872673511505
NC_003070.9,833570,833693,JUNC_9196,1,+,GT,AG,0.9998147,0.99982446,0.0015290614683181047,0.00038774264976382256
NC_003070.9,834419,834513,JUNC_9197,1,+,GT,AG,0.99999976,0.99999976,5.424057962954976e-05,0.056954022496938705
NC_003070.9,843146,843230,JUNC_8689,1,-,GT,AG,0.09777533,0.08108199,0.06669282913208008,0.5631558299064636
NC_003070.9,843552,843676,JUNC_7810,1,-,GT,AG,0.24079059,0.4629351,0.7658621668815613,0.004925581160932779
NC_003070.9,845033,845113,JUNC_2128,1,-,GT,AG,0.09187197,0.15130351,0.022647831588983536,0.00458611361682415
NC_003070.9,845435,845951,JUNC_2129,1,-,GT,AG,0.99498665,0.99568933,0.0003905052144546062,0.9136237502098083
NC_003070.9,848227,848366,JUNC_4818,1,+,GT,AG,0.9999999,0.9999999,0.9875577688217163,0.788668692111969
NC_003070.9,848497,848641,JUNC_4819,1,+,GT,AG,0.999997,0.9999875,0.04013737663626671,0.9960101842880249
NC_003070.9,848713,848807,JUNC_4820,1,+,GT,AG,0.99887437,0.9968676,0.8821172714233398,0.9643819332122803
NC_003070.9,848879,848997,JUNC_4821,1,+,GT,AG,0.97938424,0.99485403,0.00022121882648207247,0.010792462155222893
NC_003070.9,849070,849178,JUNC_4822,1,+,GT,AG,0.17925185,0.2155416,0.0008297398453578353,0.0030889571644365788
NC_003070.9,866941,867408,JUNC_185,1,-,GT,AG,0.99999917,0.9999982,0.7705062627792358,0.9758485555648804
NC_003070.9,867520,867629,JUNC_10099,1,-,GT,AG,0.5133578,0.519387,0.5577948093414307,0.0007176165236160159
NC_003070.9,869370,869453,JUNC_16785,1,-,GT,AG,0.9909118,0.951995,0.001199915073812008,0.9586445689201355
NC_003070.9,869552,869657,JUNC_16786,1,-,GT,AG,0.99972934,0.9996939,0.9926049709320068,0.03313051909208298
NC_003070.9,869782,869874,JUNC_16787,1,-,GT,AG,0.9999614,0.99988484,0.6546398401260376,0.0025600783992558718
NC_003070.9,869962,870143,JUNC_16788,1,-,GT,AG,1.0,1.0,0.964874804019928,0.3048345446586609
NC_003070.9,870227,870312,JUNC_16789,1,-,GT,AG,1.0,1.0,0.9216884970664978,0.9703853726387024
NC_003070.9,870407,870495,JUNC_16790,1,-,GT,AG,0.9999559,0.99982756,0.17484888434410095,0.9280000329017639
NC_003070.9,870571,870650,JUNC_16791,1,-,GT,AG,0.9998665,0.99984187,0.9738556146621704,0.03379577398300171
NC_003070.9,878456,878539,JUNC_16038,1,-,GT,AG,0.7702317,0.9294434,0.9120321273803711,0.9887073040008545
NC_003070.9,878655,878734,JUNC_16039,1,-,GT,AG,0.99999964,0.9999981,0.9519073367118835,0.9447636008262634
NC_003070.9,878810,878910,JUNC_16040,1,-,GT,AG,0.99999607,0.99999547,0.016583532094955444,0.0003086441720370203
NC_003070.9,885937,886034,JUNC_4391,1,-,GT,AG,0.48785162,0.19803402,0.9873883128166199,0.555392324924469
NC_003070.9,886100,886195,JUNC_4392,1,-,GT,AG,0.99863964,0.9993821,0.8024938702583313,0.9696826338768005
NC_003070.9,886244,886392,JUNC_4393,1,-,GT,AG,0.99995613,0.9999814,0.00010414097050670534,0.001770661328919232
NC_003070.9,886460,886553,JUNC_4394,1,-,GT,AG,0.97404504,0.9390321,0.0020143187139183283,0.012673713266849518
NC_003070.9,886599,886695,JUNC_4395,1,-,GT,AG,0.97003067,0.96029454,0.04823467880487442,0.8730907440185547
NC_003070.9,886608,886702,JUNC_10730,1,+,GT,AG,0.15740755,0.115959756,0.23040086030960083,0.06472132354974747
NC_003070.9,886789,886877,JUNC_4396,1,-,GT,AG,0.7681855,0.8293677,0.990167498588562,0.8932117819786072
NC_003070.9,886940,887014,JUNC_4397,1,-,GT,AG,0.5900245,0.5494942,0.002178861992433667,0.6515901684761047
NC_003070.9,887137,887224,JUNC_4398,1,-,GT,AG,0.9988705,0.998719,0.0889572948217392,0.9722365736961365
NC_003070.9,887158,887807,JUNC_10731,1,+,GT,AG,3.8053014e-07,3.5169137e-07,0.6905337572097778,0.031368378549814224
NC_003070.9,887258,887367,JUNC_9502,1,-,GT,AG,0.99830014,0.99750525,0.04135989397764206,0.007211571559309959
NC_003070.9,887430,887530,JUNC_9503,1,-,GT,AG,0.9999999,0.9999995,0.05128771811723709,0.0010087932460010052
NC_003070.9,887635,887724,JUNC_9504,1,-,GT,AG,0.80711967,0.84402895,0.17850752174854279,0.9700578451156616
NC_003070.9,889524,889768,JUNC_16410,1,-,GT,AG,0.9999968,0.99999547,0.7470502257347107,0.06891365349292755
NC_003070.9,892953,893042,JUNC_2427,1,+,GT,AG,0.9966498,0.9981408,0.003521890379488468,0.18858203291893005
NC_003070.9,893206,893284,JUNC_2428,1,+,GT,AG,0.002059701,0.0034525169,0.9984679818153381,0.999171257019043
NC_003070.9,893490,893568,JUNC_2429,1,+,GT,AG,0.9961839,0.9920386,0.23682647943496704,0.0026977243833243847
NC_003070.9,904420,904520,JUNC_701,1,-,GT,AG,0.99969053,0.9996668,0.00010640388063620776,0.001957783941179514
NC_003070.9,904615,904727,JUNC_702,1,-,GT,AG,0.5213462,0.6250484,0.010219036601483822,0.002432883018627763
NC_003070.9,904775,904880,JUNC_703,1,-,GT,AG,0.71340126,0.78412247,0.9974059462547302,0.9976376295089722
NC_003070.9,905004,905118,JUNC_704,1,-,GT,AG,0.9996916,0.9994042,0.994682252407074,0.9796661734580994
NC_003070.9,905173,905267,JUNC_705,1,-,GT,AG,0.98135746,0.9698361,0.9919837117195129,0.9263586401939392
NC_003070.9,905383,905496,JUNC_706,1,-,GT,AG,0.9998242,0.99964976,0.6599770784378052,0.07808634638786316
NC_003070.9,905565,905666,JUNC_707,1,-,GT,AG,0.9997285,0.99961203,0.3844529390335083,0.0772753357887268
NC_003070.9,905784,905942,JUNC_708,1,-,GT,AG,0.97928166,0.9911362,0.5220715999603271,0.011988391168415546
NC_003070.9,906023,906134,JUNC_9901,1,-,GT,AG,0.6899623,0.87989634,0.0029551691841334105,0.9945014715194702
NC_003070.9,906023,906313,JUNC_14896,1,-,GT,AG,0.2181696,0.608502,0.03320353850722313,6.291297177085653e-05
NC_003070.9,906023,907127,JUNC_709,1,-,GT,AG,0.9710234,0.9892582,0.02282342128455639,0.14893963932991028
NC_003070.9,906356,907127,JUNC_9902,1,-,GT,AG,0.94834226,0.9739629,0.014203686267137527,0.0018390573095530272
NC_003070.9,906361,907127,JUNC_2862,1,-,GT,AG,0.1915297,0.3877622,0.5991028547286987,0.9799321293830872
NC_003070.9,907462,907621,JUNC_8636,1,-,GT,AG,0.99366635,0.9923116,0.02471551112830639,0.11982929706573486
NC_003070.9,911921,912082,JUNC_10518,1,-,GT,AG,0.9158915,0.9275438,0.2295081913471222,0.0002824328257702291
NC_003070.9,911921,913165,JUNC_10632,1,-,GT,AG,0.994635,0.99403507,0.9032801389694214,0.04397771880030632
NC_003070.9,913236,913350,JUNC_10633,1,-,GT,AG,0.99685174,0.9980063,0.9738388657569885,0.9955028891563416
NC_003070.9,913531,913653,JUNC_10634,1,-,GT,AG,0.98892945,0.9753659,0.021509971469640732,0.0026165475137531757
NC_003070.9,923755,923827,JUNC_10830,1,+,GT,AG,0.9999994,0.999998,0.044573474675416946,0.0711805447936058
NC_003070.9,923977,924092,JUNC_10831,1,+,GC,AG,0.9998709,0.99973744,0.12281832098960876,0.04028569534420967
NC_003070.9,924312,924469,JUNC_10832,1,+,GT,AG,0.9994696,0.99842346,0.38253265619277954,0.0003075591812375933
NC_003070.9,938309,938423,JUNC_14593,1,+,GT,AG,0.99971515,0.9999764,0.9385407567024231,0.0012364720460027456
NC_003070.9,938530,938633,JUNC_14594,1,+,GT,AG,0.9998696,0.9998378,0.01976882480084896,0.41720253229141235
NC_003070.9,939800,939875,JUNC_14595,1,+,GT,AG,0.99928004,0.9989718,0.010224767029285431,0.9310691356658936
NC_003070.9,940002,940091,JUNC_14596,1,+,GT,AG,0.9999788,0.99992466,0.1942513883113861,4.804984564543702e-05
NC_003070.9,940367,940452,JUNC_14597,1,+,GT,AG,1.0,1.0,0.05530518665909767,0.7591919302940369
NC_003070.9,940678,940772,JUNC_14598,1,+,GT,AG,1.0,1.0,0.9869781732559204,0.03673077002167702
NC_003070.9,945168,945471,JUNC_5517,1,+,GT,AG,0.9988763,0.9971542,0.02754781022667885,0.97496098279953
NC_003070.9,945530,945779,JUNC_5518,1,+,GT,AG,0.99212474,0.98962957,0.9896602630615234,0.9839575290679932
NC_003070.9,945861,945951,JUNC_5519,1,+,GT,AG,0.9999049,0.9999256,0.09670506417751312,0.3302387595176697
NC_003070.9,946072,946168,JUNC_5520,1,+,GT,AG,0.9999517,0.9999354,0.7973774671554565,0.8521328568458557
NC_003070.9,946210,946308,JUNC_5521,1,+,GT,AG,0.99850607,0.9969578,0.9235827922821045,0.9711624383926392
NC_003070.9,946812,946893,JUNC_5522,1,+,GT,AG,0.87166667,0.75834787,0.5553876757621765,0.02195158042013645
NC_003070.9,947001,947122,JUNC_5523,1,+,GT,AG,0.9999982,0.99999464,0.7728539109230042,0.79804927110672
NC_003070.9,947293,947398,JUNC_5524,1,+,GT,AG,0.99999976,0.99999833,0.9748054146766663,0.0006305304705165327
NC_003070.9,947664,947798,JUNC_16073,1,-,GT,AG,4.7640487e-08,1.5961086e-07,0.0003947700606659055,0.9559603929519653
NC_003070.9,948009,948087,JUNC_16074,1,-,GT,AG,0.99892557,0.99770206,0.9649945497512817,0.9362507462501526
NC_003070.9,948147,948234,JUNC_16075,1,-,GT,AG,0.99995935,0.9997497,0.02879566140472889,0.9868782162666321
NC_003070.9,948343,948428,JUNC_16076,1,-,GT,AG,0.8088816,0.7787793,0.9904555678367615,0.040784694254398346
NC_003070.9,948595,948696,JUNC_16077,1,-,GT,AG,0.9998258,0.99990356,0.035456907004117966,0.7917622923851013
NC_003070.9,948816,948911,JUNC_16078,1,-,GT,AG,0.9988876,0.9994361,0.2670111358165741,0.00011512797209434211
NC_003070.9,948992,949075,JUNC_16079,1,-,GT,AG,0.98153853,0.9577379,0.30420437455177307,0.23065035045146942
NC_003070.9,949207,949296,JUNC_16080,1,-,GT,AG,0.99999905,0.9999964,0.31219401955604553,0.8392854928970337
NC_003070.9,949452,949540,JUNC_16081,1,-,GT,AG,0.999998,0.9999969,0.6221787333488464,0.019833020865917206
NC_003070.9,949621,949733,JUNC_16082,1,-,GT,AG,0.9483832,0.9778421,0.026150410994887352,0.05123984441161156
NC_003070.9,949796,949882,JUNC_16083,1,-,GT,AG,1.0,0.9999999,0.1659432053565979,0.8516479730606079
NC_003070.9,950125,950197,JUNC_16084,1,-,GT,AG,0.9999945,0.99999607,0.5358952879905701,0.06838453561067581
NC_003070.9,950311,950403,JUNC_16085,1,-,GT,AG,0.9995691,0.9993493,0.021138450130820274,0.015402418561279774
NC_003070.9,950500,950581,JUNC_16086,1,-,GT,AG,0.9987036,0.998234,0.5140793919563293,0.21722233295440674
NC_003070.9,950794,950880,JUNC_16087,1,-,GT,AG,0.9999994,0.99999726,0.5691911578178406,0.029981551691889763
NC_003070.9,951041,951125,JUNC_16088,1,-,GT,AG,0.9999974,0.9999894,0.017936715856194496,0.10129369795322418
NC_003070.9,951211,951527,JUNC_16089,1,-,GT,AG,0.99989533,0.9998734,0.9911211729049683,0.07320205122232437
NC_003070.9,959008,959427,JUNC_14957,1,+,GT,AG,0.99999964,0.9999999,0.9967840909957886,0.9934452772140503
NC_003070.9,963321,963468,JUNC_4521,1,-,GT,AG,0.99999964,0.9999989,0.32752570509910583,0.990031361579895
NC_003070.9,963546,963638,JUNC_4522,1,-,GT,AG,0.99999917,0.99999917,0.03711065649986267,0.008431131951510906
NC_003070.9,964191,964294,JUNC_4523,1,-,GT,AG,0.9999999,0.9999999,0.019399533048272133,0.0005284746875986457
NC_003070.9,964380,964503,JUNC_4524,1,-,GT,AG,0.9998109,0.99992526,0.0016106090042740107,0.34911996126174927
NC_003070.9,964626,964738,JUNC_4525,1,-,GT,AG,0.99999535,0.99999714,0.035589274019002914,0.1620650440454483
NC_003070.9,964873,964951,JUNC_4526,1,-,GT,AG,0.99999666,0.9999913,0.0017653678078204393,0.011853603646159172
NC_003070.9,965041,965123,JUNC_4527,1,-,GT,AG,0.9999993,0.9999995,0.013169389218091965,0.005890950560569763
NC_003070.9,965309,965452,JUNC_4528,1,-,GT,AG,1.0,0.99999976,0.9992349147796631,0.9898069500923157
NC_003070.9,965506,965598,JUNC_4529,1,-,GT,AG,0.99481463,0.99660116,0.34967315196990967,0.9839925169944763
NC_003070.9,965736,965822,JUNC_4530,1,-,GT,AG,0.9970361,0.99727106,0.000290305441012606,0.02100384049117565
NC_003070.9,965888,965995,JUNC_4531,1,-,GT,AG,0.9999769,0.9999825,0.6405090093612671,0.0031570708379149437
NC_003070.9,966157,966445,JUNC_4532,1,-,GT,AG,0.99995065,0.99992204,0.9991938471794128,0.987491250038147
NC_003070.9,976501,977367,JUNC_8654,1,-,GT,AG,0.9999825,0.99998057,0.9637026190757751,0.9961156845092773
NC_003070.9,989550,989652,JUNC_16369,1,+,GT,AG,0.99987936,0.99985456,0.583134114742279,0.18249103426933289
NC_003070.9,989918,990048,JUNC_16370,1,+,GT,AG,0.9066171,0.96173835,0.6147070527076721,0.6719234585762024
NC_003070.9,990459,990530,JUNC_16371,1,+,GT,AG,0.941391,0.75068265,0.0015290614683181047,0.00038774264976382256
NC_003070.9,993951,994045,JUNC_13892,1,+,GT,AG,0.9999912,0.999985,5.424057962954976e-05,0.056954022496938705
NC_003070.9,994206,994353,JUNC_8343,1,+,GT,AG,0.99977976,0.9998186,0.7658621668815613,0.004925581160932779
NC_003070.9,994405,994495,JUNC_8344,1,+,GT,AG,0.9996655,0.9997064,0.42487969994544983,0.00017615826800465584
NC_003070.9,994632,994827,JUNC_8345,1,+,GT,AG,0.99998736,0.99992883,0.0057341959327459335,0.019978895783424377
NC_003070.9,994914,995312,JUNC_8346,1,+,GT,AG,1.0,1.0,0.061242662370204926,0.07066428661346436
NC_003070.9,1014237,1014333,JUNC_16750,1,+,GT,AG,0.09979376,0.06375982,0.006126616150140762,0.0009883760940283537
NC_003070.9,1014543,1014766,JUNC_16751,1,+,GT,AG,0.99999464,0.9999964,0.0007930809515528381,0.9106982350349426
NC_003070.9,1014872,1014950,JUNC_16752,1,+,GT,AG,0.967307,0.97425216,0.1402500569820404,0.9946638345718384
NC_003070.9,1015050,1015198,JUNC_7918,1,+,GT,AG,0.9971673,0.9974439,0.9844179153442383,0.2358301728963852
NC_003070.9,1015304,1015427,JUNC_7919,1,+,GT,AG,0.8150763,0.8631749,0.007113555446267128,0.012825505807995796
NC_003070.9,1015518,1015683,JUNC_7920,1,+,GT,AG,1.0,0.9999999,0.002772680250927806,6.059030056349002e-05
NC_003070.9,1015825,1016078,JUNC_7921,1,+,GT,AG,0.9999999,1.0,0.0033369758166372776,0.022898249328136444
NC_003070.9,1016226,1016339,JUNC_7922,1,+,GT,AG,0.99999666,0.9999906,0.006349348463118076,0.010148663073778152
NC_003070.9,1016449,1016794,JUNC_7923,1,+,GT,AG,1.0,1.0,0.005032183602452278,7.371902756858617e-05
NC_003070.9,1016951,1017057,JUNC_7924,1,+,GT,AG,0.9999999,0.9999993,0.0005975497188046575,0.0018536609131842852
NC_003070.9,1017481,1017567,JUNC_7926,1,+,GT,AG,0.78468585,0.38746893,0.0005694095743820071,3.429119897191413e-05
NC_003070.9,1019394,1019603,JUNC_10925,1,-,GT,AG,0.9999865,0.9999876,1.235822492162697e-05,3.4209140267194016e-06
NC_003070.9,1019779,1019905,JUNC_10926,1,-,GT,AG,0.9997429,0.9995616,5.409148070611991e-05,9.010937901621219e-06
NC_003070.9,1020092,1020186,JUNC_10927,1,-,GT,AG,1.0,1.0,0.0010842038318514824,0.05134036764502525
NC_003070.9,1020414,1020512,JUNC_10928,1,-,GT,AG,1.0,1.0,0.0014919020468369126,3.024599664058769e-06
NC_003070.9,1020564,1020654,JUNC_10929,1,-,GT,AG,0.99992526,0.9998977,0.5008400678634644,0.26616033911705017
NC_003070.9,1020818,1020981,JUNC_10930,1,-,GT,AG,0.9998715,0.99989235,0.0008252915577031672,0.8873829245567322
NC_003070.9,1021443,1021799,JUNC_10931,1,-,GT,AG,0.9999999,0.9999999,0.19881077110767365,0.0008628107025288045
NC_003070.9,1025095,1025292,JUNC_10114,1,+,GT,AG,0.93093604,0.9239868,0.9909874796867371,0.18996380269527435
NC_003070.9,1025568,1025864,JUNC_10115,1,+,GT,AG,0.97541636,0.98816794,0.9652998447418213,0.9183413982391357
NC_003070.9,1031573,1031688,JUNC_17978,1,-,GT,AG,8.18223e-05,0.00020974001,0.00599289033561945,0.9741432070732117
NC_003070.9,1031784,1031900,JUNC_17979,1,-,GT,AG,0.9544488,0.930999,0.867229163646698,0.96941077709198
NC_003070.9,1031985,1032058,JUNC_17980,1,-,GT,AG,0.994344,0.9952383,0.6583255529403687,0.00024174361897166818
NC_003070.9,1032163,1032243,JUNC_17981,1,-,GT,AG,0.999954,0.9998078,0.0001244789018528536,0.023801172152161598
NC_003070.9,1032412,1032581,JUNC_17982,1,-,GT,AG,0.9842265,0.9934889,0.004143908154219389,2.4877482474039425e-07
NC_003070.9,1032653,1032807,JUNC_17983,1,-,GT,AG,0.9999161,0.9999149,0.9071850776672363,0.7917853593826294
NC_003070.9,1032859,1033186,JUNC_17984,1,-,GT,AG,0.9636165,0.98367393,0.9346022009849548,0.44869908690452576
NC_003070.9,1033281,1033437,JUNC_17985,1,-,GT,AG,0.9998528,0.99983627,0.9976481795310974,0.0007832036353647709
NC_003070.9,1033537,1033875,JUNC_17986,1,-,GT,AG,1.0,1.0,0.3207174241542816,0.0001111480887630023
NC_003070.9,1034029,1034121,JUNC_17987,1,-,GT,AG,0.7851871,0.73617786,0.935772716999054,0.23737110197544098
NC_003070.9,1034338,1034701,JUNC_17988,1,-,GT,AG,0.99815154,0.99902785,0.27982327342033386,0.7181777954101562
NC_003070.9,1034778,1034885,JUNC_17989,1,-,GT,AG,0.30738926,0.14202726,0.6226713061332703,0.10058262944221497
NC_003070.9,1035055,1035139,JUNC_17990,1,-,GT,AG,0.99992836,0.99990296,0.00014329115219879895,0.052679285407066345
NC_003070.9,1035284,1035382,JUNC_17991,1,-,GT,AG,0.99999976,0.9999994,0.9940793514251709,0.810121476650238
NC_003070.9,1035518,1035885,JUNC_17992,1,-,GT,AG,0.9999896,0.9999769,0.01431775651872158,2.3648150090593845e-05
NC_003070.9,1036692,1036796,JUNC_15877,1,+,GT,AG,0.4373052,0.5499,0.21371428668498993,0.9001942873001099
NC_003070.9,1036850,1036943,JUNC_15878,1,+,GT,AG,0.9705641,0.974384,0.0024000194389373064,0.023274937644600868
NC_003070.9,1037014,1037088,JUNC_18053,1,+,GT,AG,0.9984951,0.9968833,0.1467406451702118,0.033901043236255646
NC_003070.9,1037018,1037092,JUNC_15879,1,+,GT,AG,0.0007821213,0.0011255625,4.943522799294442e-05,1.3137479548674946e-08
NC_003070.9,1037441,1037530,JUNC_15880,1,+,GT,AG,1.0,1.0,0.6545222997665405,0.0006492718821391463
NC_003070.9,1037746,1037923,JUNC_15881,1,+,GT,AG,1.0,1.0,3.047707082259876e-07,0.0002169657382182777
NC_003070.9,1038175,1038275,JUNC_15882,1,+,GT,AG,0.9905121,0.9925674,1.0659990948624909e-05,0.0011001924285665154
NC_003070.9,1038376,1038518,JUNC_15883,1,+,GT,AG,0.81327164,0.77145153,0.0022361085284501314,0.8123515248298645
NC_003070.9,1038705,1038800,JUNC_15884,1,+,GT,AG,0.9968104,0.9952147,0.9994938373565674,0.31624019145965576
NC_003070.9,1038898,1038994,JUNC_15885,1,+,GT,AG,0.9991911,0.99892604,0.08465071767568588,0.05220906436443329
NC_003070.9,1039085,1039223,JUNC_15886,1,+,GT,AG,0.9997254,0.99966407,0.129660964012146,0.8571467399597168
NC_003070.9,1039389,1039487,JUNC_15887,1,+,GT,AG,0.999832,0.99974257,1.16950468509458e-05,0.00015393586363643408
NC_003070.9,1039606,1039694,JUNC_15888,1,+,GT,AG,0.99998283,0.99995935,0.9381188154220581,0.02107539400458336
NC_003070.9,1040680,1040873,JUNC_10232,1,+,GT,AG,1.0,1.0,0.16731296479701996,0.001371213817037642
NC_003070.9,1040974,1041048,JUNC_10233,1,+,GT,AG,0.9999993,0.99999917,0.9741719365119934,0.00371723179705441
NC_003070.9,1042093,1042238,JUNC_10234,1,+,GT,AG,0.003957459,0.008917533,0.7630649209022522,0.9929593801498413
NC_003070.9,1042315,1042567,JUNC_10235,1,+,GT,AG,0.009942509,0.0042000795,0.04776819422841072,0.8942152261734009
NC_003070.9,1045995,1046098,JUNC_9248,1,-,GT,AG,0.99999857,0.999998,3.150879820168484e-06,0.011587336659431458
NC_003070.9,1046195,1046328,JUNC_9249,1,-,GT,AG,0.9999863,0.99999094,0.011654981411993504,8.86514135345351e-06
NC_003070.9,1046379,1046469,JUNC_9250,1,-,GT,AG,0.99990666,0.9998766,0.00011757052561733872,0.04451991990208626
NC_003070.9,1046536,1046623,JUNC_9251,1,-,GT,AG,0.999984,0.99997926,0.008724446408450603,1.5391327906399965e-05
NC_003070.9,1046877,1046986,JUNC_9252,1,-,GT,AG,0.99999964,0.99999917,0.8051030039787292,0.1434178501367569
NC_003070.9,1048005,1048151,JUNC_9253,1,-,GT,AG,1.0,1.0,0.12255237996578217,0.37000396847724915
NC_003070.9,1048422,1048498,JUNC_9254,1,-,GT,AG,0.9999982,0.99999726,0.9901092052459717,0.31616970896720886
NC_003070.9,1048630,1048719,JUNC_9255,1,-,GT,AG,0.9999987,0.9999989,0.043509308248758316,0.8408240675926208
NC_003070.9,1048758,1048852,JUNC_9256,1,-,GT,AG,0.9999982,0.99999785,0.0695078894495964,0.01166979968547821
NC_003070.9,1048915,1049013,JUNC_9257,1,-,GT,AG,0.9999976,0.9999914,0.0013728103367611766,0.01165417954325676
NC_003070.9,1049209,1049617,JUNC_9258,1,-,GT,AG,0.9879503,0.9507959,0.9768571257591248,0.028150951489806175
NC_003070.9,1052775,1053095,JUNC_8402,1,+,GT,AG,0.9999907,0.99998605,0.994171679019928,0.9950370192527771
NC_003070.9,1053494,1053806,JUNC_8403,1,+,GT,AG,0.99999964,0.9999994,0.45614007115364075,0.9817695021629333
NC_003070.9,1054200,1054662,JUNC_8404,1,+,GT,AG,1.0,1.0,0.9928426742553711,2.032132397289388e-05
NC_003070.9,1054806,1054935,JUNC_8405,1,+,GT,AG,1.0,1.0,0.15268254280090332,0.00011422905663494021
NC_003070.9,1055088,1055173,JUNC_8406,1,+,GT,AG,1.0,1.0,4.5386846068140585e-06,0.6952601075172424
NC_003070.9,1055290,1055477,JUNC_8407,1,+,GT,AG,1.0,1.0,0.008157477714121342,0.7542468905448914
NC_003070.9,1055708,1055797,JUNC_8408,1,+,GT,AG,0.99999964,0.9999989,0.03587779402732849,0.0019581455271691084
NC_003070.9,1056103,1056186,JUNC_8409,1,+,GT,AG,0.99999774,0.9999982,0.037881143391132355,0.005142390727996826
NC_003070.9,1056288,1056433,JUNC_8410,1,+,GT,AG,0.9999999,1.0,0.00831232313066721,0.05761681869626045
NC_003070.9,1060065,1060282,JUNC_17274,1,-,GT,AG,0.029270107,0.07466616,1.0743166058091447e-05,8.155970863299444e-05
NC_003070.9,1073569,1073648,JUNC_16566,1,+,GT,AG,0.99944156,0.99968696,0.006617328152060509,0.0028672057669609785
NC_003070.9,1073861,1073939,JUNC_16567,1,+,GT,AG,0.99999976,0.99999905,0.027332734316587448,0.9581079483032227
NC_003070.9,1074131,1074224,JUNC_16568,1,+,GT,AG,0.9999999,0.9999999,0.060242295265197754,0.028939833864569664
NC_003070.9,1074425,1074529,JUNC_16569,1,+,AT,AC,0.975749,0.7326857,0.010653159581124783,0.4018171429634094
NC_003070.9,1074610,1074897,JUNC_16570,1,+,GT,AG,0.99999976,0.9999995,0.10587386041879654,0.5275487303733826
NC_003070.9,1075021,1075107,JUNC_16571,1,+,GT,AG,0.9904943,0.9858882,0.9110615849494934,0.9939088821411133
NC_003070.9,1075200,1075300,JUNC_16572,1,+,GT,AG,0.9858806,0.954902,0.9552405476570129,0.7240743041038513
NC_003070.9,1128639,1128743,JUNC_18257,1,-,GT,AG,0.997825,0.99329025,0.05430050566792488,0.056757327169179916
NC_003070.9,1129052,1129134,JUNC_18258,1,-,GT,AG,1.0,1.0,0.2374432235956192,0.008121494203805923
NC_003070.9,1143888,1143979,JUNC_15024,1,-,GT,AG,0.9988098,0.99676377,0.5268794298171997,0.9973666071891785
NC_003070.9,1144124,1144233,JUNC_15025,1,-,GT,AG,0.9999995,0.9999988,0.9963703155517578,0.9777310490608215
NC_003070.9,1144556,1144654,JUNC_15026,1,-,GT,AG,1.0,1.0,0.8754540085792542,0.01431715115904808
NC_003070.9,1144784,1144875,JUNC_15027,1,-,GT,AG,0.9980721,0.99232423,0.9487616419792175,0.9532470107078552
NC_003070.9,1145094,1145294,JUNC_15028,1,-,GT,AG,0.03425963,0.0497802,0.16924789547920227,0.7319618463516235
NC_003070.9,1145359,1145496,JUNC_15029,1,-,GT,AG,0.94668907,0.96514416,0.02043839916586876,0.08237697929143906
NC_003070.9,1145720,1146140,JUNC_15030,1,-,GT,AG,0.99991083,0.99984056,0.03790120407938957,0.04590451344847679
NC_003070.9,1146374,1146522,JUNC_15031,1,-,GT,AG,0.14435181,0.16331458,0.012974094599485397,0.00595731008797884
NC_003070.9,1147864,1147947,JUNC_16367,1,-,GT,AG,0.99938244,0.9992054,0.054834771901369095,5.7632398238638416e-05
NC_003070.9,1148091,1148172,JUNC_16368,1,-,GT,AG,0.9976048,0.99194604,0.014666893519461155,0.03513141721487045
NC_003070.9,1155277,1155349,JUNC_3725,1,-,GT,AG,0.99961716,0.99974364,0.02491625025868416,0.0012801418779417872
NC_003070.9,1157139,1157545,JUNC_3726,1,-,GT,AG,0.9993242,0.99937254,0.8891341090202332,0.3648872673511505
NC_003070.9,1177847,1177920,JUNC_16967,1,-,GT,AG,0.8818837,0.8694534,0.8804369568824768,0.9879804253578186
NC_003070.9,1191858,1191938,JUNC_5433,1,+,GT,AG,1.0,1.0,0.9933891296386719,0.8579198122024536
NC_003070.9,1192034,1192213,JUNC_5434,1,+,GT,AG,0.9999981,0.9999981,0.9095938205718994,0.00011587186600081623
NC_003070.9,1192297,1192412,JUNC_5435,1,+,GT,AG,0.999974,0.99989796,0.9801852703094482,0.7858740091323853
NC_003070.9,1192573,1192717,JUNC_5436,1,+,GT,AG,0.99987984,0.9998621,0.8933135271072388,0.9899465441703796
NC_003070.9,1192835,1192924,JUNC_5437,1,+,GT,AG,0.99999976,0.99999976,0.007992803119122982,0.00015887523477431387
NC_003070.9,1193060,1193142,JUNC_5438,1,+,GT,AG,0.9987061,0.9979237,0.598171591758728,0.1099202111363411
NC_003070.9,1193321,1193459,JUNC_5439,1,+,GT,AG,0.99685705,0.9893607,1.3647383639181498e-05,9.824676453717984e-06
NC_003070.9,1212144,1212221,JUNC_8771,1,-,GT,AG,0.9999989,0.9999908,0.9471744894981384,0.9681117534637451
NC_003070.9,1212408,1212485,JUNC_8772,1,-,GT,AG,1.0,1.0,0.31757044792175293,0.8736211657524109
NC_003070.9,1213158,1213229,JUNC_8773,1,-,GT,AG,0.9999995,0.9999994,0.21196623146533966,0.3393596410751343
NC_003070.9,1213897,1213979,JUNC_8774,1,-,GT,AG,0.9999999,0.99999976,0.010748709551990032,0.0010462808422744274
NC_003070.9,1218181,1218281,JUNC_1749,1,-,GT,AG,0.9932863,0.9924799,2.926001485548113e-08,1.3476571325554687e-07
NC_003070.9,1219371,1219793,JUNC_10216,1,-,GT,AG,0.9999746,0.9999193,8.023946429602802e-05,0.002026662928983569
NC_003070.9,1219633,1219793,JUNC_1751,1,-,GT,AG,0.99958366,0.9991415,0.006467905361205339,3.2189748253586004e-06
NC_003070.9,1221864,1221955,JUNC_17804,1,-,GT,AG,0.99999046,0.9999808,0.0013587551657110453,0.0007696024840697646
NC_003070.9,1222365,1222488,JUNC_17805,1,-,GT,AG,1.0,1.0,0.9777742624282837,0.825777530670166
NC_003070.9,1223181,1224193,JUNC_17806,1,-,GT,AG,0.9999981,0.9999976,0.345302551984787,0.0001493924792157486
NC_003070.9,1224366,1224479,JUNC_17807,1,-,GT,AG,0.033047423,0.26159462,0.994413435459137,0.005012644454836845
NC_003070.9,1240784,1241056,JUNC_3766,1,+,GT,AG,0.9975807,0.9929965,0.0003774445503950119,0.2944680154323578
NC_003070.9,1241343,1241424,JUNC_3767,1,+,GT,AG,0.9999769,0.99995553,0.9109670519828796,0.9984234571456909
NC_003070.9,1241542,1241615,JUNC_3768,1,+,GT,AG,0.9999999,0.99999976,0.9960355162620544,0.0022872374393045902
NC_003070.9,1241677,1241760,JUNC_3769,1,+,GT,AG,0.99999547,0.9999945,0.020370058715343475,0.9924799203872681
NC_003070.9,1248003,1248116,JUNC_3233,1,-,GT,AG,0.9779352,0.9824348,0.21390631794929504,0.0032509956508874893
NC_003070.9,1249592,1251052,JUNC_17439,1,-,GT,AG,0.26130685,0.26437175,0.996623158454895,0.6775429248809814
NC_003070.9,1251142,1251409,JUNC_17440,1,-,GT,AG,0.99997795,0.9999889,0.030616894364356995,0.9087241291999817
NC_003070.9,1258899,1259026,JUNC_1244,1,-,GT,AG,1.0,1.0,0.025434965267777443,0.5970308184623718
NC_003070.9,1259219,1259357,JUNC_17035,1,-,GT,AG,0.9999958,0.9999881,0.06046362221240997,0.003728691255673766
NC_003070.9,1259570,1259727,JUNC_1246,1,-,GT,AG,0.99943537,0.99891686,0.7068139314651489,0.564078688621521
NC_003070.9,1259871,1260011,JUNC_1247,1,-,GT,AG,0.9999999,0.99999964,0.6320675015449524,0.31047365069389343
NC_003070.9,1260125,1260524,JUNC_1248,1,-,GT,AG,0.9999962,0.9999913,0.0005360124632716179,1.2037213309668005e-05
NC_003070.9,1260626,1260745,JUNC_1249,1,-,GT,AG,0.9997677,0.99953365,0.9989874958992004,0.7743604183197021
NC_003070.9,1260806,1260941,JUNC_1250,1,-,GT,AG,0.9470577,0.88883466,0.1499345749616623,0.9942417144775391
NC_003070.9,1260978,1261269,JUNC_1251,1,-,GT,AG,0.9542963,0.97162694,0.1579681783914566,0.06252744048833847
NC_003070.9,1262125,1262555,JUNC_13326,1,+,GT,AG,0.99998784,0.9999888,0.7539817094802856,0.02999480441212654
NC_003070.9,1262681,1262896,JUNC_13327,1,+,GT,AG,1.0,1.0,0.9964832067489624,0.9843159317970276
NC_003070.9,1263040,1263174,JUNC_13328,1,+,GT,AG,0.9999877,0.99992204,0.5119149088859558,0.04692988097667694
NC_003070.9,1263320,1263411,JUNC_13329,1,+,GT,AG,0.9968521,0.991388,0.7280768752098083,0.00048854760825634
NC_003070.9,1263568,1263680,JUNC_13330,1,+,GT,AG,0.68264216,0.5049125,0.010875686071813107,0.990607500076294
NC_003070.9,1263739,1263832,JUNC_13331,1,+,GT,AG,0.99062014,0.9752809,0.9851157069206238,0.8055763244628906
NC_003070.9,1263992,1264093,JUNC_13332,1,+,GT,AG,0.9999988,0.9999974,0.02809230424463749,0.3631065785884857
NC_003070.9,1264243,1264309,JUNC_13333,1,+,GT,AG,0.999998,0.99999654,0.6396515369415283,0.9545318484306335
NC_003070.9,1264446,1264532,JUNC_13334,1,+,GT,AG,1.0,1.0,0.9877141714096069,0.9503974318504333
NC_003070.9,1264679,1264759,JUNC_13335,1,+,GT,AG,0.9999001,0.9998765,0.9896337985992432,0.02076682262122631
NC_003070.9,1264861,1265158,JUNC_13336,1,+,GT,AG,1.0,1.0,0.06581763178110123,0.14631712436676025
NC_003070.9,1265216,1265290,JUNC_13337,1,+,GT,AG,0.99998033,0.9999677,0.1311124861240387,0.9616366028785706
NC_003070.9,1265392,1265491,JUNC_13338,1,+,GT,AG,0.9997923,0.9994161,0.9971051812171936,0.987531840801239
NC_003070.9,1265529,1265613,JUNC_13339,1,+,GT,AG,0.872244,0.8557744,0.00016391200188081712,3.4991931897820905e-05
NC_003070.9,1265740,1265822,JUNC_13340,1,+,GT,AG,0.9991806,0.9991554,0.02957831136882305,0.010731421411037445
NC_003070.9,1265993,1266076,JUNC_13341,1,+,GT,AG,0.98868215,0.9954373,4.604449259204557e-06,7.460839697159827e-07
NC_003070.9,1266208,1266313,JUNC_13342,1,+,GT,AG,0.9999114,0.999863,0.054773591458797455,0.18291358649730682
NC_003070.9,1266423,1266551,JUNC_13343,1,+,GT,AG,0.99997926,0.9998872,0.02659069560468197,0.020982015877962112
NC_003070.9,1266612,1266814,JUNC_13344,1,+,GT,AG,0.999597,0.99986446,2.5085523702728096e-07,0.05880582332611084
NC_003070.9,1266992,1267075,JUNC_13345,1,+,GT,AG,0.9984176,0.9954273,0.0031397403217852116,0.006188994273543358
NC_003070.9,1267281,1267394,JUNC_13346,1,+,GT,AG,0.9999906,0.9999629,0.9458407759666443,0.006782263983041048
NC_003070.9,1267514,1267770,JUNC_13347,1,+,GT,AG,0.9999999,0.99999976,0.785922110080719,0.6902199387550354
NC_003070.9,1267869,1267995,JUNC_13348,1,+,GT,AG,0.99750966,0.9916632,0.7167919874191284,0.20443502068519592
NC_003070.9,1268283,1268405,JUNC_13349,1,+,GT,AG,1.0,1.0,0.5180011987686157,0.004794281907379627
NC_003070.9,1268558,1268672,JUNC_13350,1,+,GT,AG,0.9999999,0.9999999,0.0023946294095367193,0.00020235363626852632
NC_003070.9,1268822,1268939,JUNC_13351,1,+,GT,AG,0.99999857,0.99999475,0.005601691547781229,0.2989887595176697
NC_003070.9,1269104,1269191,JUNC_13352,1,+,GT,AG,0.99991906,0.9987242,0.7095706462860107,0.03214041888713837
NC_003070.9,1269331,1269451,JUNC_13353,1,+,GT,AG,0.99999964,0.9999993,0.39933204650878906,0.004483276978135109
NC_003070.9,1269566,1269644,JUNC_13354,1,+,GT,AG,1.0,1.0,0.005094197578728199,0.996890127658844
NC_003070.9,1269665,1269770,JUNC_13355,1,+,GT,AG,0.9998779,0.99995613,0.9979464411735535,0.8111322522163391
NC_003070.9,1269848,1269936,JUNC_13356,1,+,GT,AG,0.99999726,0.99999535,0.5145677328109741,0.013974041678011417
NC_003070.9,1270107,1270271,JUNC_13357,1,+,GT,AG,0.9999087,0.9998785,0.09043518453836441,0.897062361240387
NC_003070.9,1270424,1270571,JUNC_13358,1,+,GT,AG,0.99999774,0.999997,0.5276710391044617,0.9796149134635925
NC_003070.9,1270748,1270840,JUNC_13359,1,+,GT,AG,0.9999877,0.9999821,0.013367729261517525,0.0027362459804862738
NC_003070.9,1271131,1271198,JUNC_13360,1,+,GT,AG,0.99794763,0.9973265,0.11748048663139343,0.020716024562716484
NC_003070.9,1271269,1271366,JUNC_13361,1,+,GT,AG,0.88320625,0.84612614,0.00017854143516160548,0.010735227726399899
NC_003070.9,1271466,1271542,JUNC_13362,1,+,GT,AG,0.023106297,0.025545185,0.0005744235822930932,7.613105117343366e-05
NC_003070.9,1271599,1271677,JUNC_13363,1,+,GT,AG,0.39048085,0.61062336,0.006584214046597481,0.0006236943881958723
NC_003070.9,1271734,1271940,JUNC_13364,1,+,GT,AG,0.99349564,0.9950714,0.00039256943273358047,0.0010451273992657661
NC_003070.9,1272021,1272100,JUNC_13365,1,+,GT,AG,0.9998413,0.99984944,0.03268458694219589,3.6690467823063955e-05
NC_003070.9,1272177,1272261,JUNC_13366,1,+,GT,AG,0.9989843,0.99718153,0.19573724269866943,0.16821056604385376
NC_003070.9,1302089,1302160,JUNC_17183,1,+,GT,AG,0.97521484,0.9581268,0.5166098475456238,0.028717411682009697
NC_003070.9,1302286,1302382,JUNC_17184,1,+,GT,AG,0.9994186,0.9988292,0.004112876486033201,0.29829034209251404
NC_003070.9,1316437,1316611,JUNC_16680,1,+,GT,AG,6.152432e-05,0.00016604956,0.960695743560791,0.5919982194900513
NC_003070.9,1318787,1318866,JUNC_16681,1,+,GT,AG,0.99997854,0.9999713,0.3552081882953644,0.013546831905841827
NC_003070.9,1319187,1319284,JUNC_16682,1,+,GT,AG,1.0,1.0,0.6988902688026428,0.9978563189506531
NC_003070.9,1319524,1319604,JUNC_16683,1,+,GT,AG,0.99986506,0.9997557,0.9939771890640259,0.01214596163481474
NC_003070.9,1319768,1319851,JUNC_16684,1,+,GT,AG,0.99963367,0.9986538,0.05683576315641403,0.99216228723526
NC_003070.9,1319999,1320087,JUNC_16685,1,+,GT,AG,0.99996483,0.9999348,0.07552634924650192,0.006668260786682367
NC_003070.9,1320210,1320285,JUNC_16686,1,+,GT,AG,1.0,1.0,0.013113760389387608,0.00016936039901338518
NC_003070.9,1320373,1320477,JUNC_16687,1,+,GT,AG,0.99996114,0.9998958,0.0013809087686240673,0.0028144961688667536
NC_003070.9,1325438,1325589,JUNC_12073,1,-,GT,AG,0.9999813,0.9999714,0.007431782782077789,5.8805421758734155e-06
NC_003070.9,1325689,1325854,JUNC_12074,1,-,GT,AG,0.9999994,0.99999845,0.0007729801000095904,0.08860982209444046
NC_003070.9,1326093,1326193,JUNC_12075,1,-,GT,AG,0.999931,0.9998777,0.941079318523407,0.9807511568069458
NC_003070.9,1326253,1326339,JUNC_12076,1,-,GT,AG,0.6573498,0.6576904,0.9885623455047607,0.023393284529447556
NC_003070.9,1326531,1326636,JUNC_12077,1,-,GT,AG,0.64195544,0.51795185,0.008839636109769344,0.7895352840423584
NC_003070.9,1326790,1326879,JUNC_12078,1,-,GT,AG,0.99304295,0.9897557,0.2979961633682251,0.05180325731635094
NC_003070.9,1326967,1327043,JUNC_12079,1,-,GT,AG,0.9905364,0.97859174,0.05792967230081558,0.7118719816207886
NC_003070.9,1327122,1327224,JUNC_12080,1,-,GT,AG,0.99382436,0.996232,0.44752994179725647,0.20695354044437408
NC_003070.9,1327306,1327393,JUNC_12081,1,-,GT,AG,0.9972862,0.9965655,0.004671174101531506,0.01537053007632494
NC_003070.9,1327491,1327571,JUNC_12082,1,-,GT,AG,1.0,1.0,0.8148708343505859,0.24606899917125702
NC_003070.9,1327640,1327836,JUNC_12083,1,-,GT,AG,1.0,1.0,0.01069782767444849,0.8710452318191528
NC_003070.9,1327904,1328033,JUNC_12084,1,-,GT,AG,0.912747,0.8665871,0.09999953955411911,0.052712175995111465
NC_003070.9,1328107,1328456,JUNC_12085,1,-,GT,AG,0.62943727,0.7128069,0.06563060730695724,0.006929956376552582
NC_003070.9,1328501,1328721,JUNC_12086,1,-,GT,AG,0.9999902,0.9999826,0.0854458287358284,0.07984926551580429
NC_003070.9,1328882,1329147,JUNC_12087,1,-,GT,AG,0.99998593,0.9999882,9.324315897174529e-08,7.424948853440583e-05
NC_003070.9,1329213,1329318,JUNC_12088,1,-,GT,AG,0.99999964,0.9999995,1.7279518260693294e-06,0.011385953985154629
NC_003070.9,1329420,1329558,JUNC_12089,1,-,GT,AG,0.9998826,0.9998402,2.6519757739151828e-05,1.320758997280791e-06
NC_003070.9,1329645,1329763,JUNC_12090,1,-,GT,AG,0.99999726,0.9999889,0.05607546120882034,0.8954126238822937
NC_003070.9,1330036,1330146,JUNC_12091,1,-,GT,AG,0.9999951,0.99998593,0.9821059703826904,0.9729864001274109
NC_003070.9,1330346,1330473,JUNC_14237,1,-,GT,AG,1.0,0.9999999,2.786242293950636e-05,9.21807368285954e-05
NC_003070.9,1330607,1330679,JUNC_14238,1,-,GT,AG,0.9999931,0.9999901,0.001483567408286035,0.003465902293100953
NC_003070.9,1332000,1332136,JUNC_3298,1,-,GT,AG,0.96804225,0.9753268,0.0039529805071651936,0.7167258858680725
NC_003070.9,1332199,1332388,JUNC_3299,1,-,GT,AG,0.9912647,0.99441886,0.0033721441868692636,0.003729908959940076
NC_003070.9,1332509,1332588,JUNC_3300,1,-,GT,AG,0.9968456,0.99741644,0.023062242195010185,0.9683364629745483
NC_003070.9,1332730,1332848,JUNC_3301,1,-,GT,AG,0.07957875,0.017494772,0.9929466843605042,0.9961544871330261
NC_003070.9,1357074,1357157,JUNC_15007,1,-,GT,AG,1.0,1.0,0.4119139313697815,0.057987481355667114
NC_003070.9,1357763,1358173,JUNC_15008,1,-,GT,AG,0.99922717,0.999283,0.2757522165775299,0.13621710240840912
NC_003070.9,1384040,1384339,JUNC_16242,1,+,GT,AG,0.9999969,0.99999595,0.9955610036849976,0.9908313155174255
NC_003070.9,1384451,1384658,JUNC_16243,1,+,GT,AG,0.99999976,0.9999995,0.9863871335983276,0.9714938998222351
NC_003070.9,1384741,1384836,JUNC_16244,1,+,GT,AG,0.9989335,0.9991064,0.02597103826701641,0.012449766509234905
NC_003070.9,1384902,1385400,JUNC_16245,1,+,GT,AG,0.9999485,0.9999751,0.9189698100090027,0.11928734928369522
NC_003070.9,1385501,1385646,JUNC_16246,1,+,GT,AG,0.9985404,0.99767536,0.04749254137277603,0.15874230861663818
NC_003070.9,1385765,1386108,JUNC_16247,1,+,GT,AG,0.99900407,0.9998378,0.33895325660705566,0.2720913589000702
NC_003070.9,1386149,1386249,JUNC_16248,1,+,GT,AG,0.9984207,0.9985901,0.8955308794975281,0.01698988676071167
NC_003070.9,1386338,1386409,JUNC_16249,1,+,GT,AG,0.9999993,0.99999845,0.3360336422920227,0.5761087536811829
NC_003070.9,1386569,1386640,JUNC_16250,1,+,GT,AG,0.9999999,0.99999964,0.6280579566955566,0.039185285568237305
NC_003070.9,1386757,1387023,JUNC_16251,1,+,GT,AG,0.9999988,0.9999981,0.1798456311225891,0.8951699137687683
NC_003070.9,1387068,1387202,JUNC_16252,1,+,GT,AG,0.77614397,0.8032362,0.9205288290977478,0.9799777865409851
NC_003070.9,1387334,1387426,JUNC_16253,1,+,GT,AG,0.9937589,0.9959056,0.8840383291244507,0.8930904865264893
NC_003070.9,1391950,1392055,JUNC_9791,1,-,GT,AG,0.9904597,0.9829411,0.9662075042724609,0.45134592056274414
NC_003070.9,1392183,1392256,JUNC_9792,1,-,GT,AG,0.9799488,0.97736174,0.5704149007797241,0.4061374068260193
NC_003070.9,1393192,1393268,JUNC_9793,1,-,GT,AG,0.92528754,0.94952315,0.11217477172613144,0.00975919608026743
NC_003070.9,1393331,1393479,JUNC_9794,1,-,GT,AG,0.99907935,0.9993892,0.00897621363401413,0.0015471838414669037
NC_003070.9,1393710,1393795,JUNC_9795,1,-,GT,AG,0.9998722,0.9995246,0.021281393244862556,0.458562970161438
NC_003070.9,1393927,1394013,JUNC_9796,1,-,GT,AG,0.9994468,0.9979169,0.0003990677942056209,0.04910404980182648
NC_003070.9,1394148,1394230,JUNC_9797,1,-,GT,AG,0.99955994,0.9994388,0.11023832857608795,0.010130729526281357
NC_003070.9,1394926,1395007,JUNC_9798,1,-,GT,AG,0.9999999,0.99999964,0.01692713238298893,0.00821727141737938
NC_003070.9,1395071,1395144,JUNC_9799,1,-,GT,AG,0.9999989,0.99999833,0.09114596992731094,0.0003697164938785136
NC_003070.9,1395377,1395462,JUNC_9800,1,-,GT,AG,0.9897658,0.9744046,2.4611421395093203e-05,0.011936871334910393
NC_003070.9,1396627,1396785,JUNC_18391,1,-,GT,AG,0.99999845,0.9999962,0.03405485674738884,0.004788279067724943
NC_003070.9,1396865,1397010,JUNC_18392,1,-,GT,AG,0.84526604,0.9453914,0.0005413584294728935,0.18231667578220367
NC_003070.9,1397124,1397496,JUNC_18393,1,-,GT,AG,0.99988675,0.9999527,0.6689234972000122,0.010082421824336052
NC_003070.9,1397577,1397667,JUNC_18394,1,-,GT,AG,0.99763656,0.9982701,0.003308715531602502,0.12595544755458832
NC_003070.9,1397707,1397829,JUNC_18395,1,-,GT,AG,0.5307375,0.687885,0.0019043833017349243,0.0001685965107753873
NC_003070.9,1397882,1398439,JUNC_18396,1,-,GT,AG,0.9287351,0.9609362,0.020496949553489685,0.011678335256874561
NC_003070.9,1399322,1399422,JUNC_17548,1,+,GT,AG,0.0004943496,0.0004106505,0.8825013637542725,0.00021226574608590454
NC_003070.9,1399465,1399569,JUNC_17549,1,+,GT,AG,0.0017011047,0.00040148763,0.2132929265499115,0.040410030633211136
NC_003070.9,1399774,1399978,JUNC_17550,1,+,GC,AG,0.98630697,0.9921118,0.97297203540802,0.9896165132522583
NC_003070.9,1400554,1400975,JUNC_17551,1,+,GT,AG,0.0026352694,0.0017643378,0.8872812390327454,0.9777970314025879
NC_003070.9,1401155,1401302,JUNC_5810,1,+,GT,AG,0.9927912,0.9954391,0.18947508931159973,0.9575399160385132
NC_003070.9,1401507,1401675,JUNC_5811,1,+,GT,AG,0.9936386,0.9964365,0.9454064965248108,0.04674261435866356
NC_003070.9,1401744,1401845,JUNC_5812,1,+,GT,AG,0.0256217,0.026237208,0.0029687066562473774,0.42279985547065735
NC_003070.9,1401978,1402066,JUNC_5813,1,+,GT,AG,0.9999796,0.99993324,0.0002527861506678164,0.00030521422741003335
NC_003070.9,1425925,1426015,JUNC_8655,1,+,GT,AG,0.96530306,0.9250342,0.03303324803709984,0.00016473731375299394
NC_003070.9,1426109,1427898,JUNC_8656,1,+,GT,AG,0.9999914,0.9999682,0.6825962066650391,0.01589333638548851
NC_003070.9,1427956,1428070,JUNC_8657,1,+,GT,AG,0.9983334,0.9995894,0.9741669297218323,5.5165746744023636e-05
NC_003070.9,1428114,1428207,JUNC_8658,1,+,GT,AG,0.053128507,0.13705768,0.14620184898376465,0.5570564270019531
NC_003070.9,1446309,1446567,JUNC_16517,1,+,GT,AG,0.028175384,0.07482834,0.6611645817756653,0.005601811222732067
NC_003070.9,1448056,1448140,JUNC_4495,1,-,GT,AG,0.9999994,0.99999917,0.08888404816389084,0.9964112639427185
NC_003070.9,1449061,1449236,JUNC_17634,1,-,GT,AG,0.9999671,0.9999343,0.05316662788391113,0.6639420390129089
NC_003070.9,1449615,1449712,JUNC_17635,1,-,GT,AG,0.99999905,0.99999774,0.02895679883658886,0.9975480437278748
NC_003070.9,1450174,1450576,JUNC_17636,1,-,GT,AG,1.0,1.0,0.002097127493470907,0.007217393722385168
NC_003070.9,1487730,1487811,JUNC_13700,1,-,GT,AG,0.25135702,0.2734466,0.24476633965969086,0.0005113978986628354
NC_003070.9,1487936,1488018,JUNC_13701,1,-,GT,AG,0.9749604,0.9674792,1.5362657812545422e-09,8.130339179679424e-10
NC_003070.9,1488125,1488219,JUNC_13702,1,-,GT,AG,0.9999536,0.99997497,0.006863768678158522,0.024102184921503067
NC_003070.9,1488298,1488389,JUNC_13703,1,-,GT,AG,0.9999001,0.9998534,1.544203655612364e-06,0.005865658167749643
NC_003070.9,1488479,1488560,JUNC_13704,1,-,GT,AG,0.9999969,0.99999774,7.523041745116643e-08,7.864497320042574e-08
NC_003070.9,1488824,1488908,JUNC_13705,1,-,GT,AG,0.9998596,0.99985063,0.3679949641227722,0.0053063989616930485
NC_003070.9,1489386,1489589,JUNC_13706,1,-,GT,AG,0.9995434,0.99909675,0.0008527314639650285,0.262376993894577
NC_003070.9,1489953,1490729,JUNC_13707,1,-,GT,AG,0.79268426,0.81269675,0.7256731986999512,0.9742012023925781
NC_003070.9,1505153,1505560,JUNC_3323,1,+,GT,AG,0.012794589,0.024566032,0.9968497157096863,0.0020945926662534475
NC_003070.9,1505462,1505537,JUNC_17062,1,+,GT,AG,0.037523683,0.050824467,0.012535752728581429,9.11912793526426e-05
NC_003070.9,1505993,1506116,JUNC_3324,1,+,GT,AG,0.99999034,0.9999832,0.001274980022571981,4.5613072074957017e-07
NC_003070.9,1507450,1507528,JUNC_3325,1,+,GT,AG,0.99362516,0.97736937,0.9770038723945618,0.9921521544456482
NC_003070.9,1507806,1507885,JUNC_10474,1,+,GT,AG,0.99223304,0.9804185,0.8931069374084473,0.09567327052354813
NC_003070.9,1507917,1508023,JUNC_10475,1,+,GT,AG,0.99972314,0.9994925,0.3789280951023102,0.7461056709289551
NC_003070.9,1508433,1508528,JUNC_10476,1,+,GT,AG,0.03577569,0.058710895,0.08664615452289581,0.05620299279689789
NC_003070.9,1510792,1511302,JUNC_17575,1,+,GT,AG,0.9996903,0.99857485,0.05009278282523155,0.11666907370090485
NC_003070.9,1512668,1513071,JUNC_17325,1,+,GT,AG,0.6706826,0.33835703,0.007426713593304157,0.14077387750148773
NC_003070.9,1513218,1513299,JUNC_17326,1,+,GT,AG,0.05521665,0.054591965,0.9854106903076172,0.998174786567688
NC_003070.9,1513293,1513373,JUNC_9186,1,-,GT,AG,0.99998796,0.99999034,0.5788680911064148,0.011753036640584469
NC_003070.9,1513744,1513824,JUNC_6726,1,-,GT,AG,0.99993706,0.99975806,0.9505515694618225,0.019797148182988167
NC_003070.9,1513920,1513993,JUNC_6727,1,-,GT,AG,0.9999728,0.9999809,0.0040512350387871265,0.08492375910282135
NC_003070.9,1514265,1514349,JUNC_6728,1,-,GT,AG,0.004647147,0.0068293563,0.003149365773424506,0.0005951592465862632
NC_003070.9,1514524,1514589,JUNC_6729,1,-,GT,AG,0.1996739,0.06742796,0.08037606626749039,0.8668525218963623
NC_003070.9,1514790,1514861,JUNC_6730,1,-,GT,AG,0.999985,0.9999796,0.26431459188461304,0.6560587882995605
NC_003070.9,1514963,1515037,JUNC_6731,1,-,GT,AG,0.9999974,0.9999927,0.9667882323265076,0.012222293764352798
NC_003070.9,1515451,1515820,JUNC_6732,1,-,GT,AG,0.9999995,0.9999999,0.0007858612225390971,0.7022963762283325
NC_003070.9,1516009,1516586,JUNC_6733,1,-,GT,AG,0.99999964,0.99999976,0.3405032455921173,0.5466663837432861
NC_003070.9,1516704,1516782,JUNC_6734,1,-,GT,AG,0.99999416,0.99999154,0.2813817858695984,0.8985834121704102
NC_003070.9,1517057,1518180,JUNC_9187,1,-,GT,AG,0.751225,0.4921254,0.42177677154541016,0.025907374918460846
NC_003070.9,1518226,1518569,JUNC_9188,1,-,GT,AG,0.7269403,0.7056243,0.412506103515625,0.006967021618038416
NC_003070.9,1523777,1523845,JUNC_2675,1,+,TA,TT,0.6856722,0.8269033,0.000128511106595397,0.8417808413505554
NC_003070.9,1546337,1547082,JUNC_3886,1,-,GT,AG,0.9999999,0.99999976,0.14966446161270142,0.5667256712913513
NC_003070.9,1553759,1553893,JUNC_10668,1,+,GT,AG,0.9998673,0.99971044,0.5915946960449219,2.577543000370497e-06
NC_003070.9,1553759,1554812,JUNC_15851,1,+,GT,AG,0.99984163,0.9999045,0.9968816041946411,0.34485965967178345
NC_003070.9,1553949,1554812,JUNC_10669,1,+,GT,AG,0.98288935,0.95872885,0.9868561625480652,0.9910591244697571
NC_003070.9,1554900,1554990,JUNC_10670,1,+,GT,AG,0.9999876,0.99997354,0.8908047676086426,0.044973645359277725
NC_003070.9,1556586,1556657,JUNC_10671,1,+,GT,AG,1.0,1.0,0.09596840292215347,0.07120174169540405
NC_003070.9,1556867,1556944,JUNC_10672,1,+,GT,AG,1.0,1.0,0.8801149725914001,0.012733949348330498
NC_003070.9,1557079,1557175,JUNC_10673,1,+,GT,AG,1.0,1.0,0.9360069036483765,0.9567539095878601
NC_003070.9,1557328,1557424,JUNC_10674,1,+,GT,AG,0.9994578,0.998789,0.9368137717247009,0.9953765869140625
NC_003070.9,1577127,1577221,JUNC_16769,1,+,GT,AG,0.6332481,0.64416504,0.9916433095932007,0.09421292692422867
NC_003070.9,1577148,1577221,JUNC_17034,1,+,GT,AG,0.9960903,0.99631494,0.0048531885258853436,0.9946172833442688
NC_003070.9,1579195,1579313,JUNC_16770,1,+,GT,AG,0.99998975,0.99998224,0.8611745238304138,0.9608429670333862
NC_003070.9,1579440,1579533,JUNC_16771,1,+,GT,AG,0.9912327,0.9898572,0.9436841011047363,0.986872673034668
NC_003070.9,1579619,1580029,JUNC_16772,1,+,GT,AG,0.99795085,0.99494654,0.7697858810424805,0.7876489162445068
NC_003070.9,1580268,1580624,JUNC_16773,1,+,GT,AG,0.99998057,0.9999796,0.9707490801811218,0.7153443098068237
NC_003070.9,1580711,1581183,JUNC_16774,1,+,GT,AG,0.99999917,0.99999726,0.19400626420974731,0.5601162314414978
NC_003070.9,1581283,1581377,JUNC_16775,1,+,GT,AG,0.9999999,0.9999999,0.0016323887975886464,0.004876166582107544
NC_003070.9,1584152,1584313,JUNC_3295,1,+,GT,AG,0.9997751,0.9998105,0.05480596423149109,0.0004856579762417823
NC_003070.9,1584588,1584680,JUNC_3296,1,+,GT,AG,0.9997397,0.9992903,0.2034839242696762,0.01189496275037527
NC_003070.9,1585060,1585160,JUNC_3297,1,+,GT,AG,0.99999964,0.9999994,0.4187411665916443,0.9826703667640686
NC_003070.9,1594430,1594539,JUNC_16217,1,-,GT,AG,0.9999982,0.9999989,0.4802056550979614,0.28918126225471497
NC_003070.9,1594807,1594922,JUNC_16218,1,-,GT,AG,0.9999473,0.99994326,6.877476721456333e-07,1.1301308333599991e-08
NC_003070.9,1595043,1595132,JUNC_16219,1,-,GT,AG,0.99987304,0.99985075,0.004357714205980301,0.3334464132785797
NC_003070.9,1595186,1595320,JUNC_16220,1,-,GT,AG,0.99999285,0.99998367,0.028861520811915398,0.8814345002174377
NC_003070.9,1595426,1595674,JUNC_16221,1,-,GT,AG,0.9940627,0.9912913,0.9412135481834412,0.9902883768081665
NC_003070.9,1607537,1607639,JUNC_8118,1,-,GT,AG,0.99999845,0.9999943,0.7089219093322754,0.9934155941009521
NC_003070.9,1607781,1607870,JUNC_8119,1,-,GT,AG,0.9995993,0.9990693,0.9984006285667419,0.9984476566314697
NC_003070.9,1608780,1608867,JUNC_8120,1,-,GT,AG,0.9913981,0.98807085,0.6972594857215881,0.9781208634376526
NC_003070.9,1609016,1609098,JUNC_8121,1,-,GT,AG,0.9999981,0.9999976,0.9961069226264954,0.9736946225166321
NC_003070.9,1609207,1609315,JUNC_8122,1,-,GT,AG,0.9999993,0.9999981,0.3231106400489807,0.9568941593170166
NC_003070.9,1609509,1609601,JUNC_8123,1,-,GT,AG,0.9998869,0.9998716,0.9940296411514282,0.982658326625824
NC_003070.9,1610397,1610485,JUNC_8124,1,-,GT,AG,0.9778658,0.97216123,0.981669545173645,0.9938902854919434
NC_003070.9,1610590,1610673,JUNC_8125,1,-,GT,AG,0.9825219,0.944081,0.955048680305481,0.019933700561523438
NC_003070.9,1610761,1610853,JUNC_8126,1,-,GT,AG,0.98837936,0.94880885,0.9994065761566162,0.9772865176200867
NC_003070.9,1610925,1611073,JUNC_8127,1,-,GT,AG,0.9960378,0.9977616,0.9943503737449646,0.9930439591407776
NC_003070.9,1611161,1611261,JUNC_8128,1,-,GT,AG,0.9480679,0.9207201,0.9992944002151489,0.9781494736671448
NC_003070.9,1648128,1648226,JUNC_14026,1,-,GT,AG,0.6057439,0.7237597,0.9953873753547668,0.9831265807151794
NC_003070.9,1648412,1648498,JUNC_14027,1,-,GT,AG,0.99962926,0.99798536,0.920872688293457,0.9834149479866028
NC_003070.9,1648549,1648625,JUNC_14028,1,-,GT,AG,0.99983233,0.9994087,0.8552030324935913,0.9348414540290833
NC_003070.9,1649426,1649530,JUNC_14029,1,-,GT,AG,0.9996357,0.99938077,0.9335309267044067,0.9932171702384949
NC_003070.9,1649760,1649849,JUNC_14030,1,-,GC,AG,1.0,0.9999999,0.9993194341659546,0.816435694694519
NC_003070.9,1649962,1650043,JUNC_14031,1,-,GT,AG,0.9980563,0.99739385,0.9120001196861267,0.9238855242729187
NC_003070.9,1650127,1650215,JUNC_14032,1,-,GT,AG,0.73115313,0.5871984,0.8837949633598328,0.00021407569875009358
NC_003070.9,1650334,1650456,JUNC_14033,1,-,GT,AG,1.0,1.0,5.9139510995009914e-05,0.3683365285396576
NC_003070.9,1650576,1650727,JUNC_14034,1,-,GT,AG,1.0,1.0,0.4789738357067108,0.9617069363594055
NC_003070.9,1650887,1650981,JUNC_14035,1,-,GT,AG,0.9956891,0.9954808,0.9372765421867371,0.9779496788978577
NC_003070.9,1651171,1651255,JUNC_14036,1,-,GT,AG,0.99997115,0.9999763,0.9829486012458801,0.2760961651802063
NC_003070.9,1651324,1651436,JUNC_14037,1,-,GT,AG,0.9974628,0.99402624,0.006265928503125906,0.9952179789543152
NC_003070.9,1651562,1651647,JUNC_14038,1,-,GT,AG,0.71624446,0.32798338,0.9929861426353455,0.13430814445018768
NC_003070.9,1651757,1651832,JUNC_14039,1,-,GT,AG,0.93811214,0.9599852,0.6171594262123108,0.13883361220359802
NC_003070.9,1651984,1652113,JUNC_14040,1,-,GC,AG,0.99379647,0.99638015,0.18418504297733307,0.1287900060415268
NC_003070.9,1652243,1652326,JUNC_14041,1,-,GT,AG,0.8570848,0.7200129,0.008915023878216743,0.7692718505859375
NC_003070.9,1652424,1652513,JUNC_14042,1,-,GT,AG,0.99999356,0.99998736,0.27416980266571045,0.07061483711004257
NC_003070.9,1652637,1652718,JUNC_14043,1,-,GT,AG,0.999997,0.99999666,0.033748798072338104,0.6281032562255859
NC_003070.9,1652879,1652966,JUNC_14044,1,-,GT,AG,0.9999975,0.9999964,0.020962616428732872,0.6883420944213867
NC_003070.9,1653051,1653822,JUNC_14045,1,-,GT,AG,0.8722734,0.9791917,0.17563675343990326,0.0001698412816040218
NC_003070.9,1653917,1654018,JUNC_14046,1,-,GT,AG,0.99965394,0.9995999,0.11319368332624435,0.0024677403271198273
NC_003070.9,1654156,1654281,JUNC_14047,1,-,GT,AG,0.44807678,0.2951952,0.0662718117237091,0.39908966422080994
NC_003070.9,1654368,1654450,JUNC_14048,1,-,GT,AG,0.9998209,0.99972886,0.022090252488851547,0.1622132658958435
NC_003070.9,1654500,1654587,JUNC_14049,1,-,GT,AG,0.9023827,0.8933978,0.113408163189888,0.03943285346031189
NC_003070.9,1654669,1654831,JUNC_14050,1,-,GT,AG,0.7228442,0.810368,0.015123426914215088,1.921887269418221e-05
NC_003070.9,1654892,1654975,JUNC_14051,1,-,GT,AG,0.035510447,0.023005895,3.128711227873282e-07,5.2461739841191957e-08
NC_003070.9,1655028,1655119,JUNC_14052,1,-,GT,AG,0.9527678,0.96110964,0.15306326746940613,0.49696025252342224
NC_003070.9,1655457,1655630,JUNC_14053,1,-,GT,AG,0.9999999,0.9999999,0.9514592289924622,0.16416031122207642
NC_003070.9,1655748,1655829,JUNC_14054,1,-,GT,AG,0.99999774,0.99999833,0.9917499423027039,0.9919329285621643
NC_003070.9,1655949,1656200,JUNC_14055,1,-,GT,AG,0.99999976,0.9999994,0.8122652173042297,0.9276912212371826
NC_003070.9,1656294,1656390,JUNC_14056,1,-,GT,AG,0.9999496,0.9998971,0.04752815142273903,0.2981962263584137
NC_003070.9,1656467,1656554,JUNC_14057,1,-,GT,AG,0.99991,0.9998333,0.0005044616991654038,2.7643656721920706e-05
NC_003070.9,1656692,1656794,JUNC_14058,1,-,GT,AG,0.99339706,0.99335563,0.01168260257691145,0.00020181787840556353
NC_003070.9,1656921,1657066,JUNC_14059,1,-,GT,AG,0.9999498,0.99996626,0.05513056740164757,0.6877942085266113
NC_003070.9,1657158,1657262,JUNC_14060,1,-,GT,AG,0.9999994,0.9999988,0.004234780557453632,3.0055391107453033e-05
NC_003070.9,1657355,1657439,JUNC_14061,1,-,GT,AG,0.9994228,0.9995121,0.00015725997218396515,0.007899196818470955
NC_003070.9,1657556,1657640,JUNC_14062,1,-,GT,AG,0.9994904,0.9988969,0.004715765826404095,0.0042353468015789986
NC_003070.9,1657751,1657887,JUNC_14063,1,-,GT,AG,0.9999976,0.99999666,0.00733503233641386,0.9683858752250671
NC_003070.9,1657981,1658083,JUNC_14064,1,-,GT,AG,0.9999969,0.999995,0.9914315938949585,0.9983406066894531
NC_003070.9,1658205,1658298,JUNC_14065,1,-,GT,AG,0.99999833,0.9999981,0.99652099609375,0.9560964703559875
NC_003070.9,1658399,1658490,JUNC_14066,1,-,GT,AG,0.9934285,0.9939797,0.9729634523391724,7.390324753941968e-05
NC_003070.9,1666943,1667236,JUNC_10255,1,-,GT,AG,1.0,1.0,0.001006344216875732,0.9818331599235535
NC_003070.9,1667778,1667998,JUNC_10256,1,-,GT,AG,0.9971668,0.9973417,0.5843591690063477,0.00516436155885458
NC_003070.9,1668455,1668535,JUNC_18135,1,-,GT,AG,0.0031511297,0.0007718648,0.09106642007827759,0.004760492593050003
NC_003070.9,1668455,1668539,JUNC_10257,1,-,GT,AG,0.9615289,0.9735334,0.9979711174964905,0.9828181266784668
NC_003070.9,1669527,1669850,JUNC_14674,1,+,GT,AG,0.8384491,0.6519284,0.9984182119369507,0.9976438879966736
NC_003070.9,1670660,1670733,JUNC_14675,1,+,GT,AG,0.9956968,0.99518895,0.9975572824478149,0.9947144389152527
NC_003070.9,1674011,1674103,JUNC_5481,1,-,GT,AG,0.9997305,0.9976373,8.949778020905796e-06,0.007358022965490818
NC_003070.9,1674229,1674323,JUNC_5482,1,-,GT,AG,0.9999989,0.9999939,0.020582199096679688,0.7715822458267212
NC_003070.9,1674422,1674516,JUNC_5483,1,-,GT,AG,0.99397004,0.99607724,0.9772581458091736,0.935341477394104
NC_003070.9,1674634,1674713,JUNC_5484,1,-,GT,AG,0.99999917,0.9999995,0.05128839984536171,0.9724206328392029
NC_003070.9,1674817,1674889,JUNC_5485,1,-,GT,AG,0.99992037,0.9998709,0.049254514276981354,0.377980500459671
NC_003070.9,1675063,1675131,JUNC_5486,1,-,GT,AG,0.951143,0.9724612,0.32608911395072937,0.061730626970529556
NC_003070.9,1675392,1675484,JUNC_5487,1,-,GT,AG,0.13019675,0.05717188,0.00461731618270278,0.2733460068702698
NC_003070.9,1683299,1683388,JUNC_9227,1,+,GT,AG,0.99939656,0.9983444,0.9715237021446228,0.002480166032910347
NC_003070.9,1683641,1683733,JUNC_9228,1,+,GT,AG,0.9995024,0.99846923,0.21784484386444092,0.251277893781662
NC_003070.9,1684541,1684644,JUNC_9229,1,+,GT,AG,0.9973943,0.9987562,0.9942651391029358,0.23212754726409912
NC_003070.9,1684769,1684902,JUNC_9230,1,+,GT,AG,0.999998,0.999998,0.00037060020258650184,0.000750019564293325
NC_003070.9,1684987,1685318,JUNC_9231,1,+,GT,AG,0.9999999,0.9999999,0.639812707901001,0.05037941783666611
NC_003070.9,1685484,1685586,JUNC_9232,1,+,GT,AG,0.93092406,0.8634026,0.0077784438617527485,0.07023616880178452
NC_003070.9,1685627,1685713,JUNC_9233,1,+,GT,AG,0.9998791,0.99967647,0.013652002438902855,0.0073480973951518536
NC_003070.9,1685981,1686126,JUNC_9234,1,+,GT,AG,0.9961874,0.9969656,0.5914356708526611,0.94834303855896
NC_003070.9,1686250,1686347,JUNC_9235,1,+,GT,AG,0.9999496,0.99997866,0.9561630487442017,0.8366622924804688
NC_003070.9,1686708,1686790,JUNC_9236,1,+,GT,AG,0.99999976,0.9999999,0.21639829874038696,0.8504799008369446
NC_003070.9,1697832,1697938,JUNC_10702,1,-,GT,AG,0.999808,0.99950874,0.0171817597001791,0.14963872730731964
NC_003070.9,1698029,1698135,JUNC_10703,1,-,GT,AG,0.99993753,0.999913,0.04411819204688072,0.017427915707230568
NC_003070.9,1701929,1702070,JUNC_14889,1,-,GT,AG,0.9999937,0.9999927,0.11877939850091934,0.13525477051734924
NC_003070.9,1709883,1709982,JUNC_13243,1,+,GT,AG,0.99649197,0.99640995,0.8854517936706543,0.7393456697463989
NC_003070.9,1710520,1710646,JUNC_13244,1,+,GT,AG,0.99343324,0.9915798,0.013210242614150047,0.11154597997665405
NC_003070.9,1711122,1711201,JUNC_13245,1,+,GT,AG,0.9846911,0.9812422,0.6738047003746033,0.9925803542137146
NC_003070.9,1711340,1711428,JUNC_13246,1,+,GT,AG,0.5338511,0.45509326,0.013517066836357117,0.7130708694458008
NC_003070.9,1711500,1711595,JUNC_13247,1,+,GT,AG,0.998745,0.99922764,0.00044000992784276605,0.0020963556598871946
NC_003070.9,1711667,1711738,JUNC_13248,1,+,GT,AG,0.85625327,0.83209544,0.026087284088134766,0.03264439478516579
NC_003070.9,1711977,1712070,JUNC_17834,1,+,GT,AG,0.8020978,0.65552956,0.6549820303916931,0.08953741192817688
NC_003070.9,1712285,1712361,JUNC_13249,1,+,GT,AG,0.9999832,0.99998903,0.8936120271682739,0.2837165594100952
NC_003070.9,1712551,1712637,JUNC_13250,1,+,GT,AG,0.015577453,0.040966917,0.03599550947546959,0.3869250416755676
NC_003070.9,1712827,1712905,JUNC_13251,1,+,GT,AG,0.9659761,0.9874254,0.9751840233802795,0.7030097246170044
NC_003070.9,1715384,1716211,JUNC_9970,1,+,GT,AG,0.991441,0.9780107,0.7480021119117737,0.9588903784751892
NC_003070.9,1716102,1716195,JUNC_2594,1,+,GT,AG,0.95988,0.9471512,0.5166375041007996,0.00014872719475533813
NC_003070.9,1716308,1716418,JUNC_1719,1,+,GT,AG,0.25376418,0.44701758,0.1115880236029625,0.8429144024848938
NC_003070.9,1716484,1716558,JUNC_1720,1,+,GT,AG,0.9392515,0.959377,0.001013481174595654,0.011402291245758533
NC_003070.9,1716624,1716690,JUNC_1721,1,+,GT,AG,0.9999317,0.99992096,0.15740953385829926,0.0015152881387621164
NC_003070.9,1716735,1716861,JUNC_1722,1,+,GT,AG,0.9932197,0.9884636,0.07763417065143585,0.9755862951278687
NC_003070.9,1720802,1720922,JUNC_16407,1,+,GT,AG,0.99971306,0.9997607,0.9595343470573425,0.9297343492507935
NC_003070.9,1721093,1721171,JUNC_16408,1,+,GT,AG,0.99999416,0.99999285,0.8205109238624573,0.9657542705535889
NC_003070.9,1724114,1724233,JUNC_18185,1,-,GT,AG,0.99998784,0.9999801,0.008536778390407562,0.07796908169984818
NC_003070.9,1725882,1726031,JUNC_15778,1,-,GT,AG,0.9999045,0.9995691,0.8773564696311951,0.005901762284338474
NC_003070.9,1726857,1727956,JUNC_10242,1,+,GT,AG,0.99941134,0.9992021,0.9810232520103455,8.335603524756152e-06
NC_003070.9,1730332,1730921,JUNC_10458,1,+,GT,AG,0.10821062,0.1906204,0.059635061770677567,0.010183803737163544
NC_003070.9,1730332,1730958,JUNC_5371,1,+,GT,AG,0.9994004,0.99624985,0.8952111005783081,0.7435389757156372
NC_003070.9,1731008,1731293,JUNC_5372,1,+,GT,AG,0.99060714,0.98275787,0.8492401242256165,0.00013553680037148297
NC_003070.9,1731385,1731466,JUNC_5373,1,+,GT,AG,0.0016248205,0.001703056,0.899836540222168,0.0012166614178568125
NC_003070.9,1731547,1731630,JUNC_5374,1,+,GT,AG,0.9999771,0.99993,0.05458212271332741,0.5682235956192017
NC_003070.9,1731728,1732013,JUNC_5375,1,+,GT,AG,0.9999969,0.9999993,0.013483940623700619,0.11411391943693161
NC_003070.9,1732089,1732373,JUNC_5376,1,+,GT,AG,0.98684454,0.98046136,0.8013830780982971,0.021774040535092354
NC_003070.9,1748776,1749027,JUNC_13983,1,+,GT,AG,1.0,1.0,0.01739228516817093,0.8356596231460571
NC_003070.9,1749913,1750361,JUNC_14997,1,+,GT,AG,0.99510694,0.99555475,0.010012011975049973,0.032559219747781754
NC_003070.9,1750520,1750627,JUNC_14998,1,+,GT,AG,0.9988242,0.9966241,0.029787076637148857,1.0897714673774317e-05
NC_003070.9,1750739,1750855,JUNC_2556,1,+,GT,AG,0.99999535,0.999998,0.9795892834663391,0.9715284705162048
NC_003070.9,1750975,1751114,JUNC_2557,1,+,GT,AG,0.9999862,0.99997973,0.9985166192054749,0.9751276969909668
NC_003070.9,1751272,1751526,JUNC_2558,1,+,GT,AG,0.9976671,0.994265,0.9888449311256409,0.9785661697387695
NC_003070.9,1751706,1751930,JUNC_2559,1,+,GT,AG,0.53069305,0.5339183,0.9953662157058716,2.33000628213631e-05
NC_003070.9,1751965,1752073,JUNC_2560,1,+,GT,AG,0.776548,0.8062561,0.6354044079780579,0.0012052466627210379
NC_003070.9,1752230,1752502,JUNC_2561,1,+,GT,AG,0.9903874,0.9773935,0.016071487218141556,0.005102803464978933
NC_003070.9,1752556,1752637,JUNC_2562,1,+,GT,AG,0.42567757,0.45703942,0.0003462750755716115,0.006719731725752354
NC_003070.9,1752730,1753097,JUNC_2563,1,+,GT,AG,0.9589443,0.960874,0.9779160618782043,2.6753381462185644e-05
NC_003070.9,1753240,1753392,JUNC_2564,1,+,GT,AG,0.10815761,0.15891229,0.037469055503606796,0.03479694202542305
NC_003070.9,1753547,1753660,JUNC_2565,1,+,GT,AG,0.008073575,0.0032499705,0.6698222756385803,0.06053118407726288
NC_003070.9,1755077,1755261,JUNC_6101,1,+,GT,AG,0.9991781,0.99958557,0.08366741240024567,0.8485109210014343
NC_003070.9,1755313,1755407,JUNC_6102,1,+,GT,AG,0.99959975,0.99954677,0.17780554294586182,0.9729359745979309
NC_003070.9,1755482,1755562,JUNC_6103,1,+,GT,AG,1.0,0.99999976,0.6835195422172546,0.790761411190033
NC_003070.9,1755782,1756067,JUNC_6104,1,+,GT,AG,1.0,1.0,0.11489887535572052,0.024177245795726776
NC_003070.9,1756194,1756310,JUNC_6105,1,+,GT,AG,0.9999831,0.99996674,0.001529233530163765,0.0015776039799675345
NC_003070.9,1756415,1756561,JUNC_6106,1,+,GC,AG,0.9443468,0.9599212,0.2890702188014984,0.016922397539019585
NC_003070.9,1756767,1756864,JUNC_6107,1,+,GT,AG,0.9999809,0.99997747,0.9897128343582153,0.954541802406311
NC_003070.9,1756957,1757046,JUNC_6108,1,+,GT,AG,0.99999714,0.9999949,6.762659268133575e-06,0.39851856231689453
NC_003070.9,1757144,1757226,JUNC_6109,1,+,GT,AG,0.9986211,0.9928012,0.9975019097328186,6.02651510916985e-08
NC_003070.9,1757388,1757733,JUNC_6110,1,+,GT,AG,0.9999933,0.9999925,0.003716273233294487,0.9630138874053955
NC_003070.9,1757877,1757973,JUNC_6111,1,+,GT,AG,0.93924433,0.8861281,0.0320722833275795,5.6444507208652794e-05
NC_003070.9,1758021,1758145,JUNC_6112,1,+,GT,AG,0.9930085,0.99241525,0.8984209895133972,9.26134453038685e-05
NC_003070.9,1758263,1758340,JUNC_6113,1,+,GT,AG,0.9979863,0.9960534,8.457383955828846e-06,1.5736301293145516e-06
NC_003070.9,1758406,1758522,JUNC_6114,1,+,GT,AG,0.94492453,0.9561112,0.8577103614807129,0.9946821331977844
NC_003070.9,1758584,1758736,JUNC_6115,1,+,GT,AG,0.99947315,0.9993673,0.894636869430542,0.7589722275733948
NC_003070.9,1758793,1758923,JUNC_6116,1,+,GT,AG,0.9993834,0.9982799,0.11386741697788239,0.8700461387634277
NC_003070.9,1758992,1759114,JUNC_6117,1,+,GT,AG,0.9389918,0.8818246,0.09288543462753296,0.00015294492186512798
NC_003070.9,1759310,1759617,JUNC_6118,1,+,GT,AG,0.99999785,0.9999982,0.1121617928147316,0.0016488616820424795
NC_003070.9,1759863,1760190,JUNC_6119,1,+,GT,AG,0.99999964,0.99999964,0.07422301918268204,0.04140369966626167
NC_003070.9,1760252,1760334,JUNC_6120,1,+,GT,AG,0.9999033,0.9999281,2.2717389583704062e-05,0.10553322732448578
NC_003070.9,1760412,1760716,JUNC_6121,1,+,GT,AG,0.9990852,0.9970218,0.502077043056488,0.9771627187728882
NC_003070.9,1760812,1760901,JUNC_6122,1,+,GT,AG,0.9953923,0.9982078,0.42734843492507935,0.8511932492256165
NC_003070.9,1761005,1761083,JUNC_6123,1,+,GT,AG,0.9998248,0.99986947,0.114495187997818,0.00015484660980291665
NC_003070.9,1761228,1761300,JUNC_14582,1,+,GT,AG,0.1724155,0.35433054,0.17862951755523682,0.24126172065734863
NC_003070.9,1761381,1761554,JUNC_6125,1,+,GT,AG,0.21324357,0.1164339,0.7421358227729797,0.00574138667434454
NC_003070.9,1771717,1771891,JUNC_9464,1,-,GT,AG,0.743216,0.29336825,0.09189245104789734,0.5518619418144226
NC_003070.9,1771757,1771891,JUNC_10170,1,-,GT,AG,0.003469877,0.00517261,0.0010080720530822873,0.018235445022583008
NC_003070.9,1771954,1772096,JUNC_9465,1,-,GT,AG,9.620024e-05,9.764915e-05,0.18183985352516174,0.0029438985511660576
NC_003070.9,1772533,1772738,JUNC_8129,1,-,GT,AG,0.99777764,0.9979639,0.994924783706665,0.00700891949236393
NC_003070.9,1775887,1775984,JUNC_8432,1,+,GT,AG,0.99844474,0.99925655,0.919837474822998,0.13468456268310547
NC_003070.9,1776084,1776184,JUNC_8433,1,+,GT,AG,0.995522,0.9980442,0.9962059259414673,0.9591543078422546
NC_003070.9,1776275,1776356,JUNC_8434,1,+,GT,AG,0.99993217,0.9999331,0.959434449672699,0.7877370119094849
NC_003070.9,1776553,1776665,JUNC_10344,1,+,GT,AG,0.18948705,0.14758348,0.9475061297416687,0.9941186904907227
NC_003070.9,1776553,1776686,JUNC_8435,1,+,GT,AG,0.011823842,0.032296326,0.9832419157028198,0.9985597729682922
NC_003070.9,1776770,1776844,JUNC_8436,1,+,GT,AG,0.8425958,0.78421074,0.4493532180786133,0.42092999815940857
NC_003070.9,1776894,1776987,JUNC_8437,1,+,GT,AG,0.9881606,0.9870718,0.680816113948822,0.2871929407119751
NC_003070.9,1777095,1777194,JUNC_8438,1,+,GT,AG,0.9923618,0.9896869,0.7823292016983032,0.3158169984817505
NC_003070.9,1777273,1777357,JUNC_8439,1,+,GT,AG,0.9999764,0.9999176,0.030269788578152657,0.07145971059799194
NC_003070.9,1777438,1777524,JUNC_8440,1,+,GT,AG,0.9677604,0.976009,0.19769610464572906,0.014192821457982063
NC_003070.9,1777569,1777652,JUNC_8441,1,+,GT,AG,0.9999907,0.99998665,0.000829641125164926,7.894274313002825e-05
NC_003070.9,1777724,1777823,JUNC_8442,1,+,GT,AG,0.99924827,0.9990362,0.06674959510564804,3.7351666833274066e-05
NC_003070.9,1777923,1777999,JUNC_8443,1,+,GT,AG,0.99987173,0.9998006,0.0007517668418586254,0.0018315271008759737
NC_003070.9,1778126,1778227,JUNC_8444,1,+,GT,AG,0.99999917,0.9999994,7.247376032637476e-09,1.5672202424710235e-10
NC_003070.9,1801502,1801578,JUNC_13872,1,-,GT,AG,0.036562547,0.0648694,0.9728155732154846,0.9357395768165588
NC_003070.9,1801674,1802023,JUNC_13873,1,-,GT,AG,0.20986903,0.2167387,0.00041201914427801967,0.0010235283989459276
NC_003070.9,1802260,1802356,JUNC_13874,1,-,GT,AG,0.98194665,0.9937792,0.9871895909309387,0.9727870225906372
NC_003070.9,1802533,1802645,JUNC_13875,1,-,GT,AG,0.9867621,0.9865382,0.9651139974594116,6.7761275204247795e-06
NC_003070.9,1802870,1802941,JUNC_13876,1,-,GT,AG,0.99977404,0.9998517,0.0034609735012054443,0.00013910818961448967
NC_003070.9,1803118,1803197,JUNC_13877,1,-,GT,AG,0.99999714,0.99999785,0.9982436895370483,0.9862896800041199
NC_003070.9,1803607,1803692,JUNC_17450,1,-,GT,AG,0.9568172,0.9712379,0.9876876473426819,0.0028524918016046286
NC_003070.9,1804882,1804951,JUNC_13454,1,-,GT,AG,0.93196785,0.8949601,0.9785276055335999,0.9597122669219971
NC_003070.9,1805106,1805186,JUNC_3599,1,-,GT,AG,0.99476284,0.99636036,0.7749037146568298,0.861117422580719
NC_003070.9,1805253,1805368,JUNC_3600,1,-,GT,AG,0.99999523,0.9999914,0.8988368511199951,0.5726945996284485
NC_003070.9,1805584,1805666,JUNC_3601,1,-,GT,AG,0.9962185,0.99370956,0.8325967788696289,0.9816049933433533
NC_003070.9,1805879,1805963,JUNC_3602,1,-,GT,AG,1.0,1.0,0.0014834448229521513,0.00010657112579792738
NC_003070.9,1806117,1806232,JUNC_3603,1,-,GT,AG,0.9999963,0.9999949,0.03792576491832733,0.02017705701291561
NC_003070.9,1806343,1806537,JUNC_3604,1,-,GT,AG,0.9999999,0.9999999,0.045018721371889114,0.27250292897224426
NC_003070.9,1806685,1806762,JUNC_3605,1,-,GT,AG,0.9999969,0.999992,0.00045692099956795573,0.008288981392979622
NC_003070.9,1807198,1807306,JUNC_3606,1,-,GT,AG,1.0,0.99999976,0.011743397451937199,0.012144018895924091
NC_003070.9,1808636,1808735,JUNC_9373,1,-,GT,AG,0.9999503,0.99981374,0.434751957654953,0.0018088783835992217
NC_003070.9,1808936,1809018,JUNC_9374,1,-,GT,AG,1.0,0.9999999,0.026001613587141037,0.7832584381103516
NC_003070.9,1809153,1809221,JUNC_9375,1,-,GT,AG,0.999081,0.99936634,0.9765968918800354,0.07789693027734756
NC_003070.9,1809362,1809505,JUNC_9376,1,-,GT,AG,0.9999945,0.99998856,0.02269521914422512,0.013171326369047165
NC_003070.9,1809700,1809812,JUNC_9377,1,-,GT,AG,0.9999293,0.9998696,0.0016727240290492773,0.1651659607887268
NC_003070.9,1809940,1810505,JUNC_9378,1,-,GT,AG,0.9996307,0.99974984,0.13597044348716736,0.09825389832258224
NC_003070.9,1810581,1810871,JUNC_9379,1,-,GT,AG,0.9135132,0.9080931,0.042423050850629807,0.00010324853064958006
NC_003070.9,1811021,1811162,JUNC_9380,1,-,GT,AG,0.9999871,0.9999759,0.021946527063846588,0.0031232070177793503
NC_003070.9,1811516,1811607,JUNC_9381,1,-,GT,AG,0.9999968,0.9999976,8.717293530935422e-05,5.6091375881806016e-05
NC_003070.9,1811757,1812449,JUNC_9382,1,-,GT,AG,0.99999964,0.9999993,9.815119847189635e-05,6.47912675049156e-05
NC_003070.9,1812739,1812832,JUNC_9383,1,-,GT,AG,0.1522375,0.084885545,0.06782181560993195,0.004506847821176052
NC_003070.9,1813029,1813133,JUNC_9384,1,-,GT,AG,0.9999958,0.99997807,0.01294748019427061,0.029916808009147644
NC_003070.9,1813288,1813385,JUNC_9385,1,-,GT,AG,0.99954116,0.99820673,0.1607394963502884,0.926195502281189
NC_003070.9,1813433,1813926,JUNC_9386,1,-,GT,AG,0.46612483,0.4323322,0.5024296045303345,0.40327197313308716
NC_003070.9,1814055,1814143,JUNC_9387,1,-,GT,AG,0.9999968,0.9999958,0.3043677508831024,0.4416990280151367
NC_003070.9,1814258,1814446,JUNC_9388,1,-,GT,AG,0.9999994,0.99999774,0.14833301305770874,0.012571216560900211
NC_003070.9,1814562,1814658,JUNC_9389,1,-,GT,AG,0.9950583,0.992892,0.9921220541000366,0.0013039556797593832
NC_003070.9,1814733,1814925,JUNC_9390,1,-,GT,AG,0.97918224,0.95804715,0.9968335032463074,0.9970182180404663
NC_003070.9,1815085,1815173,JUNC_9391,1,-,GT,AG,8.989071e-05,2.2915983e-05,0.6448865532875061,0.9951777458190918
NC_003070.9,1815242,1815325,JUNC_15655,1,-,GT,AG,2.134697e-06,5.0131575e-07,0.9198011755943298,0.2604173421859741
NC_003070.9,1824949,1825313,JUNC_3397,1,+,GT,AG,0.9999999,0.99999964,0.9876819252967834,0.674152672290802
NC_003070.9,1825646,1825724,JUNC_3398,1,+,GT,AG,0.72247785,0.72073793,0.9932993650436401,0.8183557391166687
NC_003070.9,1825841,1825915,JUNC_3399,1,+,GT,AG,0.9999976,0.9999969,0.9966312050819397,0.09365246444940567
NC_003070.9,1833097,1833419,JUNC_1551,1,+,GT,AG,1.0,1.0,0.07380112260580063,0.9784547686576843
NC_003070.9,1833561,1833654,JUNC_1552,1,+,GT,AG,0.9999999,0.99999976,0.9903169870376587,0.0002941619313787669
NC_003070.9,1833802,1833885,JUNC_1553,1,+,GT,AG,0.87994564,0.9075134,0.5359971523284912,0.000796788721345365
NC_003070.9,1833961,1834068,JUNC_1554,1,+,GT,AG,0.9999995,0.9999995,0.6162714958190918,0.4172436594963074
NC_003070.9,1834180,1834274,JUNC_1555,1,+,GT,AG,0.9903756,0.9918466,0.43937766551971436,0.3366623520851135
NC_003070.9,1835607,1835944,JUNC_14705,1,-,GT,AG,0.999931,0.9998555,0.0007636398659087718,1.5689211068092845e-05
NC_003070.9,1836029,1836113,JUNC_14706,1,-,GT,AG,0.99167633,0.9476967,0.7274231910705566,0.287824809551239
NC_003070.9,1836246,1836469,JUNC_14707,1,-,GT,AG,0.99947137,0.9997559,0.4839976131916046,0.963331937789917
NC_003070.9,1837144,1837427,JUNC_14708,1,-,GT,AG,0.40600237,0.4649737,0.9991433620452881,0.705354630947113
NC_003070.9,1848232,1848315,JUNC_4951,1,+,GT,AG,0.9996194,0.99968183,0.025359908118844032,0.9979604482650757
NC_003070.9,1848456,1848588,JUNC_4952,1,+,GT,AG,0.8122222,0.66287977,0.9527150988578796,0.0026205808389931917
NC_003070.9,1848729,1849108,JUNC_4953,1,+,GT,AG,0.011710962,0.0060887416,0.012242607772350311,0.01606939360499382
NC_003070.9,1849215,1849301,JUNC_4954,1,+,GT,AG,0.17692319,0.07299525,0.004015154670923948,0.29110899567604065
NC_003070.9,1885268,1885340,JUNC_13980,1,-,GT,AG,0.085289985,0.050574325,0.7397702932357788,0.9619400501251221
NC_003070.9,1885748,1885832,JUNC_13981,1,-,GT,AG,0.9999989,0.9999994,0.9825301766395569,0.9944905042648315
NC_003070.9,1886582,1886786,JUNC_13982,1,-,GT,AG,0.99999535,0.99999046,5.2170955314068124e-05,0.00043373959488235414
NC_003070.9,1889642,1889796,JUNC_3759,1,+,GT,AG,0.9996136,0.99955434,0.12523701786994934,0.0023627695627510548
NC_003070.9,1889926,1890611,JUNC_3760,1,+,GT,AG,0.9999411,0.99990535,0.05591912567615509,0.18035416305065155
NC_003070.9,1893626,1893738,JUNC_4594,1,-,GT,AG,0.9732228,0.95783335,0.9827362298965454,0.7247322201728821
NC_003070.9,1900107,1900296,JUNC_18140,1,+,GT,AG,0.55011886,0.668879,0.9998774528503418,0.9970118999481201
NC_003070.9,1900429,1900511,JUNC_18141,1,+,GT,AG,0.57967204,0.69899464,0.1275399625301361,0.9465283155441284
NC_003070.9,1901264,1901350,JUNC_121,1,+,GT,AG,1.0,1.0,0.006554368417710066,0.7172266840934753
NC_003070.9,1901419,1901523,JUNC_122,1,+,GT,AG,0.9999999,0.99999976,0.21196623146533966,0.3393596410751343
NC_003070.9,1902717,1902828,JUNC_123,1,+,GT,AG,0.9999999,0.99999976,0.010748709551990032,0.0010462808422744274
NC_003070.9,1902927,1903040,JUNC_124,1,+,GT,AG,0.9999976,0.9999974,9.720510973920682e-08,9.236202203055655e-08
NC_003070.9,1903199,1903315,JUNC_125,1,+,GT,AG,1.0,0.99999964,0.005251475144177675,0.007534532342106104
NC_003070.9,1903401,1903485,JUNC_126,1,+,GT,AG,1.0,1.0,0.9947564601898193,0.04566825181245804
NC_003070.9,1903684,1903762,JUNC_127,1,+,GT,AG,0.9999999,0.9999999,9.243751264875755e-05,0.9931955337524414
NC_003070.9,1903873,1903964,JUNC_128,1,+,GT,AG,0.9999976,0.9999944,0.002346595749258995,0.00015180390619207174
NC_003070.9,1904171,1904484,JUNC_129,1,+,GT,AG,0.99999857,0.9999931,0.99666827917099,0.01934586651623249
NC_003070.9,1909722,1909806,JUNC_8136,1,+,GT,AG,0.99999857,0.9999976,0.06609801203012466,0.9900582432746887
NC_003070.9,1909855,1909934,JUNC_8137,1,+,GT,AG,0.99401623,0.99369603,0.009375541470944881,0.03167538717389107
NC_003070.9,1910042,1910136,JUNC_8138,1,+,GT,AG,0.9638584,0.96583754,0.214969202876091,0.0002769891871139407
NC_003070.9,1910227,1910430,JUNC_8139,1,+,GT,AG,0.9979857,0.99844295,0.05833370238542557,0.02973213605582714
NC_003070.9,1915863,1915955,JUNC_2709,1,-,GT,AG,0.9980186,0.9949549,0.2480185478925705,0.0026449935976415873
NC_003070.9,1916154,1916291,JUNC_2710,1,-,GT,AG,0.99999535,0.9999944,0.06606399267911911,2.703389327507466e-05
NC_003070.9,1916361,1916475,JUNC_2711,1,-,GT,AG,0.99985766,0.9999144,0.0001953014434548095,0.20808635652065277
NC_003070.9,1917028,1917114,JUNC_2712,1,-,GT,AG,0.95026493,0.9586929,0.3597007095813751,0.8633564710617065
NC_003070.9,1917221,1917301,JUNC_2713,1,-,GT,AG,0.1873794,0.3356407,0.9592992067337036,0.1548270732164383
NC_003070.9,1927271,1927359,JUNC_16222,1,+,GT,AG,0.12685831,0.24454327,0.8158072233200073,0.8817813396453857
NC_003070.9,1927477,1927554,JUNC_16223,1,+,GT,AG,0.9999995,0.9999981,0.6258078813552856,0.7786480188369751
NC_003070.9,1927662,1927736,JUNC_16224,1,+,GT,AG,0.9999851,0.99997544,0.9992951154708862,0.9964566826820374
NC_003070.9,1927909,1927994,JUNC_16225,1,+,GT,AG,0.9998555,0.9994411,0.9985688924789429,0.9915157556533813
NC_003070.9,1928094,1928177,JUNC_16226,1,+,GT,AG,0.99994767,0.9999728,0.9887224435806274,0.9842738509178162
NC_003070.9,1928252,1928362,JUNC_16227,1,+,GT,AG,0.99999714,0.9999924,0.9748908281326294,0.01861531101167202
NC_003070.9,1928493,1928734,JUNC_16228,1,+,GT,AG,0.9999993,0.9999976,0.09156856685876846,0.8760669231414795
NC_003070.9,1928870,1928958,JUNC_16229,1,+,GT,AG,1.0,1.0,0.24971148371696472,0.0021963429171591997
NC_003070.9,1929078,1929161,JUNC_16230,1,+,GT,AG,0.9999554,0.9998938,0.16923533380031586,0.19693106412887573
NC_003070.9,1929308,1929391,JUNC_16231,1,+,GT,AG,0.99790776,0.99946386,0.6463518142700195,0.7873817682266235
NC_003070.9,1929496,1929580,JUNC_16232,1,+,GT,AG,0.9988617,0.99883395,0.9646354913711548,0.9933746457099915
NC_003070.9,1929682,1929984,JUNC_16233,1,+,GT,AG,1.0,0.9999999,0.99793541431427,0.273934006690979
NC_003070.9,1939371,1939463,JUNC_10089,1,-,GT,AG,0.02936752,0.009268191,0.15272210538387299,0.9962856769561768
NC_003070.9,1939570,1939657,JUNC_10090,1,-,GT,AG,0.9747668,0.9616611,0.9996217489242554,0.9980159997940063
NC_003070.9,1939798,1939873,JUNC_10091,1,-,GT,AG,0.9956103,0.9592704,0.0022622225806117058,0.07363110780715942
NC_003070.9,1940014,1940105,JUNC_10092,1,-,GT,AG,0.96695685,0.93767035,0.1642812043428421,3.436230690567754e-05
NC_003070.9,1954897,1955355,JUNC_14212,1,+,GT,AG,0.99970484,0.999836,0.006391532253473997,0.004468037746846676
NC_003070.9,1957382,1957476,JUNC_14213,1,+,GT,AG,0.999874,0.9996784,0.019387979060411453,0.893694281578064
NC_003070.9,1957750,1957841,JUNC_14214,1,+,GT,AG,0.9999987,0.9999927,0.04511284455657005,0.05105230584740639
NC_003070.9,1958176,1958282,JUNC_17191,1,+,GT,AG,0.027413247,0.066363215,0.02953300252556801,0.0630631372332573
NC_003070.9,1959032,1959101,JUNC_14198,1,+,GT,AG,5.6414258e-08,6.4045544e-08,0.011502362787723541,0.0014773810980841517
NC_003070.9,1960564,1960654,JUNC_14244,1,-,GT,AG,0.9999994,0.99999845,0.958306610584259,0.0006949442904442549
NC_003070.9,1960895,1960969,JUNC_14245,1,-,GT,AG,0.99999857,0.9999865,0.1028706505894661,0.05891487002372742
NC_003070.9,1961283,1961373,JUNC_14246,1,-,GT,AG,0.99999917,0.99999845,0.9991600513458252,0.9687733054161072
NC_003070.9,1967344,1967602,JUNC_18325,1,-,GT,AG,0.99993825,0.9999443,0.9870311617851257,0.982115626335144
NC_003070.9,1967767,1967863,JUNC_18326,1,-,GT,AG,0.9924682,0.99483925,0.5562278628349304,0.9981803894042969
NC_003070.9,1967978,1968225,JUNC_18327,1,-,GT,AG,0.9603125,0.98973083,0.06709467619657516,2.4500488507328555e-05
NC_003070.9,1968421,1968511,JUNC_18328,1,-,GT,AG,0.9999974,0.99999523,5.1009269554924686e-06,0.282099187374115
NC_003070.9,1968628,1968783,JUNC_18329,1,-,GT,AG,0.9862476,0.9940441,0.7239595055580139,0.7852015495300293
NC_003070.9,1968906,1969309,JUNC_18330,1,-,GT,AG,0.96997327,0.9728501,0.9208803772926331,0.762283980846405
NC_003070.9,1969879,1970423,JUNC_3435,1,+,GT,AG,0.14646076,0.38949543,0.929253876209259,0.8602912425994873
NC_003070.9,1970997,1971082,JUNC_3436,1,+,GT,AG,0.9827193,0.9922627,0.19152913987636566,0.11242832243442535
NC_003070.9,1971252,1971477,JUNC_3437,1,+,GT,AG,0.9979499,0.99813396,6.060630539650447e-07,0.004183617886155844
NC_003070.9,1971563,1971671,JUNC_3438,1,+,GT,AG,0.9914416,0.99183184,8.404578693443909e-05,0.04863318055868149
NC_003070.9,1971721,1971822,JUNC_3439,1,+,GT,AG,0.8425545,0.79239446,0.038195688277482986,0.36669600009918213
NC_003070.9,1971890,1972030,JUNC_3440,1,+,GT,AG,0.99969494,0.9997774,0.0001953014434548095,0.20808635652065277
NC_003070.9,1972131,1972266,JUNC_3441,1,+,GT,AG,0.89817744,0.88789314,0.3597007095813751,0.8633564710617065
NC_003070.9,1972279,1972387,JUNC_3442,1,+,GT,AG,0.99863434,0.99908197,0.2931729555130005,0.787071943283081
NC_003070.9,1972572,1972710,JUNC_3443,1,+,GT,AG,0.9999989,0.99999917,0.3697364330291748,0.0034331749193370342
NC_003070.9,1972797,1973222,JUNC_3444,1,+,GT,AG,0.9999989,0.9999993,0.009150535799562931,0.00022321578580886126
NC_003070.9,1973317,1973422,JUNC_3445,1,+,GT,AG,0.9983339,0.9972376,0.0025387408677488565,0.012436475604772568
NC_003070.9,1989526,1989667,JUNC_4778,1,+,GT,AG,0.9990575,0.9987286,6.539418336615199e-06,0.058736320585012436
NC_003070.9,1989705,1990136,JUNC_4779,1,+,GT,AG,0.9779353,0.97953725,0.0033395839855074883,0.7086089849472046
NC_003070.9,1989773,1990136,JUNC_16541,1,+,GT,AG,0.8005227,0.86127496,0.00032791326520964503,0.0010204723803326488
NC_003070.9,2015691,2015869,JUNC_16067,1,-,GT,AG,0.999895,0.99981576,0.04756464064121246,0.03242083638906479
NC_003070.9,2026141,2026433,JUNC_16754,1,+,GT,AG,1.0,0.9999999,0.9911223649978638,0.9929572343826294
NC_003070.9,2026755,2026842,JUNC_16755,1,+,GC,AG,0.6387488,0.6741758,0.00026511942269280553,0.14195795357227325
NC_003070.9,2027816,2027929,JUNC_8157,1,+,GT,AG,0.5912616,0.6588482,0.22585244476795197,0.18232159316539764
NC_003070.9,2027962,2028052,JUNC_8158,1,+,GT,AG,0.41780537,0.056049082,0.6294373869895935,0.7586654424667358
NC_003070.9,2028976,2029049,JUNC_8159,1,+,GT,AG,0.99999905,0.99999535,0.0200351495295763,0.12269359081983566
NC_003070.9,2029199,2029286,JUNC_8160,1,+,GT,AG,0.9999949,0.9999807,0.9495105147361755,0.06642817705869675
NC_003070.9,2032898,2033069,JUNC_3489,1,+,GT,AG,0.9999994,0.9999993,0.9508388042449951,0.711608350276947
NC_003070.9,2033391,2033520,JUNC_3490,1,+,GC,AG,0.8930954,0.9044948,0.012628737837076187,0.9411213397979736
NC_003070.9,2036441,2036519,JUNC_8687,1,+,GT,AG,0.9969739,0.99586266,0.41683095693588257,0.017537934705615044
NC_003070.9,2036841,2036957,JUNC_8688,1,+,GC,AG,0.09662612,0.26158154,0.004616035148501396,0.9791572093963623
NC_003070.9,2040669,2040880,JUNC_5488,1,+,GT,AG,0.99626714,0.997673,0.923922061920166,0.010564091615378857
NC_003070.9,2040971,2041074,JUNC_5489,1,+,GT,AG,0.9998397,0.99986815,0.11154158413410187,0.12719111144542694
NC_003070.9,2041507,2041629,JUNC_5490,1,+,GT,AG,0.9999995,0.9999989,0.7244957685470581,0.0006498778820969164
NC_003070.9,2041704,2041837,JUNC_5491,1,+,GT,AG,0.9999201,0.99988997,0.043382804840803146,0.0009155894513241947
NC_003070.9,2041882,2042219,JUNC_5492,1,+,GT,AG,0.9995672,0.99966836,0.002182252937927842,6.505785222543636e-06
NC_003070.9,2042313,2042423,JUNC_5493,1,+,GT,AG,0.9999579,0.9999584,0.0009020062279887497,0.021884486079216003
NC_003070.9,2042482,2042580,JUNC_5494,1,+,GT,AG,0.9994647,0.9987608,0.020371148362755775,0.05960981175303459
NC_003070.9,2042706,2042961,JUNC_5495,1,+,GT,AG,0.99993396,0.9999094,0.10966473817825317,0.21943460404872894
NC_003070.9,2043014,2043279,JUNC_5496,1,+,GT,AG,0.9992963,0.9993803,0.1576700657606125,0.011548885144293308
NC_003070.9,2043313,2043395,JUNC_5497,1,+,GT,AG,0.9790122,0.96862274,0.43295785784721375,0.01602223701775074
NC_003070.9,2043485,2043589,JUNC_5498,1,+,GT,AG,0.14560285,0.25637233,0.010953795164823532,0.9069015383720398
NC_003070.9,2044576,2044706,JUNC_5499,1,+,GT,AG,0.99999785,0.99999845,0.2652091681957245,0.008473090827465057
NC_003070.9,2045786,2045872,JUNC_5500,1,+,GT,AG,0.9997047,0.99952805,0.9193737506866455,0.004010133445262909
NC_003070.9,2046391,2046475,JUNC_17320,1,+,AT,AC,0.56771857,0.07468225,0.0010292106308043003,0.610862672328949
NC_003070.9,2052875,2052985,JUNC_900,1,-,GT,AG,0.99995935,0.99992526,0.005722607485949993,0.001883509336039424
NC_003070.9,2053072,2053157,JUNC_901,1,-,GT,AG,0.999995,0.9999939,0.896527886390686,0.631635308265686
NC_003070.9,2053290,2053374,JUNC_902,1,-,GT,AG,0.9992367,0.9996376,0.018192900344729424,0.0008071238989941776
NC_003070.9,2053648,2053785,JUNC_903,1,-,GT,AG,0.9994079,0.9991703,0.09060443937778473,0.0002673257258720696
NC_003070.9,2053912,2053994,JUNC_904,1,-,GT,AG,0.9999999,0.99999976,0.0007884872611612082,1.3782640451154293e-07
NC_003070.9,2054248,2054467,JUNC_905,1,-,GT,AG,0.99379575,0.9808171,0.00977582298219204,0.001842048019170761
NC_003070.9,2054596,2055125,JUNC_13392,1,-,GT,AG,0.9949895,0.99215174,0.0005264114588499069,0.00014487466251011938
NC_003070.9,2056058,2056233,JUNC_13878,1,-,GT,AG,0.0031670416,0.005425811,0.0101042240858078,0.0030425640288740396
NC_003070.9,2056148,2056233,JUNC_7440,1,-,GT,AG,0.09591219,0.02917086,0.0005633107502944767,0.002772404346615076
NC_003070.9,2056329,2056632,JUNC_13815,1,-,GT,AG,0.00091449486,0.0018692671,0.9971207976341248,0.9862754344940186
NC_003070.9,2056329,2056851,JUNC_15142,1,-,GT,AG,0.95965785,0.9570304,0.953609049320221,0.004733406938612461
NC_003070.9,2056719,2056851,JUNC_12248,1,-,GT,AG,0.5512543,0.40865284,0.9895967841148376,0.9960816502571106
NC_003070.9,2056771,2056851,JUNC_7441,1,-,GT,AG,0.038608648,0.01358352,0.010176433250308037,0.039375923573970795
NC_003070.9,2057043,2057293,JUNC_10759,1,-,GT,AG,0.9935129,0.9966354,0.17880156636238098,0.02452133409678936
NC_003070.9,2068010,2068248,JUNC_13900,1,+,GT,AG,0.9999958,0.9999865,0.3733808994293213,0.02122938260436058
NC_003070.9,2068496,2068984,JUNC_13901,1,+,GT,AG,0.9999807,0.99996054,0.4981261193752289,0.9515015482902527
NC_003070.9,2069276,2069357,JUNC_13902,1,+,GT,AG,0.5285805,0.1766814,0.9380253553390503,0.12207620590925217
NC_003070.9,2069510,2069653,JUNC_13903,1,+,GT,AG,0.99634665,0.99814665,0.6454129815101624,0.1962369680404663
NC_003070.9,2079401,2079511,JUNC_5109,1,-,GT,AG,0.99991655,0.9999238,0.14462533593177795,0.3405296206474304
NC_003070.9,2079584,2079716,JUNC_5110,1,-,GT,AG,0.99999905,0.9999988,0.707507312297821,0.998145341873169
NC_003070.9,2079767,2079876,JUNC_5111,1,-,GT,AG,0.9986254,0.9998397,0.9679149389266968,0.0009862905135378242
NC_003070.9,2080307,2080469,JUNC_5112,1,-,GT,AG,0.9999938,0.9999863,0.992803156375885,0.9850391149520874
NC_003070.9,2080794,2081106,JUNC_5113,1,-,GT,AG,0.99997866,0.99996173,0.9551127552986145,0.8842564225196838
NC_003070.9,2081206,2081601,JUNC_15991,1,-,GT,AG,0.99971837,0.9998326,0.7417940497398376,0.9895970225334167
NC_003070.9,2083839,2083990,JUNC_5049,1,+,GT,AG,0.00010931829,4.485887e-06,0.7544312477111816,0.0668666735291481
NC_003070.9,2084025,2084185,JUNC_5050,1,+,GT,AG,0.9846667,0.9449869,0.35481858253479004,0.008837045170366764
NC_003070.9,2084227,2084317,JUNC_5051,1,+,GT,AG,0.9894637,0.98496914,0.5353444814682007,0.8158525228500366
NC_003070.9,2084399,2084486,JUNC_5052,1,+,GT,AG,0.99967945,0.9995617,0.028433039784431458,0.4826315939426422
NC_003070.9,2084557,2084807,JUNC_5053,1,+,GT,AG,0.9999368,0.9998815,0.9747424125671387,0.22870467603206635
NC_003070.9,2085079,2085224,JUNC_5054,1,+,GT,AG,0.99999905,0.9999981,0.0035266918130218983,0.8420448899269104
NC_003070.9,2085582,2085715,JUNC_5055,1,+,GT,AG,0.6942354,0.62351924,0.011602899990975857,0.00025622418615967035
NC_003070.9,2086237,2086577,JUNC_5056,1,+,GT,AG,0.99924195,0.9989836,0.053042590618133545,0.02168378047645092
NC_003070.9,2098195,2098275,JUNC_16934,1,-,GT,AG,0.99678576,0.99738073,0.14175103604793549,0.026065880432724953
NC_003070.9,2098410,2098488,JUNC_16935,1,-,GT,AG,0.6000099,0.8104677,0.792959988117218,0.09221428632736206
NC_003070.9,2098739,2098942,JUNC_16936,1,-,GT,AG,0.99995947,0.99995816,0.9871498346328735,0.009188705123960972
NC_003070.9,2098994,2099076,JUNC_16937,1,-,GT,AG,0.98172975,0.9627133,0.8803432583808899,0.9428728818893433
NC_003070.9,2099360,2099467,JUNC_16938,1,-,GT,AG,0.7559426,0.7955822,8.435969256481712e-09,2.2813733835391758e-07
NC_003070.9,2099626,2099850,JUNC_16939,1,-,GT,AG,0.999974,0.9999757,0.9981808662414551,0.9822722673416138
NC_003070.9,2100353,2100552,JUNC_16940,1,-,GT,AG,0.9834342,0.96636194,0.11414291709661484,0.9903237819671631
NC_003070.9,2100621,2100729,JUNC_16941,1,-,GT,AG,0.007902182,0.0043645073,0.9923321008682251,0.0013344243634492159
NC_003070.9,2100816,2100933,JUNC_16942,1,-,GT,AG,0.9934169,0.99056995,0.8785340785980225,0.9720067977905273
NC_003070.9,2101005,2101137,JUNC_16943,1,-,GT,AG,0.50496054,0.4728046,0.04804859310388565,2.596047124825418e-05
NC_003070.9,2101206,2101309,JUNC_16944,1,-,GT,AG,0.05419286,0.11817754,0.010724343359470367,0.0053667607717216015
NC_003070.9,2101378,2101660,JUNC_16945,1,-,GT,AG,0.9999517,0.9998708,0.2927679121494293,0.10073544085025787
NC_003070.9,2101735,2101852,JUNC_16946,1,-,GT,AG,0.9998055,0.9997812,0.0025001305621117353,0.04908348247408867
NC_003070.9,2101924,2102077,JUNC_16947,1,-,GT,AG,0.99991786,0.99989974,0.3031080365180969,0.0002868718293029815
NC_003070.9,2102149,2102265,JUNC_16948,1,-,GT,AG,0.9999522,0.9999294,0.007487586699426174,0.47770193219184875
NC_003070.9,2102409,2102483,JUNC_16949,1,-,GT,AG,0.9898802,0.96505,0.011514103971421719,0.3866187632083893
NC_003070.9,2102555,2102652,JUNC_16950,1,-,GT,AG,0.9909038,0.98683923,0.34864914417266846,0.12149038165807724
NC_003070.9,2102724,2102807,JUNC_16951,1,-,GT,AG,0.99858475,0.99717385,0.0019780173897743225,2.8357173505355604e-05
NC_003070.9,2102958,2103096,JUNC_16952,1,-,GT,AG,0.9818232,0.9856742,0.302482932806015,0.0001378287997795269
NC_003070.9,2115398,2115520,JUNC_13603,1,-,GT,AG,0.9255124,0.93790853,2.8931719498359598e-05,0.008527017198503017
NC_003070.9,2115642,2115729,JUNC_13604,1,-,GT,AG,1.0,0.9999999,0.00045521065476350486,0.0061704302206635475
NC_003070.9,2115883,2115973,JUNC_13605,1,-,GT,AG,0.99999726,0.9999957,0.07434643059968948,0.6127167344093323
NC_003070.9,2116077,2116192,JUNC_13606,1,-,GT,AG,1.0,1.0,0.1649317592382431,0.004074932541698217
NC_003070.9,2116396,2116511,JUNC_13607,1,-,GT,AG,0.99998915,0.99997485,0.0053271339274942875,0.00013678678078576922
NC_003070.9,2116694,2116823,JUNC_13608,1,-,GT,AG,1.0,0.9999999,0.006899775005877018,0.19034172594547272
NC_003070.9,2116973,2117050,JUNC_13609,1,-,GC,AG,0.9999869,0.9999783,0.43163788318634033,0.00032603449653834105
NC_003070.9,2117430,2117516,JUNC_13610,1,-,GT,AG,0.9997365,0.99954987,0.0022982775699347258,0.005671036895364523
NC_003070.9,2117666,2117821,JUNC_13611,1,-,GT,AG,0.9999989,0.99999714,0.0024763145484030247,0.9763269424438477
NC_003070.9,2117978,2118234,JUNC_13612,1,-,GT,AG,1.0,1.0,0.9871973991394043,0.11441278457641602
NC_003070.9,2118383,2118484,JUNC_13613,1,-,GT,AG,0.99926597,0.99699146,0.7884335517883301,0.9561462998390198
NC_003070.9,2118718,2118845,JUNC_13614,1,-,GT,AG,0.99999976,0.99999976,0.9723012447357178,0.014619473367929459
NC_003070.9,2118965,2119054,JUNC_13615,1,-,GT,AG,0.9986101,0.9979765,0.988731861114502,0.015163106843829155
NC_003070.9,2119150,2119283,JUNC_13616,1,-,GT,AG,0.998846,0.9989815,0.1278994381427765,0.9675467610359192
NC_003070.9,2119357,2119665,JUNC_13617,1,-,GT,AG,0.9999999,0.99999964,0.9362884759902954,0.19631721079349518
NC_003070.9,2119778,2120010,JUNC_13618,1,-,GT,AG,0.99999976,0.9999994,0.02993142604827881,0.9639054536819458
NC_003070.9,2120057,2120155,JUNC_13619,1,-,GT,AG,0.999236,0.9969298,0.24564003944396973,0.01746189221739769
NC_003070.9,2120231,2120317,JUNC_13620,1,-,GT,AG,0.98955554,0.98736644,0.8477545976638794,0.48123496770858765
NC_003070.9,2136002,2136449,JUNC_8753,1,+,GT,AG,1.0,1.0,0.14549380540847778,0.860230028629303
NC_003070.9,2136587,2136870,JUNC_8754,1,+,GT,AG,0.9999826,0.99999404,0.9448168277740479,0.1753554344177246
NC_003070.9,2136964,2137066,JUNC_8755,1,+,GT,AG,0.3393058,0.15952706,0.004925503861159086,0.9676562547683716
NC_003070.9,2153132,2153222,JUNC_3048,1,+,GT,AG,0.9913623,0.99130124,0.38592904806137085,0.0007175697246566415
NC_003070.9,2153323,2153491,JUNC_3049,1,+,GT,AG,0.9944494,0.9926818,0.00197730609215796,0.6288833618164062
NC_003070.9,2153605,2153749,JUNC_3050,1,+,GT,AG,0.992489,0.98108804,0.027963198721408844,0.0010762920137494802
NC_003070.9,2153962,2154051,JUNC_3051,1,+,GT,AG,0.25936618,0.16510476,0.0008937488310039043,0.984234631061554
NC_003070.9,2154187,2154273,JUNC_3052,1,+,GT,AG,0.9968887,0.99426305,0.9862164258956909,0.9835253953933716
NC_003070.9,2154449,2154546,JUNC_3053,1,+,GC,AG,0.99994636,0.9999529,0.9922956228256226,0.9975462555885315
NC_003070.9,2154635,2154718,JUNC_3054,1,+,GT,AG,0.10617359,0.11059526,0.7310258746147156,0.534385085105896
NC_003070.9,2154788,2154881,JUNC_3055,1,+,GT,AG,0.17835885,0.16054629,0.018317295238375664,0.6687402129173279
NC_003070.9,2155755,2155877,JUNC_4781,1,-,GT,AG,0.9999794,0.9999677,0.2335401028394699,0.02800857461988926
NC_003070.9,2156329,2156490,JUNC_15953,1,+,CG,GG,1.4698783e-06,6.7421474e-06,0.30003973841667175,0.00954003632068634
NC_003070.9,2184954,2185033,JUNC_2590,1,-,GT,AG,0.14248265,0.11059472,0.9763630032539368,0.6589676141738892
NC_003070.9,2185165,2185398,JUNC_2591,1,-,GT,AG,0.2664532,0.512914,0.12042859196662903,0.321890652179718
NC_003070.9,2185510,2185599,JUNC_2592,1,-,GC,AG,0.789092,0.7550424,0.04090716317296028,0.9561916589736938
NC_003070.9,2185916,2186043,JUNC_2593,1,-,GT,AG,1.0,1.0,0.9910278916358948,0.0018054016400128603
NC_003070.9,2194089,2194361,JUNC_4685,1,-,GT,AG,0.9982328,0.99851245,0.6451472043991089,0.3679927587509155
NC_003070.9,2204893,2205178,JUNC_15676,1,+,GT,AG,1.0,1.0,0.5919472575187683,0.37882110476493835
NC_003070.9,2205392,2205482,JUNC_15677,1,+,GT,AG,0.9999535,0.9998493,0.9827362298965454,0.7247322201728821
NC_003070.9,2205643,2205733,JUNC_15678,1,+,GT,AG,0.99995625,0.99995935,0.9950374960899353,0.5618591904640198
NC_003070.9,2205799,2205885,JUNC_15679,1,+,GT,AG,1.0,0.9999999,0.9935718774795532,0.998813271522522
NC_003070.9,2206049,2206142,JUNC_15680,1,+,GT,AG,0.99830735,0.9954424,0.9952598214149475,0.9852681159973145
NC_003070.9,2206257,2206338,JUNC_15681,1,+,GT,AG,0.9998271,0.99981207,0.5388911366462708,0.9758430123329163
NC_003070.9,2206518,2206620,JUNC_15682,1,+,GT,AG,0.7649599,0.81998426,0.0868670865893364,0.12809143960475922
NC_003070.9,2250021,2250172,JUNC_3890,1,+,GT,AG,0.9279406,0.8696961,0.005345363635569811,0.9659168124198914
NC_003070.9,2250021,2250178,JUNC_2861,1,+,GT,AG,0.05691056,0.04583507,0.08328290283679962,0.0017175119137391448
NC_003070.9,2257906,2257987,JUNC_727,1,-,GT,AG,0.9551695,0.8900815,0.9983776807785034,0.6497109532356262
NC_003070.9,2258447,2258538,JUNC_728,1,-,GT,AG,1.0,1.0,0.9977895021438599,0.9981744289398193
NC_003070.9,2258602,2258749,JUNC_8151,1,-,GT,AG,0.99990153,0.9994742,0.8122652173042297,0.9276912212371826
NC_003070.9,2258845,2259002,JUNC_729,1,-,GT,AG,0.9999994,0.99999654,0.0997081995010376,0.0007041463977657259
NC_003070.9,2259152,2259276,JUNC_730,1,-,GT,AG,1.0,1.0,0.00026519058155827224,0.009980655275285244
NC_003070.9,2259385,2259485,JUNC_731,1,-,GT,AG,0.99999976,0.99999964,0.005980324931442738,0.00010948069393634796
NC_003070.9,2259586,2260011,JUNC_732,1,-,GT,AG,0.99999964,0.99999976,0.9941071271896362,0.5304911136627197
NC_003070.9,2270199,2270576,JUNC_11561,1,+,GT,AG,0.9999236,0.9998927,0.4839625656604767,0.9948939085006714
NC_003070.9,2270732,2270831,JUNC_11562,1,+,GT,AG,0.99996436,0.99985933,0.15306326746940613,0.49696025252342224
NC_003070.9,2270903,2271009,JUNC_11563,1,+,GT,AG,0.99988747,0.99990106,0.904992401599884,0.9883710145950317
NC_003070.9,2271084,2271177,JUNC_11564,1,+,GT,AG,0.40885875,0.47847474,0.9469600915908813,0.6971795558929443
NC_003070.9,2271249,2271341,JUNC_11565,1,+,GT,AG,0.9999882,0.9999784,0.9849602580070496,0.8270266056060791
NC_003070.9,2271416,2271520,JUNC_11566,1,+,GT,AG,0.9999999,0.99999976,0.6360217928886414,0.9756744503974915
NC_003070.9,2271595,2272122,JUNC_14883,1,+,GT,AG,0.9994593,0.99962425,0.996362030506134,0.010241979733109474
NC_003070.9,2272191,2272450,JUNC_11571,1,+,GT,AG,0.99997747,0.99998593,0.42980802059173584,0.9960891008377075
NC_003070.9,2277939,2278586,JUNC_10617,1,+,GT,AG,0.00034456176,0.00034485845,1.4289226783148479e-05,0.13602767884731293
NC_003070.9,2279117,2279257,JUNC_10618,1,+,GT,AG,0.66232955,0.6088739,0.4754646122455597,0.00026105152210220695
NC_003070.9,2279377,2279465,JUNC_10619,1,+,GT,AG,0.57966745,0.6980189,0.964874804019928,0.3048345446586609
NC_003070.9,2279678,2279776,JUNC_10620,1,+,GT,AG,0.67226315,0.78620654,0.9216884970664978,0.9703853726387024
NC_003070.9,2279857,2279960,JUNC_10621,1,+,GT,AG,0.1525335,0.08519016,0.17484888434410095,0.9280000329017639
NC_003070.9,2286624,2286711,JUNC_17446,1,-,GT,AG,0.26422298,0.16392075,0.9738556146621704,0.03379577398300171
NC_003070.9,2286818,2287010,JUNC_17447,1,-,GT,AG,0.99960476,0.99858034,0.9120321273803711,0.9887073040008545
NC_003070.9,2287227,2287299,JUNC_17448,1,-,GT,AG,0.99813205,0.9970874,0.09435323625802994,0.6327228546142578
NC_003070.9,2287507,2287585,JUNC_17449,1,-,GT,AG,0.9462482,0.936696,0.987838864326477,0.9941881895065308
NC_003070.9,2331838,2331922,JUNC_8673,1,-,GT,AG,0.9999839,0.9999615,0.9825329780578613,0.8879213929176331
NC_003070.9,2332046,2332151,JUNC_8674,1,-,GT,AG,0.99997103,0.99994874,0.15505795180797577,0.9660337567329407
NC_003070.9,2332294,2332396,JUNC_8675,1,-,GT,AG,0.9999746,0.99997294,0.048154715448617935,0.00010439929610583931
NC_003070.9,2332532,2332613,JUNC_8676,1,-,GT,AG,0.6206979,0.53866434,0.08260892331600189,0.28809645771980286
NC_003070.9,2332930,2333073,JUNC_16511,1,-,GC,AG,0.99946874,0.9995462,0.0810413584113121,2.7239193514105864e-05
NC_003070.9,2332930,2333167,JUNC_8677,1,-,GT,AG,0.99993753,0.99990726,0.0001323887554462999,5.078745289210929e-06
NC_003070.9,2333262,2333504,JUNC_16512,1,-,GT,AG,0.0020268057,0.0069583277,0.8554888367652893,0.8441752195358276
NC_003070.9,2333281,2333504,JUNC_8678,1,-,GT,AG,0.9406018,0.9814119,0.00016605068231001496,0.8242746591567993
NC_003070.9,2334416,2334477,JUNC_10856,1,+,TT,TG,3.9173367e-05,0.000223467,0.15843196213245392,0.9638622403144836
NC_003070.9,2367734,2367828,JUNC_17092,1,-,GT,AG,0.7735552,0.46395323,0.7094481587409973,0.2848489582538605
NC_003070.9,2367991,2368221,JUNC_17093,1,-,GT,AG,0.9440597,0.92985153,0.4948961138725281,0.014671980403363705
NC_003070.9,2378170,2378266,JUNC_6175,1,+,GT,AG,0.99983066,0.9998522,0.9471794962882996,0.8494519591331482
NC_003070.9,2378421,2378542,JUNC_6176,1,+,GT,AG,1.0,0.9999999,0.01597556658089161,0.9074223637580872
NC_003070.9,2378587,2378677,JUNC_6177,1,+,GT,AG,0.7422927,0.6768224,0.0002739505434874445,0.3526460826396942
NC_003070.9,2378842,2378932,JUNC_8240,1,+,GT,AG,0.9096037,0.90397954,0.00022069676197133958,7.98667169874534e-05
NC_003070.9,2380782,2380870,JUNC_4651,1,+,GT,AG,0.99999774,0.9999962,0.7369181513786316,0.01582380011677742
NC_003070.9,2380924,2381013,JUNC_4652,1,+,GT,AG,0.79467106,0.7346519,0.12339639663696289,0.8948565125465393
NC_003070.9,2381754,2381994,JUNC_6202,1,+,GT,AG,0.8892267,0.94949555,2.1792193365399726e-05,0.01943691447377205
NC_003070.9,2382107,2382222,JUNC_6203,1,+,GT,AG,4.4349777e-05,0.0003766378,0.0004575188795570284,1.774233351170551e-05
NC_003070.9,2382331,2382403,JUNC_6204,1,+,GT,AG,0.99999225,0.99999595,0.07191959023475647,0.13840503990650177
NC_003070.9,2382582,2382681,JUNC_6205,1,+,GT,AG,0.99996364,0.9998846,0.14079336822032928,0.00014262179320212454
NC_003070.9,2382730,2382839,JUNC_6206,1,+,GT,AG,0.9578056,0.95079535,0.0013508218107745051,9.360699095850578e-07
NC_003070.9,2383049,2383346,JUNC_6207,1,+,GT,AG,0.9991923,0.99953175,0.00026353891007602215,0.8492440581321716
NC_003070.9,2383553,2383641,JUNC_6208,1,+,GT,AG,0.98767114,0.99241585,0.898965060710907,0.6568603515625
NC_003070.9,2383743,2384125,JUNC_6209,1,+,GT,AG,0.99996996,0.99996996,0.2934565842151642,0.07970238476991653
NC_003070.9,2384214,2384312,JUNC_6210,1,+,GT,AG,0.99989295,0.999972,0.08063273876905441,0.009533796459436417
NC_003070.9,2384465,2384571,JUNC_6211,1,+,GT,AG,0.9950919,0.9907396,0.04339561611413956,1.2411212082952261e-05
NC_003070.9,2384997,2385106,JUNC_6212,1,+,GT,AG,0.0013003785,0.0013207787,0.25717681646347046,0.00886120367795229
NC_003070.9,2385159,2385236,JUNC_6213,1,+,GT,AG,0.74737966,0.6658954,0.8694425821304321,0.49919572472572327
NC_003070.9,2385708,2385787,JUNC_6215,1,+,GT,AG,0.19226278,0.15465526,0.9783016443252563,0.18044693768024445
NC_003070.9,2387563,2387643,JUNC_18269,1,-,GT,AG,0.9999982,0.9999976,0.8711207509040833,0.9693174362182617
NC_003070.9,2388050,2388332,JUNC_18270,1,-,GT,AG,0.99994385,0.9998103,0.9296655058860779,0.7837386131286621
NC_003070.9,2400853,2400947,JUNC_3333,1,-,GT,AG,0.7619851,0.6759167,0.5424417853355408,0.677203357219696
NC_003070.9,2401103,2401187,JUNC_11629,1,-,GT,AG,0.99180275,0.9663408,0.002757368376478553,0.9120237231254578
NC_003070.9,2401258,2401343,JUNC_3334,1,-,GT,AG,0.8801955,0.847585,0.01662154495716095,1.685209463175852e-05
NC_003070.9,2401258,2401355,JUNC_11630,1,-,GT,AG,0.99424934,0.99509925,0.0029269177466630936,0.9961212277412415
NC_003070.9,2401446,2401543,JUNC_3335,1,-,GT,AG,0.94501704,0.8742747,0.0005947818281129003,0.9219048023223877
NC_003070.9,2401636,2401736,JUNC_3336,1,-,GT,AG,0.00013244522,0.0004050434,0.2355521023273468,0.9430774450302124
NC_003070.9,2401871,2402080,JUNC_3337,1,-,GT,AG,0.9999969,0.999997,0.9746624827384949,0.04596136137843132
NC_003070.9,2402278,2402378,JUNC_3338,1,-,GT,AG,0.99993455,0.9998036,0.8321819305419922,0.0004170106549281627
NC_003070.9,2402458,2402754,JUNC_3339,1,-,GT,AG,0.9509839,0.9835897,1.237010019394802e-05,0.043305013328790665
NC_003070.9,2408511,2408680,JUNC_10460,1,-,GT,AG,0.99988556,0.99944717,0.004837797489017248,0.20272023975849152
NC_003070.9,2408841,2408932,JUNC_10461,1,-,GT,AG,0.9999989,0.9999975,0.7244036197662354,0.009986781515181065
NC_003070.9,2409088,2409478,JUNC_10462,1,-,GT,AG,0.9869566,0.9925385,0.9943580031394958,0.9842082858085632
NC_003070.9,2409697,2409775,JUNC_10463,1,-,GT,AG,5.3633517e-05,6.685314e-05,0.8947102427482605,0.9899095296859741
NC_003070.9,2410577,2410732,JUNC_8328,1,-,GT,AG,0.032214265,0.029354237,0.42619016766548157,0.7083615660667419
NC_003070.9,2410896,2410986,JUNC_5922,1,-,GT,AG,0.9999083,0.9999039,0.7819127440452576,0.5558428168296814
NC_003070.9,2411351,2411478,JUNC_5923,1,-,GT,AG,0.99925584,0.99960667,0.3321964144706726,0.0932767391204834
NC_003070.9,2411541,2411823,JUNC_5924,1,-,GT,AG,0.99999523,0.9999976,0.1395774483680725,0.14156629145145416
NC_003070.9,2411541,2412609,JUNC_10307,1,-,GT,AG,0.98957705,0.99660045,0.5388545989990234,0.8260926008224487
NC_003070.9,2411929,2412193,JUNC_8329,1,-,GT,AG,0.9949422,0.99889284,0.5622232556343079,0.02707318402826786
NC_003070.9,2412216,2412609,JUNC_17612,1,-,GT,AG,0.2901351,0.72715086,0.996228814125061,0.958598256111145
NC_003070.9,2421783,2421902,JUNC_15748,1,-,GT,AG,0.00049495517,0.00037298244,0.058327123522758484,0.06625167280435562
NC_003070.9,2422351,2422507,JUNC_15929,1,+,GT,AG,0.9915247,0.9437855,0.02117343805730343,0.18224681913852692
NC_003070.9,2422717,2422948,JUNC_15930,1,+,GT,AG,1.0,1.0,0.09607745707035065,0.6552239060401917
NC_003070.9,2423106,2423284,JUNC_15931,1,+,GT,AG,0.9999995,0.99999666,0.09338466078042984,0.08841224014759064
NC_003070.9,2424274,2424570,JUNC_4421,1,+,GT,AG,0.9999875,0.9999807,0.7713866233825684,0.8434507846832275
NC_003070.9,2424646,2424838,JUNC_4422,1,+,GT,AG,1.0,1.0,0.6950356960296631,0.42354661226272583
NC_003070.9,2424926,2425168,JUNC_4423,1,+,GT,AG,0.9999939,0.9999919,0.7472692728042603,0.32803916931152344
NC_003070.9,2425348,2425431,JUNC_4424,1,+,GT,AG,0.9989359,0.99904567,0.16305212676525116,0.6788210272789001
NC_003070.9,2425611,2425694,JUNC_4425,1,+,GT,AG,1.0,1.0,0.7640103101730347,4.075049673701869e-06
NC_003070.9,2425862,2425951,JUNC_4426,1,+,GT,AG,0.9999975,0.9999964,0.7282042503356934,0.14112825691699982
NC_003070.9,2426103,2426191,JUNC_4427,1,+,GT,AG,0.9999999,0.99999964,0.9514236450195312,0.7041893601417542
NC_003070.9,2426306,2426413,JUNC_4428,1,+,GT,AG,0.99988174,0.9999609,0.009389899671077728,0.9889653921127319
NC_003070.9,2429183,2429265,JUNC_8761,1,-,GT,AG,0.86917186,0.6296261,0.06420880556106567,0.0015278131468221545
NC_003070.9,2429378,2429942,JUNC_8762,1,-,GT,AG,0.000121600635,0.00012960855,8.325658563990146e-05,0.019983291625976562
NC_003070.9,2430241,2430320,JUNC_8763,1,-,GT,AG,0.9992091,0.99931455,0.9968500733375549,0.9845773577690125
NC_003070.9,2430712,2430817,JUNC_8764,1,-,GT,AG,0.99995315,0.9998926,0.15149633586406708,0.9963717460632324
NC_003070.9,2431007,2431104,JUNC_8765,1,-,GT,AG,0.99999726,0.99999344,0.015791675075888634,0.8443576693534851
NC_003070.9,2431343,2431701,JUNC_8766,1,-,GT,AG,0.99999964,0.99999964,0.977920413017273,0.945440948009491
NC_003070.9,2434356,2434437,JUNC_12534,1,-,GT,AG,1.0,0.9999999,0.020237410441040993,0.021657247096300125
NC_003070.9,2434621,2434726,JUNC_15442,1,-,GT,AG,0.9999995,0.99999917,0.004018395207822323,0.003745012916624546
NC_003070.9,2435059,2435151,JUNC_12535,1,-,GT,AG,0.99997723,0.9999436,0.06317450106143951,0.00016590776795055717
NC_003070.9,2435289,2435358,JUNC_12536,1,-,GT,AG,0.9999472,0.9999316,0.003540072124451399,0.19109435379505157
NC_003070.9,2435488,2435569,JUNC_12537,1,-,GT,AG,0.9995295,0.9989749,0.22422148287296295,0.9993081092834473
NC_003070.9,2437555,2437680,JUNC_8281,1,+,GT,AG,0.99548554,0.9924805,0.9985613226890564,0.9646952748298645
NC_003070.9,2437751,2437992,JUNC_16333,1,+,GC,AG,0.9999975,0.9999943,0.9225882887840271,0.9640039205551147
NC_003070.9,2438123,2438210,JUNC_6131,1,+,GT,AG,0.9999924,0.9999957,0.9964350461959839,0.9969770908355713
NC_003070.9,2438385,2438490,JUNC_6132,1,+,GT,AG,0.53588116,0.3249229,0.3954768478870392,0.01028493046760559
NC_003070.9,2438556,2438708,JUNC_6133,1,+,GT,AG,0.99998724,0.99996936,0.05977262929081917,0.9142137765884399
NC_003070.9,2438843,2438934,JUNC_6134,1,+,GT,AG,0.46640423,0.4192709,0.002885083667933941,0.14126844704151154
NC_003070.9,2439014,2439087,JUNC_6135,1,+,GT,AG,0.5761255,0.47905913,0.0023927337024360895,0.0025334139354526997
NC_003070.9,2439190,2439277,JUNC_6136,1,+,GT,AG,0.99102485,0.9890792,0.007975796237587929,0.01884380169212818
NC_003070.9,2439336,2439419,JUNC_6137,1,+,GT,AG,0.9493296,0.95343214,0.34239813685417175,0.2838413715362549
NC_003070.9,2444010,2444642,JUNC_14005,1,+,GT,AG,0.86054474,0.90115744,0.7260647416114807,0.0022477053571492434
NC_003070.9,2444664,2444678,JUNC_14006,1,+,GT,AG,0.43503898,0.26099333,0.0017017555655911565,7.912299770396203e-05
NC_003070.9,2444774,2444872,JUNC_14007,1,+,GT,AG,0.9218081,0.9001258,0.9663347601890564,0.9586647748947144
NC_003070.9,2446358,2446666,JUNC_3819,1,+,GT,AG,0.9999347,0.9999349,0.008700770325958729,4.397978773340583e-05
NC_003070.9,2447104,2447200,JUNC_3820,1,+,GT,AG,0.99991894,0.99978036,0.41105982661247253,0.006442056503146887
NC_003070.9,2447251,2447344,JUNC_3821,1,+,GT,AG,0.7107869,0.67400724,0.4809783101081848,0.1479039043188095
NC_003070.9,2447427,2447843,JUNC_3822,1,+,GT,AG,0.052581634,0.21838754,0.06233054772019386,0.0012276706984266639
NC_003070.9,2447943,2448047,JUNC_3823,1,+,GT,AG,0.9999999,0.9999999,0.13703060150146484,0.018606171011924744
NC_003070.9,2448126,2448227,JUNC_3824,1,+,GT,AG,0.99772245,0.9989084,0.5360299944877625,0.0013672381173819304
NC_003070.9,2448351,2448701,JUNC_3825,1,+,GT,AG,0.9985996,0.99933386,0.9996615648269653,0.2742269039154053
NC_003070.9,2448808,2448928,JUNC_3826,1,+,GT,AG,0.9233359,0.9125029,0.9607152342796326,0.9935728311538696
NC_003070.9,2449057,2449162,JUNC_3827,1,+,GT,AG,0.12252902,0.1484594,0.964814305305481,0.958397626876831
NC_003070.9,2449227,2449343,JUNC_3828,1,+,GT,AG,0.9275791,0.9660806,0.9569858908653259,0.0047656395472586155
NC_003070.9,2449499,2449653,JUNC_3829,1,+,GT,AG,0.9999341,0.99980634,0.003978797700256109,0.9881773591041565
NC_003070.9,2449814,2449916,JUNC_3830,1,+,GT,AG,0.99742615,0.9988813,0.9794642925262451,7.75157332100207e-06
NC_003070.9,2449948,2450207,JUNC_3831,1,+,GT,AG,0.9999943,0.9999908,0.5243868231773376,0.9891948699951172
NC_003070.9,2450371,2450486,JUNC_3832,1,+,GT,AG,0.9999994,0.9999956,0.0038231199141591787,0.011878171004354954
NC_003070.9,2450566,2450762,JUNC_3833,1,+,GT,AG,0.9994467,0.9998665,0.9989293217658997,4.7977395297493786e-05
NC_003070.9,2450828,2450985,JUNC_3834,1,+,GT,AG,0.99855584,0.9974488,0.011951454915106297,0.9804180860519409
NC_003070.9,2451275,2451567,JUNC_3835,1,+,GT,AG,1.0,1.0,0.7180387377738953,0.01851542480289936
NC_003070.9,2451675,2451767,JUNC_3836,1,+,GT,AG,0.9713462,0.98132336,0.0012159445323050022,0.00028310727793723345
NC_003070.9,2451865,2452043,JUNC_3837,1,+,GT,AG,0.9999982,0.9999969,0.027728358283638954,0.30549395084381104
NC_003070.9,2452104,2452468,JUNC_3838,1,+,GT,AG,0.999977,0.9999783,0.05331137403845787,0.08243146538734436
NC_003070.9,2452545,2452656,JUNC_3839,1,+,GT,AG,0.0006869003,0.0002576635,0.08995041996240616,0.0007354235858656466
NC_003070.9,2452728,2452806,JUNC_3840,1,+,GT,AG,0.3836539,0.3533499,0.00033645337680354714,0.037633344531059265
NC_003070.9,2452883,2453002,JUNC_3841,1,+,GT,AG,0.9998234,0.99983543,0.2914823591709137,0.70221346616745
NC_003070.9,2453083,2453441,JUNC_3842,1,+,GT,AG,0.9995529,0.998931,0.7333031296730042,0.2765451669692993
NC_003070.9,2453544,2453697,JUNC_3843,1,+,GT,AG,0.99999976,0.99999976,0.0009531761752441525,0.9438327550888062
NC_003070.9,2453856,2453987,JUNC_3844,1,+,GT,AG,0.9999939,0.99998343,0.8797084093093872,0.9126613140106201
NC_003070.9,2464237,2464330,JUNC_3805,1,-,GT,AG,0.99999964,0.99999905,0.1439686417579651,0.7029474377632141
NC_003070.9,2464814,2464912,JUNC_3806,1,-,GT,AG,0.999853,0.99933493,0.00018562089826446027,0.0008440930396318436
NC_003070.9,2465076,2465409,JUNC_3807,1,-,GT,AG,0.000553217,0.003301185,0.8997376561164856,0.9426282644271851
NC_003070.9,2466294,2466639,JUNC_9670,1,-,GT,AG,0.99999976,0.9999993,0.3290008306503296,0.10769127309322357
NC_003070.9,2466705,2466817,JUNC_9671,1,-,GT,AG,1.0,1.0,0.6165547966957092,0.3676176369190216
NC_003070.9,2477451,2477675,JUNC_9039,1,+,GT,AG,0.99999964,0.99999964,0.6397135853767395,0.020334618166089058
NC_003070.9,2477779,2477965,JUNC_9040,1,+,GT,AG,0.9999999,0.9999999,0.3328434228897095,0.02986198663711548
NC_003070.9,2478052,2478185,JUNC_9041,1,+,GT,AG,0.9998573,0.9999075,0.9591575860977173,0.9786165356636047
NC_003070.9,2478261,2478387,JUNC_9042,1,+,GT,AG,0.9999101,0.9997516,0.9991845488548279,0.96717768907547
NC_003070.9,2478462,2478598,JUNC_9043,1,+,GT,AG,0.99998987,0.99997675,0.7414093017578125,0.9990082383155823
NC_003070.9,2478652,2478978,JUNC_9044,1,+,GT,AG,0.9999968,0.9999883,0.6270585656166077,0.9747973680496216
NC_003070.9,2479038,2479122,JUNC_9045,1,+,GT,AG,0.9964675,0.9980501,0.9947910308837891,0.7544261813163757
NC_003070.9,2479239,2479399,JUNC_9046,1,+,GT,AG,0.9999999,0.99999976,0.858989417552948,0.9974620342254639
NC_003070.9,2479494,2479589,JUNC_9047,1,+,GT,AG,0.9976031,0.9953212,0.9841657876968384,0.5183044075965881
NC_003070.9,2479798,2480177,JUNC_9048,1,+,GT,AG,0.9999951,0.99999774,0.6144399046897888,0.9800296425819397
NC_003070.9,2480275,2480405,JUNC_9049,1,+,GT,AG,0.99998665,0.9999949,0.9638471007347107,0.7382753491401672
NC_003070.9,2480509,2480596,JUNC_9050,1,+,GT,AG,0.9995617,0.9974947,0.0012419811682775617,0.805316686630249
NC_003070.9,2480759,2480919,JUNC_9051,1,+,GT,AG,0.9315441,0.7736176,0.00012702033563982695,0.003471959615126252
NC_003070.9,2481042,2481214,JUNC_9052,1,+,GT,AG,0.9998012,0.9997132,0.00010512887820368633,0.028139298781752586
NC_003070.9,2481297,2481579,JUNC_9053,1,+,GT,AG,0.99999905,0.99999774,0.003423372283577919,0.7797302007675171
NC_003070.9,2481712,2481795,JUNC_9054,1,+,GT,AG,0.9999995,0.9999993,0.9925139546394348,0.011061294935643673
NC_003070.9,2482042,2482210,JUNC_9055,1,+,GT,AG,0.99999774,0.9999956,0.010649017989635468,0.0013851774856448174
NC_003070.9,2484125,2484303,JUNC_14524,1,-,GT,AG,0.99919397,0.99874765,2.4364855562453158e-05,0.0003462913737166673
NC_003070.9,2484567,2484886,JUNC_14525,1,-,GT,AG,0.91758704,0.96386003,0.08165669441223145,0.9771869778633118
NC_003070.9,2486846,2487135,JUNC_3845,1,-,GT,AG,0.9524804,0.7708133,0.970288872718811,0.9859289526939392
NC_003070.9,2487415,2487817,JUNC_3846,1,-,GT,AG,0.09736176,0.18153617,0.00027215274167247117,1.7873887827590806e-06
NC_003070.9,2489745,2489823,JUNC_4322,1,-,GT,AG,0.9816243,0.98648036,0.0012361928820610046,0.02224995382130146
NC_003070.9,2489958,2490046,JUNC_4323,1,-,GT,AG,0.99865013,0.99847007,1.6331725419149734e-05,0.0008605124894529581
NC_003070.9,2490166,2490238,JUNC_4324,1,-,GT,AG,0.9337469,0.7947783,0.002475123619660735,0.002861535409465432
NC_003070.9,2490289,2490376,JUNC_4325,1,-,GT,AG,0.9588646,0.88418615,0.13620562851428986,0.631614625453949
NC_003070.9,2490426,2491012,JUNC_4326,1,-,GT,AG,0.9999683,0.9999502,0.05459856241941452,0.03889332339167595
NC_003070.9,2491157,2491249,JUNC_4327,1,-,GT,AG,0.9999361,0.99986696,0.00028824753826484084,0.008168823085725307
NC_003070.9,2491354,2491433,JUNC_4328,1,-,GT,AG,1.0,1.0,0.0012933779507875443,0.0032383641228079796
NC_003070.9,2491574,2491682,JUNC_4329,1,-,GT,AG,0.99999976,0.99999976,0.01834200508892536,0.007080530747771263
NC_003070.9,2491968,2492261,JUNC_4330,1,-,GT,AG,0.9992453,0.99975604,0.9870866537094116,0.023721417412161827
NC_003070.9,2492333,2492418,JUNC_4331,1,-,GT,AG,0.9996803,0.99984956,0.03828989341855049,0.9939901828765869
NC_003070.9,2492590,2492686,JUNC_4332,1,-,GT,AG,0.5597316,0.4447386,1.932271675997299e-09,1.5029613109618367e-07
NC_003070.9,2500815,2501113,JUNC_14312,1,-,GT,AG,0.9258647,0.98226786,0.7118109464645386,0.018869660794734955
NC_003070.9,2539759,2539851,JUNC_1638,1,-,GT,AG,0.15290105,0.23153329,0.9537370800971985,0.00029560545226559043
NC_003070.9,2540163,2540236,JUNC_1639,1,-,GT,AG,0.99971056,0.9987337,0.22240597009658813,0.014271816238760948
NC_003070.9,2540329,2540409,JUNC_1640,1,-,GT,AG,0.99999917,0.9999982,0.0008455355418846011,0.0005235267453826964
NC_003070.9,2540484,2540587,JUNC_1641,1,-,GT,AG,0.99999785,0.99999607,4.0812759834807366e-05,5.021844572183909e-06
NC_003070.9,2540685,2540880,JUNC_1642,1,-,GT,AG,0.9999933,0.99999654,0.6700968146324158,0.07892924547195435
NC_003070.9,2540997,2541115,JUNC_1643,1,-,GT,AG,0.9983954,0.998621,0.4344992935657501,0.7847577333450317
NC_003070.9,2541209,2541655,JUNC_1644,1,-,GT,AG,0.92259526,0.98306674,0.060232412070035934,0.014482609927654266
NC_003070.9,2541721,2541795,JUNC_1645,1,-,GT,AG,0.9981249,0.99655026,0.003423372283577919,0.9518217444419861
NC_003070.9,2541862,2542012,JUNC_16563,1,-,GT,AG,0.9998611,0.99956864,0.9925139546394348,0.011061294935643673
NC_003070.9,2542038,2542123,JUNC_16564,1,-,GT,AG,0.051229306,0.023051511,0.010649017989635468,0.0013851774856448174
NC_003070.9,2552700,2552923,JUNC_17094,1,-,GT,AG,0.9999956,0.9999845,2.4364855562453158e-05,0.0003462913737166673
NC_003070.9,2553586,2553680,JUNC_17095,1,-,GT,AG,0.9408275,0.9517468,0.08165669441223145,0.9771869778633118
NC_003070.9,2554700,2554795,JUNC_17096,1,-,GT,AG,0.92917955,0.89751273,0.9930140376091003,0.013345679268240929
NC_003070.9,2577279,2577356,JUNC_9202,1,-,GT,AG,0.9850596,0.9878863,0.12259840220212936,0.9889869689941406
NC_003070.9,2577428,2577509,JUNC_9203,1,-,GT,AG,0.9995214,0.99966395,0.012641791254281998,0.12687274813652039
NC_003070.9,2577576,2577863,JUNC_9204,1,-,GT,AG,0.99979526,0.99981743,0.8075768351554871,0.7951192855834961
NC_003070.9,2577957,2578039,JUNC_9205,1,-,GT,AG,0.431907,0.5727874,0.9310992360115051,0.5752143263816833
NC_003070.9,2578113,2578314,JUNC_9206,1,-,GT,AG,0.9999763,0.999979,0.004412100184708834,0.13452346622943878
NC_003070.9,2578477,2578864,JUNC_9207,1,-,GT,AG,0.99923193,0.99823517,0.014368584379553795,6.945621134946123e-05
NC_003070.9,2579092,2579433,JUNC_9208,1,-,GT,AG,0.9153051,0.8713902,0.9914087653160095,0.01109446119517088
NC_003070.9,2579678,2579818,JUNC_9209,1,-,GT,AG,0.99932945,0.99346185,0.999445378780365,0.9957594275474548
NC_003070.9,2579948,2580336,JUNC_9210,1,-,GT,AG,0.99999106,0.9999908,0.006069199647754431,0.9975619316101074
NC_003070.9,2581691,2581787,JUNC_2878,1,-,GT,AG,0.9935406,0.9732969,0.7348740100860596,0.001418193569406867
NC_003070.9,2581963,2582086,JUNC_2879,1,-,GT,AG,0.9999931,0.99996686,0.1033627912402153,0.886056125164032
NC_003070.9,2582158,2582369,JUNC_2880,1,-,GT,AG,0.99999964,0.9999989,0.9774167537689209,0.8871789574623108
NC_003070.9,2582558,2582796,JUNC_2881,1,-,GT,AG,1.0,1.0,0.9615710973739624,0.893276035785675
NC_003070.9,2582865,2582997,JUNC_2882,1,-,GT,AG,0.23706843,0.64096016,0.8118553757667542,0.019144708290696144
NC_003070.9,2583038,2583123,JUNC_2883,1,-,GT,AG,0.9363977,0.9402233,0.3314458429813385,0.3287418484687805
NC_003070.9,2584095,2584202,JUNC_4665,1,-,GT,AG,0.9996314,0.9996488,0.0952044427394867,0.7556026577949524
NC_003070.9,2584442,2584579,JUNC_4666,1,-,GT,AG,0.19953404,0.048644237,0.8571635484695435,0.018065253272652626
NC_003070.9,2584710,2584799,JUNC_4667,1,-,GT,AG,0.6748183,0.718865,0.05480596423149109,0.0004856579762417823
NC_003070.9,2585084,2586288,JUNC_4668,1,-,GT,AG,0.1633464,0.31406823,0.0290214940905571,0.00016924456576816738
NC_003070.9,2615426,2615517,JUNC_8663,1,+,GT,AG,0.99790585,0.9948204,0.04559905827045441,0.013707454316318035
NC_003070.9,2615855,2616034,JUNC_8664,1,+,GT,AG,0.9999976,0.9999994,0.02770337276160717,0.1528085321187973
NC_003070.9,2616548,2616698,JUNC_8665,1,+,GT,AG,0.99984556,0.99980587,0.9721466898918152,0.005747878458350897
NC_003070.9,2616548,2617756,JUNC_13242,1,+,GT,AG,0.9999721,0.9999373,0.03385968878865242,0.9981197714805603
NC_003070.9,2616812,2617756,JUNC_8666,1,+,GT,AG,0.9999492,0.99993455,0.9788087010383606,0.8668978214263916
NC_003070.9,2622200,2622291,JUNC_18215,1,-,GT,AG,0.9993641,0.99852914,0.9931843876838684,0.43995165824890137
NC_003070.9,2622434,2623227,JUNC_18216,1,-,GT,AG,0.9953727,0.9952419,0.17994265258312225,0.985781729221344
NC_003070.9,2623449,2623670,JUNC_18217,1,-,GT,AG,0.9992811,0.99863976,0.0021889484487473965,0.027032257989048958
NC_003070.9,2623942,2624047,JUNC_18218,1,-,GT,AG,0.7586232,0.70492196,0.3131760060787201,0.27883580327033997
NC_003070.9,2624096,2624255,JUNC_18219,1,-,GT,AG,0.22838868,0.10966845,0.468427449464798,0.41616523265838623
NC_003070.9,2624333,2624664,JUNC_18220,1,-,GT,AG,0.9999051,0.9998604,0.5916759371757507,0.49154433608055115
NC_003070.9,2624724,2624884,JUNC_18221,1,-,GT,AG,0.9990725,0.9983278,0.004471625667065382,0.09051745384931564
NC_003070.9,2624923,2625602,JUNC_18222,1,-,GT,AG,0.86469096,0.9359212,0.011875709518790245,0.11860556155443192
NC_003070.9,2625812,2626189,JUNC_18223,1,-,GT,AG,0.9990069,0.99885213,0.013848944567143917,0.010764876380562782
NC_003070.9,2626272,2626773,JUNC_18224,1,-,GT,AG,0.43150386,0.36231178,0.9913346171379089,0.9979248046875
NC_003070.9,2626868,2627344,JUNC_18225,1,-,GT,AG,0.76117086,0.55257034,0.9216347336769104,0.9922189712524414
NC_003070.9,2633186,2633411,JUNC_5235,1,-,GT,AG,0.9999738,0.9999769,0.04783171787858009,0.5581207275390625
NC_003070.9,2633899,2633994,JUNC_5236,1,-,GT,AG,0.97633046,0.97965276,0.030262114480137825,0.04615836590528488
NC_003070.9,2634151,2634287,JUNC_5237,1,-,GT,AG,0.99999344,0.99999154,5.674782187270466e-06,7.760899478626015e-09
NC_003070.9,2634419,2634522,JUNC_5238,1,-,GT,AG,0.9988293,0.99813753,0.5376264452934265,0.15388204157352448
NC_003070.9,2635111,2635208,JUNC_5239,1,-,GT,AG,0.7912247,0.7419243,0.0036288807168602943,5.665661228704266e-05
NC_003070.9,2635622,2635786,JUNC_5240,1,-,GT,AG,0.94060713,0.9637917,0.041101496666669846,0.006498019210994244
NC_003070.9,2636053,2636196,JUNC_17561,1,+,GT,AG,0.9771903,0.96812487,0.00790371373295784,0.02708507515490055
NC_003070.9,2636235,2636647,JUNC_17562,1,+,GT,AG,0.9999994,0.9999993,0.05180414766073227,0.013217269442975521
NC_003070.9,2636867,2637086,JUNC_17563,1,+,GT,AG,1.0,1.0,0.012839923612773418,0.9652385115623474
NC_003070.9,2637252,2637434,JUNC_17564,1,+,GC,AG,1.0,1.0,0.9910207390785217,0.9930104613304138
NC_003070.9,2659010,2659132,JUNC_16041,1,+,GT,AG,0.9999993,0.9999995,0.9824463129043579,0.00011478330998215824
NC_003070.9,2659273,2659406,JUNC_16042,1,+,GT,AG,0.9915794,0.9852181,0.009109086357057095,0.9447742700576782
NC_003070.9,2659679,2659773,JUNC_16043,1,+,GT,AG,0.27373216,0.10490593,0.9998810291290283,0.7661644816398621
NC_003070.9,2659895,2659982,JUNC_16044,1,+,GT,AG,1.0,1.0,0.13829541206359863,0.9989926218986511
NC_003070.9,2660126,2660438,JUNC_16045,1,+,GT,AG,0.9999999,0.9999999,0.0002744355006143451,0.044640254229307175
NC_003070.9,2672770,2672920,JUNC_9647,1,+,GT,AG,0.9999963,0.99999344,0.9441708922386169,0.008943572640419006
NC_003070.9,2682664,2682868,JUNC_8821,1,-,GT,AG,0.6666735,0.76305515,0.997099757194519,0.8845646381378174
NC_003070.9,2683036,2683298,JUNC_8822,1,-,GT,AG,0.99868184,0.9988888,0.32181331515312195,0.33875006437301636
NC_003070.9,2683574,2683651,JUNC_8823,1,-,GT,AG,0.9999888,0.9999865,0.9727826118469238,0.02561677247285843
NC_003070.9,2686150,2686672,JUNC_17963,1,-,GT,AG,0.99874765,0.99606806,0.043026186525821686,0.9598768949508667
NC_003070.9,2686831,2686935,JUNC_17964,1,-,GT,AG,0.975282,0.9866562,6.1464593272830825e-06,2.2468951499377e-07
NC_003070.9,2687035,2687114,JUNC_17965,1,-,GT,AG,0.9998598,0.9995833,0.7848523855209351,0.00033246539533138275
NC_003070.9,2687178,2687294,JUNC_17966,1,-,GT,AG,0.99867463,0.9994777,0.00021212863794062287,0.1438295841217041
NC_003070.9,2687367,2687448,JUNC_17967,1,-,GT,AG,0.99852246,0.9981926,0.005606038961559534,0.0010502379154786468
NC_003070.9,2687594,2687703,JUNC_17968,1,-,GT,AG,0.9999223,0.99996436,0.005375090055167675,0.7284552454948425
NC_003070.9,2687890,2687965,JUNC_17969,1,-,GT,AG,0.9911712,0.9996069,0.6744025349617004,0.0002681673504412174
NC_003070.9,2688259,2688349,JUNC_17970,1,-,GT,AG,1.0,1.0,0.0018662449438124895,0.00066104851430282
NC_003070.9,2703539,2704079,JUNC_3340,1,+,GT,AG,0.0008271091,0.0029776096,0.1090126633644104,0.9889379739761353
NC_003070.9,2704261,2704494,JUNC_3341,1,+,GT,AG,0.99999976,0.99999964,0.997718870639801,0.00124545197468251
NC_003070.9,2705091,2705536,JUNC_3342,1,+,GT,AG,0.9997801,0.99981827,0.22931866347789764,0.899549126625061
NC_003070.9,2705767,2705878,JUNC_3343,1,+,GT,AG,0.9999001,0.9997683,0.9378528594970703,0.011303720064461231
NC_003070.9,2706019,2706105,JUNC_3344,1,+,GT,AG,0.02421346,0.0034189157,0.037969645112752914,0.41357794404029846
NC_003070.9,2706306,2706408,JUNC_3345,1,+,GT,AG,0.98965585,0.9340564,0.9794241189956665,0.9952794313430786
NC_003070.9,2713010,2713095,JUNC_8250,1,+,GT,AG,0.024315437,0.11441557,0.2689707577228546,0.0724460706114769
NC_003070.9,2713142,2713235,JUNC_9123,1,+,GT,AG,0.99907047,0.99804723,0.05944395810365677,0.013830707408487797
NC_003070.9,2713295,2713546,JUNC_8251,1,+,GT,AG,1.0,0.9999999,0.05880257487297058,0.9827266931533813
NC_003070.9,2713723,2713808,JUNC_8252,1,+,GT,AG,1.0,1.0,0.7297543883323669,0.5157523155212402
NC_003070.9,2713973,2714063,JUNC_8253,1,+,GT,AG,0.9999386,0.9998938,0.9674468636512756,0.39013564586639404
NC_003070.9,2715357,2715473,JUNC_14760,1,-,GT,AG,0.94256586,0.90502757,0.9096754193305969,0.7544647455215454
NC_003070.9,2715554,2715942,JUNC_14761,1,-,GT,AG,0.9996991,0.99947244,0.9069086909294128,0.4049137234687805
NC_003070.9,2716009,2716189,JUNC_14762,1,-,GT,AG,0.99999976,0.99999976,0.9344174861907959,0.013249842450022697
NC_003070.9,2723938,2724074,JUNC_8973,1,+,GT,AG,0.9999778,0.999938,0.5327334403991699,0.3679986894130707
NC_003070.9,2723957,2724074,JUNC_9218,1,+,GT,AG,0.99997795,0.9999528,0.5300028324127197,0.5317518711090088
NC_003070.9,2724133,2724263,JUNC_8974,1,+,GT,AG,1.0,0.9999999,0.9690973162651062,0.9819198250770569
NC_003070.9,2724301,2724542,JUNC_8975,1,+,GT,AG,0.99998593,0.999982,2.5534662199788727e-05,0.047569531947374344
NC_003070.9,2724876,2724960,JUNC_8976,1,+,GT,AG,1.0,0.9999999,0.010329232551157475,2.2420856112148613e-05
NC_003070.9,2725023,2725121,JUNC_8977,1,+,GT,AG,0.999876,0.9998122,0.01279435958713293,0.0017755759181454778
NC_003070.9,2725217,2725299,JUNC_8978,1,+,GT,AG,0.9999368,0.9999335,0.0008202504832297564,0.2119327038526535
NC_003070.9,2725392,2725502,JUNC_8979,1,+,GT,AG,0.9999629,0.9999639,0.7876667380332947,4.356483316314552e-07
NC_003070.9,2725693,2725777,JUNC_8980,1,+,GT,AG,0.9969218,0.9947389,0.00024668913101777434,0.7096330523490906
NC_003070.9,2726021,2726532,JUNC_8981,1,+,GT,AG,1.0,1.0,0.7949037551879883,0.030460171401500702
NC_003070.9,2726646,2726949,JUNC_8982,1,+,GT,AG,1.0,1.0,0.10684884339570999,0.8191721439361572
NC_003070.9,2727033,2727447,JUNC_8983,1,+,GT,AG,1.0,1.0,0.8930197954177856,3.237492194330116e-07
NC_003070.9,2727801,2728249,JUNC_8984,1,+,GT,AG,0.9999932,0.99993944,0.003442717483267188,0.9993640780448914
NC_003070.9,2728563,2728658,JUNC_8985,1,+,GT,AG,0.99999964,0.9999995,0.022460026666522026,0.16759192943572998
NC_003070.9,2728749,2728854,JUNC_8986,1,+,GT,AG,0.9999969,0.9999943,0.6497437953948975,0.015291675925254822
NC_003070.9,2729064,2729215,JUNC_8987,1,+,GT,AG,0.99652916,0.99084646,0.10856741666793823,0.8742086291313171
NC_003070.9,2729335,2729474,JUNC_8988,1,+,GT,AG,0.9999703,0.9997545,0.014304306358098984,0.002698133699595928
NC_003070.9,2729641,2730001,JUNC_8989,1,+,GT,AG,0.9967634,0.99798644,0.07580473273992538,0.0010285716271027923
NC_003070.9,2730143,2730401,JUNC_8990,1,+,GT,AG,0.62886006,0.49098736,0.6097941994667053,0.003332071239128709
NC_003070.9,2730551,2730635,JUNC_8991,1,+,GT,AG,0.689222,0.5958362,0.950337827205658,0.33404549956321716
NC_003070.9,2730691,2730781,JUNC_8992,1,+,GC,AG,0.99952793,0.99955755,0.17975574731826782,0.5495058298110962
NC_003070.9,2731079,2731222,JUNC_8993,1,+,GT,AG,0.9999279,0.99989724,0.8155215382575989,0.6997451186180115
NC_003070.9,2731352,2731762,JUNC_8994,1,+,GT,AG,1.0,0.9999999,0.5840893387794495,0.04716461896896362
NC_003070.9,2731818,2731932,JUNC_8995,1,+,GT,AG,0.993357,0.981901,0.9790204167366028,0.9834678173065186
NC_003070.9,2732159,2732239,JUNC_8996,1,+,GT,AG,0.9328107,0.9430932,0.8199688196182251,0.9842666983604431
NC_003070.9,2732443,2732526,JUNC_8997,1,+,GT,AG,0.9996816,0.99948984,0.5325983762741089,0.6040382385253906
NC_003070.9,2732605,2732692,JUNC_8998,1,+,GT,AG,0.99999046,0.9999875,0.9971752166748047,0.9138941764831543
NC_003070.9,2732952,2733049,JUNC_8999,1,+,GT,AG,0.9999888,0.9999658,0.17373596131801605,0.9787163138389587
NC_003070.9,2743986,2744071,JUNC_6848,1,-,GT,AG,0.9996388,0.99879235,0.820068359375,0.056975025683641434
NC_003070.9,2744138,2744236,JUNC_6849,1,-,GT,AG,0.99751043,0.99711347,0.7212435007095337,0.8461468815803528
NC_003070.9,2744337,2744474,JUNC_6850,1,-,GT,AG,0.9972963,0.99490213,0.0005001902463845909,0.013017049059271812
NC_003070.9,2744533,2744613,JUNC_6851,1,-,GT,AG,0.2768239,0.37443084,0.24715368449687958,0.3127519488334656
NC_003070.9,2744818,2744902,JUNC_6852,1,-,GT,AG,0.99995697,0.9999622,0.11972393840551376,0.001956359716132283
NC_003070.9,2744953,2745032,JUNC_6853,1,-,GT,AG,0.06509714,0.10395847,0.10929103195667267,0.00046385443420149386
NC_003070.9,2745144,2745242,JUNC_6854,1,-,GT,AG,6.5988825e-05,0.00015041961,0.23863844573497772,0.012119012884795666
NC_003070.9,2745702,2746403,JUNC_10178,1,-,GT,AG,0.99322706,0.99468225,0.09544015675783157,0.22889573872089386
NC_003070.9,2746477,2747889,JUNC_6856,1,-,GT,AG,0.98304325,0.9880355,0.1721213012933731,0.8722168207168579
NC_003070.9,2757683,2757804,JUNC_11195,1,-,GC,AG,0.98853695,0.98102725,0.38876792788505554,0.00017362373182550073
NC_003070.9,2757953,2758133,JUNC_11196,1,-,GT,AG,0.8425192,0.9358107,0.006446524057537317,0.0016397970030084252
NC_003070.9,2758192,2758318,JUNC_11197,1,-,GT,AG,0.9989083,0.9978966,0.9820377826690674,0.5073257088661194
NC_003070.9,2758409,2758530,JUNC_11198,1,-,GT,AG,0.99999976,0.99999964,0.0021935985423624516,0.0034687553998082876
NC_003070.9,2758732,2758816,JUNC_11199,1,-,GT,AG,0.99928993,0.9970995,0.001032867468893528,0.9543676376342773
NC_003070.9,2758908,2758987,JUNC_11200,1,-,GT,AG,0.00094349723,0.0009462814,0.01766951009631157,0.04673079401254654
NC_003070.9,2759065,2759158,JUNC_11201,1,-,GT,AG,0.5701328,0.7133477,0.06943432241678238,0.032842300832271576
NC_003070.9,2759245,2759405,JUNC_12437,1,-,GT,AG,0.9992065,0.9998265,0.0154781648889184,0.05235062167048454
NC_003070.9,2759485,2759571,JUNC_12438,1,-,GT,AG,0.849355,0.82248527,0.005209238268435001,0.024575572460889816
NC_003070.9,2762918,2763297,JUNC_16605,1,+,GT,AG,0.0010827959,0.0006766556,0.08707059919834137,0.21253499388694763
NC_003070.9,2763359,2764235,JUNC_16606,1,+,GT,AG,0.999701,0.9996861,0.45994868874549866,0.8957822918891907
NC_003070.9,2764323,2764409,JUNC_16607,1,+,GT,AG,0.9999889,0.9999523,0.014470105990767479,0.9927195310592651
NC_003070.9,2764471,2764592,JUNC_16608,1,+,GT,AG,0.9999963,0.99999166,0.90940922498703,0.007142198272049427
NC_003070.9,2764689,2765055,JUNC_16609,1,+,GC,AG,1.0,0.9999999,0.9986520409584045,0.3903633952140808
NC_003070.9,2765200,2765326,JUNC_16610,1,+,GT,AG,0.9999994,0.99999845,0.4834591746330261,0.9964388608932495
NC_003070.9,2765451,2765575,JUNC_16611,1,+,GT,AG,0.9999987,0.9999913,0.9071177840232849,0.0653722733259201
NC_003070.9,2766175,2766505,JUNC_16612,1,+,GT,AG,0.9999877,0.99998736,0.5685976147651672,0.6621903777122498
NC_003070.9,2766643,2766725,JUNC_16613,1,+,GT,AG,0.82815516,0.7431768,0.6646581888198853,0.08080149441957474
NC_003070.9,2766821,2766944,JUNC_16614,1,+,GT,AG,0.9999975,0.99999845,0.09302801638841629,0.9738076329231262
NC_003070.9,2767031,2767611,JUNC_16615,1,+,GT,AG,0.99604607,0.9969068,0.8809700012207031,0.02067340351641178
NC_003070.9,2767747,2768059,JUNC_16616,1,+,GT,AG,0.98796076,0.98788154,0.0504734069108963,0.0005998950800858438
NC_003070.9,2768093,2768332,JUNC_16617,1,+,GT,AG,0.92835176,0.8897798,0.06277772039175034,0.026018233969807625
NC_003070.9,2770924,2771026,JUNC_4482,1,-,GT,AG,0.9573549,0.9530929,0.008065490052103996,0.13635621964931488
NC_003070.9,2771955,2772043,JUNC_13283,1,+,GT,AG,0.9584306,0.98203045,0.6060841679573059,0.002352883340790868
NC_003070.9,2772217,2772443,JUNC_13284,1,+,GT,AG,0.9991917,0.9996679,0.9696331024169922,0.01753712259232998
NC_003070.9,2772606,2772696,JUNC_13285,1,+,GT,AG,0.99997187,0.9998828,0.47488129138946533,0.002298613777384162
NC_003070.9,2772895,2773197,JUNC_16761,1,+,GT,AG,0.99821305,0.9948396,0.44217222929000854,0.04156815633177757
NC_003070.9,2806464,2806757,JUNC_2437,1,+,GT,AG,0.9999956,0.99999607,0.0730052962899208,0.1332036405801773
NC_003070.9,2807057,2807310,JUNC_2438,1,+,GT,AG,0.9999989,0.99999845,0.07380112260580063,0.9784547686576843
NC_003070.9,2807402,2807541,JUNC_2439,1,+,GT,AG,0.99999166,0.99998486,0.9989836812019348,0.993050217628479
NC_003070.9,2812478,2812563,JUNC_2305,1,+,GT,AG,0.98976797,0.97794926,0.6135265231132507,0.9944010376930237
NC_003070.9,2814758,2814917,JUNC_224,1,-,GT,AG,1.0,1.0,0.03772513195872307,0.2516978979110718
NC_003070.9,2817158,2817423,JUNC_225,1,-,GT,AG,0.0018480411,0.0028256408,0.026866767555475235,0.9530766606330872
NC_003070.9,2817158,2817717,JUNC_10697,1,-,GT,AG,0.2312504,0.21291387,0.9910656809806824,0.9498860239982605
NC_003070.9,2825834,2825873,JUNC_14218,1,+,TT,TG,4.5026524e-11,8.70608e-11,0.5077387690544128,0.01834561862051487
NC_003070.9,2838815,2839211,JUNC_2403,1,+,GT,AG,0.9913925,0.9715621,1.572489338741434e-07,0.15012739598751068
NC_003070.9,2839304,2839839,JUNC_2404,1,+,GT,AG,0.99991727,0.9999496,0.005076425150036812,0.0013651601038873196
NC_003070.9,2839971,2840502,JUNC_2405,1,+,GT,AG,0.9999995,0.9999995,0.005617492366582155,0.9343709945678711
NC_003070.9,2882686,2883140,JUNC_12934,1,+,GT,AG,0.880366,0.91420454,0.40893760323524475,0.04125479981303215
NC_003070.9,2883916,2884030,JUNC_13890,1,+,GT,AG,0.80344105,0.6935152,0.7793290019035339,0.013400803320109844
NC_003070.9,2884567,2884648,JUNC_14570,1,+,GT,AG,0.9513944,0.9233635,0.0075554498471319675,0.777493417263031
NC_003070.9,2884801,2884933,JUNC_14571,1,+,GT,AG,0.97754264,0.9658747,0.6989498734474182,0.966128945350647
NC_003070.9,2885058,2885149,JUNC_14572,1,+,GT,AG,0.99942243,0.9995278,0.07250133901834488,2.3148411855800077e-05
NC_003070.9,2885275,2885350,JUNC_14573,1,+,GT,AG,0.99995446,0.9999008,0.6080910563468933,0.9967073202133179
NC_003070.9,2885533,2885613,JUNC_14574,1,+,GT,AG,0.9999994,0.9999989,0.0005536685930565,0.030607743188738823
NC_003070.9,2885770,2885839,JUNC_14575,1,+,GT,AG,0.91977173,0.52918094,0.05267830938100815,0.02451012097299099
NC_003070.9,2886008,2886098,JUNC_14576,1,+,GT,AG,0.12994903,0.14596926,0.07380785793066025,0.21915192902088165
NC_003070.9,2886233,2886313,JUNC_14577,1,+,GT,AG,0.9989516,0.99925256,0.4688839316368103,0.0062345159240067005
NC_003070.9,2889500,2889637,JUNC_17747,1,+,GT,AG,0.9878229,0.97990966,0.10222522914409637,2.3728827727609314e-05
NC_003070.9,2890104,2890267,JUNC_17748,1,+,GT,AG,0.99999726,0.99999154,2.8594067771336995e-06,0.002179741859436035
NC_003070.9,2895993,2896145,JUNC_9946,1,-,GT,AG,0.9999702,0.999962,0.003039274364709854,0.0027172777336090803
NC_003070.9,2896373,2896540,JUNC_9947,1,-,GT,AG,0.9999542,0.9999746,0.00293234852142632,0.006604333408176899
NC_003070.9,2897185,2897265,JUNC_9948,1,-,GT,AG,0.9993231,0.9990111,1.552262438053731e-05,2.863953159248922e-05
NC_003070.9,2897470,2897556,JUNC_9949,1,-,GT,AG,0.99960715,0.99957484,2.121771984775478e-07,0.012486469000577927
NC_003070.9,2897726,2897839,JUNC_9950,1,-,GT,AG,0.9999995,0.99999917,0.00015972359688021243,0.21382974088191986
NC_003070.9,2898070,2898180,JUNC_9951,1,-,GT,AG,0.9215733,0.8993787,0.01090142410248518,0.13511162996292114
NC_003070.9,2898229,2898304,JUNC_9952,1,-,GT,AG,0.9983334,0.9917356,4.015128979517613e-06,0.0005879364907741547
NC_003070.9,2898363,2898447,JUNC_9953,1,-,GT,AG,0.99339175,0.9942462,0.010209676809608936,0.08390732854604721
NC_003070.9,2898672,2898761,JUNC_9954,1,-,GT,AG,0.99629575,0.99795663,0.860448956489563,0.32976454496383667
NC_003070.9,2898900,2899138,JUNC_9955,1,-,GT,AG,0.99999917,0.9999968,0.1870228797197342,0.7579427361488342
NC_003070.9,2900243,2900347,JUNC_3066,1,-,GT,AG,0.8681921,0.7119747,0.0006710131419822574,0.018807673826813698
NC_003070.9,2900465,2900657,JUNC_3067,1,-,GT,AG,0.9061943,0.9370917,0.9997145533561707,0.9927933216094971
NC_003070.9,2900727,2900814,JUNC_3068,1,-,GT,AG,0.9930387,0.9931539,0.9185515642166138,0.899593710899353
NC_003070.9,2900878,2901265,JUNC_3069,1,-,GT,AG,0.9538198,0.9387685,0.02843504399061203,0.9696803689002991
NC_003070.9,2901439,2901727,JUNC_3070,1,-,GT,AG,0.9993604,0.9997379,0.5151097178459167,0.5702851414680481
NC_003070.9,2901872,2902036,JUNC_3071,1,-,GT,AG,0.99999964,0.99999976,0.9772049784660339,0.0058508822694420815
NC_003070.9,2902171,2902351,JUNC_3072,1,-,GT,AG,0.99999774,0.9999982,0.06413212418556213,3.7157518818276e-05
NC_003070.9,2902441,2902651,JUNC_3073,1,-,GT,AG,4.3372624e-05,2.0611244e-05,3.76401367248036e-05,0.001191939925774932
NC_003070.9,2902711,2902838,JUNC_3074,1,-,GT,AG,0.9011047,0.85012686,0.4428475499153137,7.357661525020376e-05
NC_003070.9,2902961,2903242,JUNC_3075,1,-,GT,AG,0.999998,0.99999595,0.007337392307817936,0.7911230325698853
NC_003070.9,2903419,2903852,JUNC_3076,1,-,GT,AG,0.9999999,0.9999993,0.1657411754131317,0.05836101993918419
NC_003070.9,2903940,2904087,JUNC_3077,1,-,GT,AG,0.99712014,0.99041754,0.11103405058383942,0.0022276027593761683
NC_003070.9,2911463,2912344,JUNC_8520,1,+,GT,AG,0.9999988,0.9999982,0.03112882375717163,0.18940019607543945
NC_003070.9,2913087,2913164,JUNC_8521,1,+,GT,AG,0.9999471,0.99988973,0.8866058588027954,0.1336362361907959
NC_003070.9,2917162,2918013,JUNC_10516,1,+,GT,AG,0.99999535,0.999998,0.5362272262573242,0.0047233980149030685
NC_003070.9,2918756,2918833,JUNC_8318,1,+,GT,AG,0.9995745,0.9988964,0.6908918619155884,0.569965660572052
NC_003070.9,2921337,2921438,JUNC_3033,1,-,GT,AG,0.0180894,0.022287361,0.9389216899871826,0.005784563720226288
NC_003070.9,2921509,2921609,JUNC_3034,1,-,GT,AG,0.9999069,0.99993026,0.9781061410903931,0.908682107925415
NC_003070.9,2921729,2921817,JUNC_3035,1,-,GT,AG,0.9999931,0.9999647,0.7480026483535767,0.7382813096046448
NC_003070.9,2921903,2921992,JUNC_3036,1,-,GT,AG,0.9995727,0.9992415,0.971135139465332,0.000484445015899837
NC_003070.9,2922062,2922154,JUNC_3037,1,-,GT,AG,0.999915,0.9998852,0.005620461422950029,0.9974512457847595
NC_003070.9,2922526,2922663,JUNC_3038,1,-,GT,AG,0.99981433,0.99974674,0.9986284971237183,0.9939143061637878
NC_003070.9,2922993,2923071,JUNC_3039,1,-,GT,AG,0.9990136,0.9986102,0.9972378015518188,0.9270535111427307
NC_003070.9,2923717,2923825,JUNC_3040,1,-,GT,AG,0.98794264,0.9787707,0.00027588565717451274,5.572430382017046e-06
NC_003070.9,2923880,2923972,JUNC_3041,1,-,GT,AG,0.99985385,0.9995004,0.0001434273726772517,0.0002649146190378815
NC_003070.9,2924105,2924208,JUNC_3042,1,-,GT,AG,0.99999976,0.99999976,0.9808427095413208,0.9693651795387268
NC_003070.9,2924308,2924405,JUNC_3043,1,-,GT,AG,0.99999845,0.9999987,0.002212673658505082,0.005679429974406958
NC_003070.9,2924548,2924648,JUNC_3044,1,-,GT,AG,0.99999964,0.99999964,0.003067473880946636,0.026406966149806976
NC_003070.9,2925248,2925711,JUNC_3045,1,-,GT,AG,0.9993993,0.9983688,0.0019342205487191677,0.00022474146680906415
NC_003070.9,2925264,2925687,JUNC_16565,1,-,GT,AG,0.9998989,0.9997596,0.0043119341135025024,0.005551863461732864
NC_003070.9,2929754,2929843,JUNC_5006,1,-,GT,AG,0.9303065,0.9123956,0.006018210668116808,0.6868715286254883
NC_003070.9,2930081,2930176,JUNC_5007,1,-,GT,AG,0.99999833,0.99999416,0.03715144842863083,0.16196221113204956
NC_003070.9,2930899,2931068,JUNC_5008,1,-,GT,AG,1.0,1.0,0.9860675930976868,0.9969660639762878
NC_003070.9,2931280,2931375,JUNC_5009,1,-,GT,AG,0.99999964,0.9999987,0.9994416832923889,0.9881189465522766
NC_003070.9,2931670,2931731,JUNC_5010,1,-,GT,AG,0.9739944,0.9413066,0.0940244197845459,0.00046970948460511863
NC_003070.9,2933127,2933283,JUNC_11365,1,+,GT,AG,0.9999976,0.99999833,0.00029830134008079767,0.041882578283548355
NC_003070.9,2933443,2933557,JUNC_11366,1,+,GT,AG,0.99986374,0.9997088,0.003834010101854801,3.5503551771398634e-05
NC_003070.9,2933606,2933695,JUNC_11367,1,+,GT,AG,0.9999999,0.99999976,0.02820068970322609,0.0031923609785735607
NC_003070.9,2933809,2933951,JUNC_11368,1,+,GT,AG,0.9633902,0.97213554,0.016386983916163445,7.672060746699572e-05
NC_003070.9,2934389,2934548,JUNC_11369,1,+,GT,AG,0.9995683,0.9997701,0.34427839517593384,0.5137888789176941
NC_003070.9,2934935,2935060,JUNC_11370,1,+,GT,AG,0.9996743,0.99987864,0.4289010763168335,0.8906662464141846
NC_003070.9,2935156,2935267,JUNC_11371,1,+,GT,AG,0.9999684,0.9999461,0.3983260691165924,0.9821019172668457
NC_003070.9,2935383,2935466,JUNC_11372,1,+,GT,AG,0.9913225,0.98934305,0.9508984088897705,0.8362916111946106
NC_003070.9,2935717,2935796,JUNC_11374,1,+,GT,AG,0.9996681,0.99920267,0.0014324395451694727,0.0063617355190217495
NC_003070.9,2936296,2936385,JUNC_11375,1,+,GT,AG,0.999689,0.9995689,0.11302509158849716,0.066428042948246
NC_003070.9,2939859,2940071,JUNC_18175,1,-,GT,AG,0.9439823,0.9052602,0.6381220817565918,0.13475345075130463
NC_003070.9,2940152,2940364,JUNC_17011,1,-,GT,AG,0.9999994,0.9999975,0.1088562086224556,0.00023310145479626954
NC_003070.9,2940448,2940522,JUNC_17012,1,-,GT,AG,0.99999297,0.99999535,0.9764156937599182,0.6369498372077942
NC_003070.9,2940576,2940796,JUNC_17013,1,-,GT,AG,0.98644304,0.9963446,0.9268496036529541,0.9776026606559753
NC_003070.9,2940870,2940957,JUNC_17014,1,-,GT,AG,0.22417438,0.16686393,0.4038504362106323,0.05596896633505821
NC_003070.9,2941054,2941212,JUNC_17015,1,-,GT,AG,0.007261998,0.009201893,0.74654620885849,0.9961256384849548
NC_003070.9,2941272,2941350,JUNC_17016,1,-,GT,AG,0.9999995,0.9999982,0.9757688641548157,0.9392260313034058
NC_003070.9,2941473,2941546,JUNC_17017,1,-,GT,AG,1.0,1.0,0.0018777899676933885,0.0011192470556125045
NC_003070.9,2941648,2941908,JUNC_17018,1,-,GT,AG,0.999998,0.9999981,0.002725230995565653,3.979904067819007e-05
NC_003070.9,2953074,2953162,JUNC_18206,1,-,GT,AG,0.9940117,0.9900367,0.019761204719543457,0.00047838984755799174
NC_003070.9,2953418,2953529,JUNC_18207,1,-,GT,AG,0.99974376,0.9986191,0.08258272707462311,0.9565900564193726
NC_003070.9,2953762,2953845,JUNC_18208,1,-,GT,AG,0.9997149,0.99981505,0.7074084877967834,0.9084169268608093
NC_003070.9,2953971,2954054,JUNC_18209,1,-,GT,AG,0.99999976,0.9999995,0.9418427348136902,0.9019040465354919
NC_003070.9,2954162,2954289,JUNC_18210,1,-,GT,AG,1.0,1.0,0.001941385678946972,0.14100925624370575
NC_003070.9,2954507,2954599,JUNC_18211,1,-,GT,AG,0.9999851,0.9999716,0.6413146257400513,6.8441659095697105e-06
NC_003070.9,2954771,2954849,JUNC_18212,1,-,GT,AG,0.9999995,0.9999995,0.11877350509166718,0.006265489850193262
NC_003070.9,2955094,2955483,JUNC_18213,1,-,GT,AG,0.99841857,0.99838865,0.0016599830705672503,0.29215508699417114
NC_003070.9,2956724,2956805,JUNC_11312,1,-,GT,AG,0.9213231,0.862202,0.03116627037525177,0.0053998976945877075
NC_003070.9,2958222,2958483,JUNC_11314,1,-,GT,AG,0.9999999,0.9999999,0.006385688669979572,0.01971282623708248
NC_003070.9,2958645,2958742,JUNC_11315,1,-,AT,AC,0.99999404,0.99999595,0.09708642214536667,0.12873895466327667
NC_003070.9,2958921,2959015,JUNC_11316,1,-,GT,AG,0.6098213,0.5147027,0.006647782400250435,9.032779416884296e-06
NC_003070.9,2959122,2959302,JUNC_11317,1,-,GT,AG,0.9977704,0.99697226,4.7499892730229476e-07,0.00660064397379756
NC_003070.9,2959479,2959591,JUNC_11318,1,-,GT,AG,0.99966884,0.9986304,0.8976722359657288,0.010854990221560001
NC_003070.9,2959687,2959826,JUNC_11319,1,-,GT,AG,0.9972107,0.996237,6.960449354664888e-07,0.40876975655555725
NC_003070.9,2959908,2960013,JUNC_11320,1,-,GT,AG,0.99998355,0.99996114,0.26046472787857056,1.068617984856246e-05
NC_003070.9,2960178,2960309,JUNC_11321,1,-,GT,AG,0.9998728,0.99987805,1.1372682138244272e-06,0.015599371865391731
NC_003070.9,2960402,2960510,JUNC_11322,1,-,GT,AG,1.0,1.0,0.004620332270860672,0.06602261960506439
NC_003070.9,2960579,2960665,JUNC_11323,1,-,GT,AG,1.0,1.0,0.4385755658149719,0.9095954895019531
NC_003070.9,2960737,2960820,JUNC_11324,1,-,GT,AG,0.9999989,0.9999994,0.9625908732414246,0.9526289701461792
NC_003070.9,2961069,2961205,JUNC_11325,1,-,GT,AG,0.9999999,0.99999976,0.9410109519958496,0.9741787314414978
NC_003070.9,2961349,2961591,JUNC_11326,1,-,GT,AG,0.9999964,0.99999523,0.9972363710403442,0.9932768940925598
NC_003070.9,2961791,2962080,JUNC_11327,1,-,GT,AG,0.9992199,0.9985055,0.9930939674377441,0.9970045685768127
NC_003070.9,2968254,2968379,JUNC_9751,1,-,GT,AG,0.99356306,0.9895063,0.9433518052101135,0.9915409684181213
NC_003070.9,2968536,2968652,JUNC_6223,1,-,GT,AG,0.035361584,0.026200479,0.9972158670425415,0.9646340012550354
NC_003070.9,2968758,2968969,JUNC_6224,1,-,GT,AG,0.9900473,0.99143,0.009941473603248596,0.4411885142326355
NC_003070.9,2969077,2969374,JUNC_6225,1,-,GT,AG,1.0,1.0,0.9903032183647156,0.8165727853775024
NC_003070.9,2969282,2969374,JUNC_9565,1,-,GT,AG,0.9955344,0.9950348,0.0837365984916687,0.7813595533370972
NC_003070.9,2969494,2969574,JUNC_6226,1,-,GT,AG,0.9999231,0.99985254,0.002725230995565653,3.979904067819007e-05
NC_003070.9,2969655,2969762,JUNC_6227,1,-,GT,AG,0.32992497,0.40125188,0.8786356449127197,0.7324293255805969
NC_003070.9,2969804,2969981,JUNC_6228,1,-,GT,AG,0.9997483,0.99976045,0.3675071597099304,0.8555306196212769
NC_003070.9,2970134,2970362,JUNC_6229,1,-,GT,AG,0.9116821,0.46160683,0.0011086432496085763,0.4897325038909912
NC_003070.9,2987835,2987885,JUNC_3851,1,-,GT,GA,4.5121064e-07,1.7265745e-07,0.9911177158355713,0.0009369541658088565
NC_003070.9,2994736,2995146,JUNC_10269,1,+,GT,AG,0.9999999,0.9999999,0.1769278347492218,0.984387993812561
NC_003070.9,2994736,2995150,JUNC_14841,1,+,GT,AG,0.9999944,0.9999815,0.011054242961108685,0.0989823117852211
NC_003070.9,2995243,2995344,JUNC_10270,1,+,GT,AG,0.9999913,0.9999864,0.029683196917176247,0.03078979253768921
NC_003070.9,2995436,2995536,JUNC_10271,1,+,GT,AG,0.9999573,0.99978095,0.06413779407739639,0.49995118379592896
NC_003070.9,2995668,2995892,JUNC_10272,1,+,GT,AG,0.9999957,0.99997675,0.001756452489644289,1.3689540310224402e-06
NC_003070.9,2996078,2996226,JUNC_10273,1,+,GT,AG,0.99999976,0.9999995,0.03912467136979103,0.9923451542854309
NC_003070.9,2996390,2996637,JUNC_10274,1,+,GT,AG,0.9999999,0.9999999,0.998363196849823,0.08516952395439148
NC_003070.9,2996716,2996800,JUNC_10275,1,+,GT,AG,0.9999995,0.9999989,0.0006626922404393554,0.028392305597662926
NC_003070.9,2996929,2997201,JUNC_10276,1,+,GT,AG,0.9999485,0.9999746,0.0005461222026497126,0.7813352346420288
NC_003070.9,2997329,2997454,JUNC_10277,1,+,GT,AG,0.6363474,0.72670776,0.5853589773178101,0.36523163318634033
NC_003070.9,3001840,3001925,JUNC_8192,1,-,GT,AG,0.0022318077,0.006071623,0.5561448335647583,0.024063613265752792
NC_003070.9,3002102,3002191,JUNC_8193,1,-,GT,AG,0.9999989,0.9999963,0.000275289494311437,0.8704703450202942
NC_003070.9,3002321,3002640,JUNC_8194,1,-,GT,AG,0.9999993,0.99999833,0.05158534646034241,0.013957908377051353
NC_003070.9,3002827,3002921,JUNC_8195,1,-,GT,AG,0.9999875,0.9999354,0.624418318271637,0.00031603308161720634
NC_003070.9,3003060,3003259,JUNC_8196,1,-,GT,AG,1.0,1.0,0.07967720180749893,0.009202961809933186
NC_003070.9,3003306,3003507,JUNC_8197,1,-,GT,AG,0.9804334,0.98999244,0.051637984812259674,0.9956048727035522
NC_003070.9,3031519,3032116,JUNC_4942,1,+,GT,AG,0.9999435,0.99990463,0.9989097118377686,0.0008429405861534178
NC_003070.9,3032308,3032386,JUNC_4943,1,+,GT,AG,0.9999999,0.99999976,7.490468124160543e-05,0.01632395200431347
NC_003070.9,3032553,3032665,JUNC_4944,1,+,GT,AG,1.0,0.9999999,0.557022750377655,0.14264090359210968
NC_003070.9,3032930,3033182,JUNC_4945,1,+,GT,AG,0.9999999,0.9999995,0.4292932450771332,0.9951464533805847
NC_003070.9,3038860,3038943,JUNC_14764,1,+,GT,AG,0.0032262926,0.001422565,0.986146867275238,0.9964050054550171
NC_003070.9,3039064,3039131,JUNC_14765,1,+,GT,AG,0.032016784,0.0997118,0.9945909976959229,0.5384843945503235
NC_003070.9,3042233,3042489,JUNC_9524,1,+,GT,AG,1.0,1.0,0.9863146543502808,0.9858625531196594
NC_003070.9,3042666,3042742,JUNC_9525,1,+,GT,AG,0.999992,0.9999714,0.7163652181625366,0.9876430034637451
NC_003070.9,3042904,3043015,JUNC_9526,1,+,GT,AG,0.99999964,0.9999993,0.031229663640260696,0.9873051047325134
NC_003070.9,3043096,3043366,JUNC_9527,1,+,GT,AG,0.9999995,0.99999976,0.9881505966186523,0.11145714670419693
NC_003070.9,3043418,3043515,JUNC_9528,1,+,GT,AG,0.9999999,0.99999976,0.005020845681428909,0.0022975485771894455
NC_003070.9,3043630,3043721,JUNC_9529,1,+,GT,AG,0.9289245,0.84093183,3.4670625609578565e-05,0.01538198534399271
NC_003070.9,3043803,3043922,JUNC_9530,1,+,GT,AG,0.8882705,0.94806755,0.023707455024123192,1.999331834667828e-05
NC_003070.9,3044018,3044217,JUNC_9531,1,+,GT,AG,0.9991027,0.997786,2.7602764021139592e-05,0.0002514229854568839
NC_003070.9,3044319,3044411,JUNC_9532,1,+,GT,AG,0.9999665,0.9999566,0.0003147688403259963,0.028972715139389038
NC_003070.9,3044528,3044647,JUNC_9533,1,+,GT,AG,0.9995178,0.99948126,0.00018165107758250087,0.0015651400899514556
NC_003070.9,3044764,3044903,JUNC_9534,1,+,GT,AG,0.9909129,0.99510646,0.1003807783126831,0.7848565578460693
NC_003070.9,3045599,3045683,JUNC_10609,1,-,GT,AG,0.99912673,0.99827826,0.9706116318702698,0.731160581111908
NC_003070.9,3045896,3045971,JUNC_10610,1,-,GT,AG,0.99999666,0.9999968,0.7555069923400879,0.9818084836006165
NC_003070.9,3046101,3046184,JUNC_10611,1,-,GT,AG,0.9999844,0.99998677,0.999445378780365,0.00017544854199513793
NC_003070.9,3046355,3046435,JUNC_10612,1,-,GT,AG,0.67676216,0.24927941,0.006069199647754431,0.9975619316101074
NC_003070.9,3046558,3046633,JUNC_10613,1,-,GT,AG,0.99999666,0.99999607,0.7348740100860596,0.001418193569406867
NC_003070.9,3046738,3046821,JUNC_10614,1,-,GT,AG,0.9998191,0.9993401,0.1033627912402153,0.886056125164032
NC_003070.9,3047409,3047717,JUNC_10615,1,-,GT,AG,0.008162886,0.017369706,0.23538440465927124,6.292572379607009e-06
NC_003070.9,3055558,3055635,JUNC_12944,1,-,GT,AG,0.9999995,0.99999905,0.9979332685470581,0.32646045088768005
NC_003070.9,3055762,3055851,JUNC_12945,1,-,GT,AG,0.99952185,0.9983064,0.04283719137310982,0.992043673992157
NC_003070.9,3056285,3056551,JUNC_12946,1,-,GT,AG,0.9999635,0.9999784,0.0012629871489480138,0.638807475566864
NC_003070.9,3056659,3056760,JUNC_12947,1,-,GT,AG,1.0,1.0,0.0006827759207226336,0.02452162653207779
NC_003070.9,3057047,3057302,JUNC_16794,1,-,GT,AG,0.00016728067,0.00015190992,0.16328532993793488,0.00619079265743494
NC_003070.9,3062748,3063059,JUNC_2271,1,-,GT,AG,0.9998041,0.9997212,0.2963887155056,0.0004758618015330285
NC_003070.9,3064289,3064704,JUNC_15683,1,+,GT,AG,0.9998053,0.99964035,0.8277406692504883,0.9165756106376648
NC_003070.9,3064874,3064955,JUNC_15684,1,+,GT,AG,0.9999876,0.99998343,0.00036381458630785346,0.11321830749511719
NC_003070.9,3065147,3065225,JUNC_15685,1,+,GT,AG,0.99999976,0.99999964,0.6723828315734863,0.017109274864196777
NC_003070.9,3065575,3065676,JUNC_15686,1,+,GT,AG,0.99999607,0.9999951,0.007181169465184212,0.008029528893530369
NC_003070.9,3075852,3076458,JUNC_9558,1,+,GT,AG,0.0031320201,0.0016428455,0.011111833155155182,0.06528563052415848
NC_003070.9,3076748,3077172,JUNC_18405,1,+,GT,AG,0.9997954,0.9995715,0.08742455393075943,0.00739422719925642
NC_003070.9,3076808,3077172,JUNC_9559,1,+,GT,AG,0.9994585,0.9988053,0.9665353894233704,0.9872515201568604
NC_003070.9,3077286,3077377,JUNC_9560,1,+,GT,AG,0.99781823,0.99730176,0.5455510020256042,0.9118263125419617
NC_003070.9,3078257,3078345,JUNC_9561,1,+,GT,AG,0.995242,0.9946292,0.8782782554626465,0.8677433133125305
NC_003070.9,3078453,3078544,JUNC_9562,1,+,GT,AG,0.9999502,0.9999584,0.6170153617858887,0.913212776184082
NC_003070.9,3078610,3078842,JUNC_9563,1,+,GT,AG,0.99867153,0.9991572,0.00010351619857829064,0.010985146276652813
NC_003070.9,3078908,3078983,JUNC_9564,1,+,GT,AG,0.999819,0.99973327,0.9644174575805664,0.0008636452839709818
NC_003070.9,3095699,3095781,JUNC_3029,1,-,GT,AG,0.999361,0.9978261,0.9306974411010742,0.9651302099227905
NC_003070.9,3096072,3096142,JUNC_3030,1,-,GT,AG,0.9997768,0.9996212,0.9223524332046509,0.6847548484802246
NC_003070.9,3096959,3097157,JUNC_3031,1,-,GT,AG,0.99999785,0.9999995,0.8325506448745728,0.00016948775737546384
NC_003070.9,3099223,3099660,JUNC_4588,1,-,GT,AG,0.9950411,0.9870984,0.5799216032028198,0.0017390535213053226
NC_003070.9,3099223,3100146,JUNC_3032,1,-,GT,AG,0.9998784,0.99968064,0.150538831949234,0.9319969415664673
NC_003070.9,3102348,3102451,JUNC_9505,1,-,GT,AG,1.0,1.0,0.5756288170814514,0.5761017203330994
NC_003070.9,3128187,3128258,JUNC_13546,1,-,GT,AG,0.9999857,0.999967,0.00013136131747160107,0.011220168322324753
NC_003070.9,3128402,3128850,JUNC_13547,1,-,GT,AG,0.9999994,0.9999993,0.009064770303666592,1.3134740584064275e-05
NC_003070.9,3128967,3129043,JUNC_13548,1,-,GT,AG,0.8733873,0.5064681,0.10202410817146301,0.000293944263830781
NC_003070.9,3129181,3129303,JUNC_13549,1,-,GT,AG,0.99975234,0.99981517,0.8258059620857239,0.8673996329307556
NC_003070.9,3129428,3130099,JUNC_13550,1,-,GT,AG,0.9751654,0.95643586,0.05190180614590645,0.6473097205162048
NC_003070.9,3130185,3130660,JUNC_13551,1,-,GT,AG,0.89505583,0.94955415,0.014340967871248722,3.900227238773368e-05
NC_003070.9,3130799,3130873,JUNC_13552,1,-,GT,AG,0.3803467,0.42486152,0.308232843875885,0.0006808821926824749
NC_003070.9,3141009,3141093,JUNC_16378,1,+,GT,AG,0.9999695,0.9999865,0.05246545001864433,0.31298893690109253
NC_003070.9,3141013,3141093,JUNC_15199,1,+,GT,AG,0.9999964,0.9999988,0.6470505595207214,0.004713982809334993
NC_003070.9,3141198,3141293,JUNC_15200,1,+,GT,AG,0.9689462,0.9344849,0.9822803139686584,0.07964371144771576
NC_003070.9,3141483,3141744,JUNC_15201,1,+,GT,AG,0.99999607,0.9999939,0.1629648655653,0.00044311300734989345
NC_003070.9,3141831,3142029,JUNC_15202,1,+,GT,AG,1.0,1.0,0.003983449190855026,0.6643177270889282
NC_003070.9,3142398,3142929,JUNC_15203,1,+,GT,AG,0.9902221,0.98379195,0.18625357747077942,0.00018989921954926103
NC_003070.9,3143074,3143270,JUNC_15204,1,+,GT,AG,1.0,0.99999976,8.96193232620135e-05,0.004253335762768984
NC_003070.9,3143194,3143270,JUNC_17886,1,+,GT,AG,0.9987651,0.9980939,0.6458942890167236,0.011887329630553722
NC_003070.9,3147130,3147209,JUNC_14669,1,-,GT,AG,0.99999666,0.9999956,0.3859884738922119,0.7609537243843079
NC_003070.9,3154804,3154895,JUNC_10179,1,+,GT,AG,0.99124044,0.992675,0.008076819591224194,0.14992524683475494
NC_003070.9,3154999,3155216,JUNC_10180,1,+,GT,AG,0.9999999,0.99999976,0.9924795627593994,0.9265040159225464
NC_003070.9,3155335,3155743,JUNC_10181,1,+,GT,AG,0.9999994,0.9999976,0.0013101465301588178,0.8817670345306396
NC_003070.9,3155838,3156023,JUNC_10182,1,+,GT,AG,0.69214743,0.82111424,0.960657000541687,0.0001317021669819951
NC_003070.9,3159481,3159577,JUNC_14273,1,-,GT,AG,0.99999726,0.99999106,6.7544897319749e-06,0.02832600474357605
NC_003070.9,3159652,3159751,JUNC_14274,1,-,GT,AG,0.99999976,0.9999995,0.016920577734708786,0.00034781466820277274
NC_003070.9,3159802,3159922,JUNC_14275,1,-,GT,AG,0.999998,0.9999963,0.7430177330970764,0.04548634961247444
NC_003070.9,3160081,3160581,JUNC_14276,1,-,GT,AG,0.9999999,0.99999917,0.013003095053136349,0.039873309433460236
NC_003070.9,3160787,3160887,JUNC_14277,1,-,GT,AG,0.99999964,0.9999987,0.037213318049907684,0.0063689593225717545
NC_003070.9,3161017,3161380,JUNC_14278,1,-,GT,AG,0.9999331,0.9991215,0.9965125918388367,0.9942347407341003
NC_003070.9,3161421,3161521,JUNC_14279,1,-,GT,AG,0.98869497,0.98218566,0.978123128414154,0.983130931854248
NC_003070.9,3162178,3162443,JUNC_13928,1,+,GT,AG,0.99997747,0.9999095,0.9866337776184082,0.9690629243850708
NC_003070.9,3164162,3164394,JUNC_13929,1,+,GT,AG,1.0,1.0,0.5833221077919006,0.9503589272499084
NC_003070.9,3164676,3164765,JUNC_13930,1,+,GT,AG,0.99999976,0.9999995,0.10347112268209457,0.04516594484448433
NC_003070.9,3165711,3165797,JUNC_9596,1,-,GT,AG,0.99999976,0.99999976,6.068351012800122e-07,8.419829669037426e-07
NC_003070.9,3165953,3166038,JUNC_9597,1,-,GT,AG,1.0,1.0,2.315364255878194e-08,2.9437619009087257e-09
NC_003070.9,3166134,3166223,JUNC_9598,1,-,GT,AG,1.0,1.0,0.007388168480247259,0.0001092418169719167
NC_003070.9,3166416,3166582,JUNC_9599,1,-,GT,AG,0.99999774,0.9999893,0.030888298526406288,0.00027323217364028096
NC_003070.9,3167211,3167302,JUNC_9600,1,-,GT,AG,0.9999691,0.9999248,0.00019543089729268104,4.788379555975553e-06
NC_003070.9,3167581,3167653,JUNC_9601,1,-,GT,AG,0.99999857,0.99999774,0.003697281703352928,0.00014845778059680015
NC_003070.9,3172281,3173215,JUNC_15654,1,+,GT,AG,0.6143277,0.65624857,0.004677535034716129,0.041126739233732224
NC_003070.9,3177218,3177320,JUNC_15419,1,-,GT,AG,0.9999541,0.99990976,0.018292900174856186,0.9098494648933411
NC_003070.9,3177381,3177597,JUNC_15420,1,-,GT,AG,0.9999684,0.9999577,0.8662497997283936,0.9815657138824463
NC_003070.9,3177867,3178389,JUNC_15421,1,-,GT,AG,0.99993145,0.9999584,0.002280842512845993,0.4939045011997223
NC_003070.9,3178452,3178588,JUNC_15422,1,-,GT,AG,0.119132705,0.14720103,0.03632844239473343,0.026370899751782417
NC_003070.9,3178688,3178829,JUNC_15423,1,-,GT,AG,0.99816126,0.9974737,0.974896252155304,0.9311907887458801
NC_003070.9,3178912,3179151,JUNC_15424,1,-,GT,AG,0.99221605,0.9888397,0.5696219801902771,0.25196218490600586
NC_003070.9,3179205,3179472,JUNC_15425,1,-,GT,AG,0.999803,0.9995203,0.9874744415283203,0.6367723941802979
NC_003070.9,3179550,3179844,JUNC_15426,1,-,GT,AG,0.9994173,0.9978605,0.7360997796058655,0.9972164630889893
NC_003070.9,3179908,3180088,JUNC_15427,1,-,AT,AC,0.4288917,0.81314397,0.997848629951477,0.0009927409701049328
NC_003070.9,3196202,3196514,JUNC_5548,1,-,GT,AG,0.99999833,0.99999785,0.0018639216432347894,0.9671866297721863
NC_003070.9,3196617,3196699,JUNC_5549,1,-,GT,AG,0.9998785,0.9998327,0.0010837175650522113,0.0056586433202028275
NC_003070.9,3196783,3197230,JUNC_5550,1,-,GT,AG,0.99979526,0.99950194,0.02333754673600197,0.017789529636502266
NC_003070.9,3197326,3197595,JUNC_5551,1,-,GT,AG,0.9998592,0.99984944,0.5034347176551819,0.0028222245164215565
NC_003070.9,3197646,3197742,JUNC_5552,1,-,GT,AG,0.99472886,0.99349034,0.016781356185674667,0.0002469644241500646
NC_003070.9,3197883,3197951,JUNC_5553,1,-,GT,AG,0.99999976,0.9999999,4.178984818281606e-05,0.34856855869293213
NC_003070.9,3198008,3198442,JUNC_5554,1,-,GC,AG,0.97876155,0.95124656,0.0004581577377393842,0.0008788787527009845
NC_003070.9,3198517,3198655,JUNC_5555,1,-,GT,AG,0.088544145,0.04289313,0.8776511549949646,3.937936071451986e-06
NC_003070.9,3198928,3199013,JUNC_5556,1,-,GT,AG,0.9841807,0.9739784,0.034150756895542145,0.02502099610865116
NC_003070.9,3199073,3199160,JUNC_5557,1,-,GT,AG,0.9999069,0.999148,0.06983702629804611,0.744342029094696
NC_003070.9,3199253,3199380,JUNC_5558,1,-,GT,AG,0.99980384,0.99984753,0.013977895490825176,0.004008947405964136
NC_003070.9,3199623,3199709,JUNC_17894,1,-,GT,AG,7.529024e-11,6.7264805e-10,0.007764871697872877,0.031319089233875275
NC_003070.9,3199623,3200035,JUNC_18295,1,-,GT,AG,0.0003759689,0.0029076678,0.0007715057581663132,0.16368864476680756
NC_003070.9,3200099,3200182,JUNC_18296,1,-,GT,AG,0.013292973,0.04496302,0.016761232167482376,0.06881019473075867
NC_003070.9,3209085,3209167,JUNC_14656,1,-,GT,AG,0.89756393,0.9463253,0.17856694757938385,0.0027260270435363054
NC_003070.9,3209300,3209376,JUNC_14657,1,-,GT,AG,0.9999981,0.9999969,0.0005258218734525144,0.0005743312649428844
NC_003070.9,3209650,3209730,JUNC_14658,1,-,GT,AG,0.048663985,0.026473356,0.7610242366790771,0.047962818294763565
NC_003070.9,3209872,3209963,JUNC_14659,1,-,GT,AG,0.1625199,0.06322707,0.07120952010154724,0.02272377721965313
NC_003070.9,3210054,3210142,JUNC_14660,1,-,GT,AG,0.9997452,0.9996842,0.06613504141569138,0.3351774215698242
NC_003070.9,3210249,3210330,JUNC_14661,1,-,GT,AG,0.9999981,0.9999981,0.9880867004394531,0.9983360171318054
NC_003070.9,3210486,3210568,JUNC_14662,1,-,GT,AG,0.9961131,0.97263384,0.9965768456459045,0.5761317014694214
NC_003070.9,3210739,3210847,JUNC_14663,1,-,GT,AG,0.99634606,0.99621564,0.05205735191702843,0.12926915287971497
NC_003070.9,3211109,3211183,JUNC_14664,1,-,GT,AG,0.94392973,0.96681935,0.028872357681393623,0.04888942465186119
NC_003070.9,3211300,3211384,JUNC_14665,1,-,GT,AG,0.9849629,0.9508252,0.035318523645401,0.0043534887954592705
NC_003070.9,3211450,3211534,JUNC_14666,1,-,GT,AG,0.9998285,0.99972993,0.00019985258404631168,0.04301200062036514
NC_003070.9,3211659,3211833,JUNC_14667,1,-,GT,AG,0.9931943,0.9774139,0.006283883471041918,0.7379243969917297
NC_003070.9,3211979,3212117,JUNC_15951,1,-,GT,AG,0.9828888,0.8761326,0.7862637042999268,0.6533282995223999
NC_003070.9,3212202,3213414,JUNC_15952,1,-,GT,AG,0.99993694,0.9999242,0.9500566720962524,0.009334685280919075
NC_003070.9,3214467,3214581,JUNC_13632,1,-,GT,AG,0.17679113,0.14219308,0.316560834646225,0.3445304036140442
NC_003070.9,3214708,3214795,JUNC_13633,1,-,GT,AG,0.9999057,0.9998128,0.6943579912185669,0.3568938970565796
NC_003070.9,3214912,3215097,JUNC_13634,1,-,GT,AG,0.99990714,0.99974316,0.948394238948822,0.03184616193175316
NC_003070.9,3215468,3215556,JUNC_13635,1,-,GT,AG,0.9977653,0.99768734,0.052842751145362854,0.027929281815886497
NC_003070.9,3215647,3215768,JUNC_13636,1,-,GT,AG,0.999858,0.99985576,0.015826312825083733,0.019917583093047142
NC_003070.9,3215875,3215957,JUNC_13637,1,-,GT,AG,0.9997003,0.99963975,0.4810320734977722,0.19567179679870605
NC_003070.9,3216116,3216187,JUNC_13638,1,-,GT,AG,0.9993833,0.999749,0.8855734467506409,0.40957772731781006
NC_003070.9,3216361,3216458,JUNC_13639,1,-,GT,AG,0.9999956,0.99999404,0.33065587282180786,0.6541900038719177
NC_003070.9,3216600,3216681,JUNC_13640,1,-,GT,AG,0.41020805,0.27525005,0.8075768351554871,0.7951192855834961
NC_003070.9,3216801,3216870,JUNC_13641,1,-,GT,AG,0.03686102,0.018852452,0.9310992360115051,0.5752143263816833
NC_003070.9,3216990,3217133,JUNC_13642,1,-,GT,AG,0.9991811,0.999545,0.04756464064121246,0.03242083638906479
NC_003070.9,3217184,3217270,JUNC_13643,1,-,GT,AG,1.0,0.9999999,0.856846272945404,0.9646903872489929
NC_003070.9,3217392,3217499,JUNC_13644,1,-,GT,AG,0.9974751,0.9988196,0.9763630032539368,0.6589676141738892
NC_003070.9,3225013,3225115,JUNC_5140,1,-,GT,AG,0.9989901,0.99682176,0.004031336400657892,0.9814954400062561
NC_003070.9,3225225,3225303,JUNC_5141,1,-,GT,AG,0.98550385,0.99766064,0.005630120635032654,0.00966709479689598
NC_003070.9,3225441,3225993,JUNC_5142,1,-,GT,AG,0.99998844,0.9999695,0.9665353894233704,0.9872515201568604
NC_003070.9,3226129,3226816,JUNC_5143,1,-,GT,AG,0.9999989,0.99999976,0.8782782554626465,0.8677433133125305
NC_003070.9,3230800,3230880,JUNC_3727,1,-,GT,AG,0.51846623,0.26362017,0.6170153617858887,0.913212776184082
NC_003070.9,3230922,3231064,JUNC_3728,1,-,GT,AG,0.95336777,0.90386635,0.00010351619857829064,0.010985146276652813
NC_003070.9,3231184,3231543,JUNC_3729,1,-,GT,AG,0.06310937,0.29463983,0.06938597559928894,0.0015805410221219063
NC_003070.9,3231632,3231736,JUNC_3730,1,-,GT,AG,0.6652736,0.5724767,0.41105982661247253,0.006442056503146887
NC_003070.9,3231811,3232016,JUNC_3731,1,-,GT,AG,1.0,1.0,0.6555407643318176,0.0319928415119648
NC_003070.9,3232137,3232476,JUNC_3732,1,-,GT,AG,0.99984837,0.9995403,0.11091363430023193,0.11075635999441147
NC_003070.9,3232556,3232669,JUNC_3733,1,-,GT,AG,0.9992995,0.9987832,0.9981635212898254,0.9954702854156494
NC_003070.9,3232777,3232964,JUNC_3734,1,-,GT,AG,2.8779328e-05,7.550776e-05,0.9862208366394043,0.9976316690444946
NC_003070.9,3234209,3234285,JUNC_3196,1,-,GT,AG,0.99999607,0.9999951,0.9826948046684265,0.9781438708305359
NC_003070.9,3234405,3234493,JUNC_3197,1,-,GT,AG,0.9997967,0.99913305,0.9950993657112122,0.9515546560287476
NC_003070.9,3234582,3234692,JUNC_3198,1,-,GC,AG,0.9442552,0.97685814,0.5594637393951416,0.03104802966117859
NC_003070.9,3234767,3234871,JUNC_3199,1,-,GT,AG,0.37777445,0.35868087,0.1250183880329132,0.08718200773000717
NC_003070.9,3234974,3235078,JUNC_3200,1,-,GT,AG,0.9999324,0.9999485,0.019831186160445213,0.008236782625317574
NC_003070.9,3235158,3235270,JUNC_3201,1,-,GT,AG,0.9999871,0.9999753,0.29326575994491577,0.04914240166544914
NC_003070.9,3235378,3235479,JUNC_3202,1,-,GT,AG,0.9713931,0.96407604,0.4414476156234741,0.03671739995479584
NC_003070.9,3238336,3238495,JUNC_2732,1,-,GT,AG,1.0,0.9999999,0.574724018573761,0.0012575398432090878
NC_003070.9,3238737,3239024,JUNC_2733,1,-,GT,AG,0.99999976,0.99999976,0.25916412472724915,0.99308842420578
NC_003070.9,3254964,3255051,JUNC_4429,1,+,GT,TG,0.99999964,0.99999595,0.0001052861480275169,0.9610776901245117
NC_003070.9,3266297,3266978,JUNC_16763,1,+,GT,AG,0.9998517,0.9998534,0.1528700441122055,0.08882717788219452
NC_003070.9,3267072,3267186,JUNC_16764,1,+,GT,AG,0.9999702,0.9999862,0.9597049355506897,0.6156878471374512
NC_003070.9,3267401,3267499,JUNC_16765,1,+,GT,AG,0.5432739,0.6093039,0.0008372105075977743,0.9869770407676697
NC_003070.9,3267642,3267880,JUNC_16766,1,+,GC,AG,0.9999995,0.99999964,0.9778693318367004,8.338546467712149e-05
NC_003070.9,3268108,3268300,JUNC_16767,1,+,GT,AG,0.9999999,0.9999999,0.003393165534362197,0.5965538620948792
NC_003070.9,3276179,3276257,JUNC_17401,1,-,GT,AG,6.61947e-05,0.00017526779,0.09245610237121582,0.22861477732658386
NC_003070.9,3276359,3276436,JUNC_17402,1,-,GT,AG,0.93304527,0.8698684,0.0021894800011068583,0.0068436795845627785
NC_003070.9,3276566,3276656,JUNC_17403,1,-,GT,AG,0.99999833,0.9999982,0.00867566280066967,2.5473324058111757e-05
NC_003070.9,3276709,3276851,JUNC_17404,1,-,GT,AG,0.99999726,0.9999951,0.9897624850273132,0.5317734479904175
NC_003070.9,3276907,3277000,JUNC_17405,1,-,GT,AG,0.999313,0.99873847,0.9699895977973938,0.9725663065910339
NC_003070.9,3277161,3277331,JUNC_17406,1,-,GT,AG,0.9999993,0.99999833,0.10461772233247757,0.0029474934563040733
NC_003070.9,3277586,3277764,JUNC_17407,1,-,GT,AG,0.9999999,0.99999964,0.15018516778945923,0.93588787317276
NC_003070.9,3277835,3278044,JUNC_17408,1,-,GT,AG,0.99999917,0.99999917,0.7905759215354919,0.15753120183944702
NC_003070.9,3278112,3278189,JUNC_17409,1,-,GT,AG,0.9999287,0.99993753,0.07798260450363159,0.322603702545166
NC_003070.9,3279156,3279260,JUNC_17923,1,+,GT,AG,0.9993129,0.9987318,0.18226903676986694,0.011011498048901558
NC_003070.9,3279607,3279689,JUNC_17924,1,+,GT,AG,0.9733435,0.98489904,0.00617238599807024,0.24245110154151917
NC_003070.9,3279849,3280285,JUNC_17925,1,+,GT,AG,0.9994072,0.9995413,0.9204754829406738,0.8940656781196594
NC_003070.9,3280632,3280714,JUNC_17926,1,+,GT,AG,0.99979466,0.9998247,0.7324627041816711,0.023345183581113815
NC_003070.9,3280874,3280970,JUNC_17927,1,+,GT,AG,0.99999523,0.99998415,0.728972852230072,0.20749467611312866
NC_003070.9,3281317,3281439,JUNC_17928,1,+,GT,AG,0.9999764,0.99997747,0.2572816014289856,0.5510940551757812
NC_003070.9,3281617,3281700,JUNC_17929,1,+,GT,AG,0.99999547,0.99998665,0.8838813900947571,0.9676138162612915
NC_003070.9,3282246,3282328,JUNC_17930,1,+,GT,AG,0.98812777,0.99108493,0.10972141474485397,0.7959162592887878
NC_003070.9,3284501,3284651,JUNC_3571,1,+,GC,AG,0.0102499705,0.022788724,0.04369885101914406,0.0005646385834552348
NC_003070.9,3284725,3285165,JUNC_3572,1,+,GT,AG,0.58398515,0.31146428,7.128269498934969e-05,1.5301806342904456e-05
NC_003070.9,3285340,3285424,JUNC_1484,1,+,GC,AG,0.0029252956,0.0027290755,0.11787135154008865,0.9165709614753723
NC_003070.9,3285601,3285686,JUNC_1485,1,+,GT,AG,0.99834585,0.99806815,0.9911094903945923,0.9733805060386658
NC_003070.9,3285818,3285896,JUNC_1486,1,+,GT,AG,0.9938934,0.9950248,0.05199607089161873,0.9353797435760498
NC_003070.9,3285995,3286091,JUNC_1487,1,+,GT,AG,0.9999746,0.9999471,0.2856905162334442,1.856398921518121e-05
NC_003070.9,3286208,3286303,JUNC_1488,1,+,GT,AG,0.9997459,0.9994858,1.212368816450038e-10,3.2427843743576545e-10
NC_003070.9,3286399,3286533,JUNC_1489,1,+,GT,AG,0.9998184,0.9998085,0.001356793800368905,2.9786508548568236e-07
NC_003070.9,3297597,3297755,JUNC_4496,1,-,GT,AG,0.9999422,0.99986315,0.010188723914325237,0.07896362990140915
NC_003070.9,3297992,3298112,JUNC_4497,1,-,GT,AG,0.9993006,0.99931276,7.647654274478555e-05,0.0005947244935669005
NC_003070.9,3298390,3298488,JUNC_4498,1,-,GT,AG,0.9987645,0.9992072,0.8704582452774048,0.0001354961423203349
NC_003070.9,3298572,3298744,JUNC_4499,1,-,GT,AG,0.9998869,0.99992085,0.8814342617988586,0.9140587449073792
NC_003070.9,3298822,3299053,JUNC_4500,1,-,GT,AG,0.98501354,0.96069336,0.13165250420570374,0.807316780090332
NC_003070.9,3299122,3299359,JUNC_4501,1,-,GT,AG,0.0032076708,0.0013392023,0.4411027133464813,0.0021453644149005413
NC_003070.9,3299450,3299632,JUNC_4502,1,-,GT,AG,0.95044243,0.9669435,0.9215951561927795,0.2613776624202728
NC_003070.9,3299743,3299837,JUNC_4503,1,-,GT,AG,0.99852663,0.9957694,0.47734296321868896,0.967917263507843
NC_003070.9,3300176,3300270,JUNC_4504,1,-,GT,AG,0.98870635,0.97517735,0.12206174433231354,0.3714590072631836
NC_003070.9,3304250,3304340,JUNC_5169,1,-,GT,AG,0.99734527,0.9933695,0.7166112661361694,0.00011739425826817751
NC_003070.9,3304425,3304514,JUNC_5170,1,-,GT,AG,0.99985206,0.9999324,0.008459505625069141,0.0007138228393159807
NC_003070.9,3304634,3304726,JUNC_5171,1,-,GT,AG,1.0,1.0,0.20758028328418732,0.0013191740727052093
NC_003070.9,3304798,3304896,JUNC_5172,1,-,GT,AG,0.99495596,0.99742043,0.006752549204975367,0.1205974668264389
NC_003070.9,3304965,3305050,JUNC_5173,1,-,GT,AG,0.99997854,0.9999703,0.8380124568939209,0.9879777431488037
NC_003070.9,3305116,3305218,JUNC_5174,1,-,GT,AG,0.9999914,0.99999166,0.9930257797241211,0.9971449971199036
NC_003070.9,3305410,3305510,JUNC_5175,1,-,GT,AG,0.99995947,0.9997334,0.9985970854759216,0.00045898533426225185
NC_003070.9,3305988,3306490,JUNC_5176,1,-,GT,AG,7.884828e-07,6.083272e-06,0.000371109286788851,0.6386296153068542
NC_003070.9,3346883,3347020,JUNC_9239,1,-,GT,AG,0.9962012,0.99301356,0.7405726909637451,0.0013228388270363212
NC_003070.9,3347110,3347197,JUNC_9240,1,-,GT,AG,0.99004984,0.98256737,0.12090346962213516,0.00017629977082833648
NC_003070.9,3347241,3347340,JUNC_9241,1,-,GT,AG,0.77443254,0.8073099,0.05436578392982483,0.00022212261683307588
NC_003070.9,3347437,3347628,JUNC_10764,1,-,GT,AG,0.99999166,0.99997187,0.0005915542133152485,0.011575271375477314
NC_003070.9,3349318,3349564,JUNC_4096,1,+,GT,AG,0.9999627,0.99995387,0.17856694757938385,0.0027260270435363054
NC_003070.9,3350001,3350086,JUNC_4097,1,+,GT,AG,0.9999988,0.99999857,0.9468268156051636,0.9911007285118103
NC_003070.9,3350961,3351083,JUNC_10196,1,+,AT,AC,7.511901e-08,7.498308e-08,0.9716847538948059,0.028058256953954697
NC_003070.9,3367436,3368142,JUNC_5151,1,-,GT,AG,0.999982,0.99996674,0.05906304717063904,0.0463450625538826
NC_003070.9,3407944,3408030,JUNC_17353,1,-,GT,AG,0.90806127,0.8096088,0.7157037258148193,0.9111171364784241
NC_003070.9,3408072,3408414,JUNC_17354,1,-,GT,AG,0.9999962,0.9999974,0.04110374301671982,0.07032418996095657
NC_003070.9,3408589,3408696,JUNC_17355,1,-,GC,AG,1.0,0.9999999,0.1059323325753212,0.0032938048243522644
NC_003070.9,3408813,3409032,JUNC_17356,1,-,GT,AG,1.0,1.0,0.9392215013504028,0.13765470683574677
NC_003070.9,3409171,3409288,JUNC_17357,1,-,GT,AG,0.975608,0.974127,0.08318135887384415,0.08178301155567169
NC_003070.9,3409349,3409425,JUNC_17358,1,-,GT,AG,0.024814287,0.010609876,0.26571694016456604,0.14721420407295227
NC_003070.9,3409513,3409690,JUNC_17359,1,-,GT,AG,0.9905296,0.96690226,0.6390799283981323,0.06339109688997269
NC_003070.9,3410325,3410424,JUNC_17360,1,-,GT,AG,0.9999968,0.99998844,0.006929746828973293,0.002680044388398528
NC_003070.9,3410652,3410767,JUNC_17361,1,-,GT,AG,0.9935233,0.9904303,0.00025548748089931905,0.019766272976994514
NC_003070.9,3411415,3411595,JUNC_17362,1,-,GT,AG,0.9999999,0.99999964,0.013124929741024971,0.009286926127970219
NC_003070.9,3411889,3412026,JUNC_17363,1,-,GT,AG,0.99997056,0.999933,0.005194093566387892,0.00032584895961917937
NC_003070.9,3412103,3412492,JUNC_17364,1,-,GT,AG,0.9999964,0.9999981,0.0001031428764690645,0.0008844301919452846
NC_003070.9,3466074,3466196,JUNC_16149,1,+,GT,AG,0.999997,0.99999475,0.00161998369731009,0.6639119982719421
NC_003070.9,3466337,3466531,JUNC_16150,1,+,GT,AG,1.0,0.9999999,0.0014804251259192824,0.00018982388428412378
NC_003070.9,3466849,3466995,JUNC_16151,1,+,GT,AG,0.9999987,0.999998,0.0018668153788894415,0.9686762094497681
NC_003070.9,3467074,3467153,JUNC_16152,1,+,GT,AG,0.9999999,0.9999995,0.9650887250900269,0.0001495517644798383
NC_003070.9,3467284,3467438,JUNC_16153,1,+,GT,AG,0.99999845,0.9999975,0.6630347967147827,0.6199908256530762
NC_003070.9,3467501,3467700,JUNC_16154,1,+,GT,AG,0.99999857,0.99999905,0.10845447331666946,0.0714980736374855
NC_003070.9,3467880,3467972,JUNC_16155,1,+,GT,AG,0.9999558,0.99993074,0.09579546004533768,0.8469056487083435
NC_003070.9,3468026,3468109,JUNC_16156,1,+,GT,AG,0.9999999,0.9999999,0.0003620040661189705,0.15678344666957855
NC_003070.9,3468198,3468286,JUNC_16157,1,+,GT,AG,0.9999982,0.9999987,0.9361366033554077,0.00012883356248494238
NC_003070.9,3468377,3468567,JUNC_16158,1,+,GT,AG,0.99995637,0.9999659,0.9628552794456482,0.23903299868106842
NC_003070.9,3468648,3468798,JUNC_16159,1,+,GT,AG,0.99991405,0.9999329,0.8847371935844421,0.9697309136390686
NC_003070.9,3468866,3468966,JUNC_16160,1,+,GT,AG,0.9988674,0.99726653,0.3089858591556549,0.9379447102546692
NC_003070.9,3469051,3469149,JUNC_16161,1,+,GT,AG,0.989319,0.98135847,0.0037370913196355104,0.0012451488291844726
NC_003070.9,3475242,3475317,JUNC_13906,1,-,GT,AG,0.9965352,0.99587834,0.004639543127268553,0.0008284208597615361
NC_003070.9,3475478,3475577,JUNC_13907,1,-,GT,AG,2.7020562e-08,2.693692e-08,0.0001098054344765842,0.000813490420114249
NC_003070.9,3475655,3475736,JUNC_13908,1,-,GT,AG,0.00020836285,0.00035521272,0.9916433095932007,0.09421292692422867
NC_003070.9,3475828,3475940,JUNC_13909,1,-,GT,AG,0.020619716,0.018944,0.0048531885258853436,0.9946172833442688
NC_003070.9,3475999,3476080,JUNC_13910,1,-,GT,AG,0.9999263,0.999892,0.9834400415420532,0.6464816927909851
NC_003070.9,3476167,3476257,JUNC_13911,1,-,GT,AG,0.28430334,0.37965328,0.8609317541122437,0.991928219795227
NC_003070.9,3476357,3476423,JUNC_13912,1,-,GT,AG,0.02989089,0.007528713,0.9942048192024231,0.003870216431096196
NC_003070.9,3476614,3476691,JUNC_13913,1,-,GT,AG,0.94402575,0.9053374,0.0048240614123642445,0.0074043371714651585
NC_003070.9,3476751,3476820,JUNC_13914,1,-,GT,AG,0.99868697,0.989316,0.2757960855960846,0.6449477076530457
NC_003070.9,3476896,3476986,JUNC_13915,1,-,GT,AG,0.999985,0.99996996,0.05027323216199875,0.013514898717403412
NC_003070.9,3477087,3477187,JUNC_13916,1,-,GT,AG,0.9987282,0.99697083,0.025735454633831978,0.261405348777771
NC_003070.9,3477364,3477446,JUNC_13917,1,-,GT,AG,0.9999844,0.99997044,0.005223462823778391,0.0004244056181050837
NC_003070.9,3477544,3477635,JUNC_13918,1,-,GT,AG,0.9984073,0.99831355,0.0001334002590738237,0.004195616114884615
NC_003070.9,3494204,3494295,JUNC_15439,1,-,GT,AG,0.99514306,0.99201304,0.004492623265832663,5.118120679981075e-05
NC_003070.9,3494613,3494966,JUNC_15440,1,-,GT,AG,0.929616,0.89858425,5.047371587352245e-07,5.790759018964309e-07
NC_003070.9,3497199,3497337,JUNC_12480,1,-,GT,AG,0.99998724,0.999982,0.28080108761787415,0.19046781957149506
NC_003070.9,3502514,3502762,JUNC_9801,1,-,GT,AG,0.9999999,0.9999995,0.8333832025527954,0.4612065851688385
NC_003070.9,3503004,3503369,JUNC_9802,1,-,GT,AG,0.99992895,0.9998759,0.6316143870353699,0.8245443105697632
NC_003070.9,3503917,3504023,JUNC_8202,1,+,GT,AG,0.9999963,0.99999523,0.00021333026234060526,0.00021141022443771362
NC_003070.9,3504113,3504358,JUNC_9875,1,+,GT,AG,1.0,0.9999999,0.1033836156129837,0.0034031455870717764
NC_003070.9,3504113,3504425,JUNC_8203,1,+,GT,AG,0.9999995,0.9999989,0.9866859912872314,0.9756363034248352
NC_003070.9,3504392,3504568,JUNC_9876,1,+,GT,AG,0.22492482,0.55422634,0.9902791380882263,0.9981208443641663
NC_003070.9,3504488,3504568,JUNC_8204,1,+,GT,AG,0.0012272105,0.00064704445,0.949750542640686,0.9868056774139404
NC_003070.9,3504643,3504736,JUNC_8205,1,+,GT,AG,1.4873624e-08,1.474503e-08,0.9975923895835876,0.36357855796813965
NC_003070.9,3504799,3504881,JUNC_8206,1,+,GT,AG,0.46693677,0.41775417,0.9914975762367249,0.9074121713638306
NC_003070.9,3504934,3505015,JUNC_8207,1,+,GT,AG,0.973279,0.9361543,0.9621180295944214,0.995762825012207
NC_003070.9,3505191,3506112,JUNC_13529,1,+,GT,AG,0.97513765,0.97384375,0.9578169584274292,0.9676795601844788
NC_003070.9,3507229,3507308,JUNC_2119,1,+,GT,AG,0.97150606,0.9489498,0.9890862703323364,0.9648418426513672
NC_003070.9,3507372,3507449,JUNC_2120,1,+,GT,AG,0.9999902,0.9999815,0.03455381095409393,0.9642858505249023
NC_003070.9,3507518,3507598,JUNC_2121,1,+,GT,AG,0.99959093,0.9994374,0.013506383635103703,0.07169400155544281
NC_003070.9,3508033,3508136,JUNC_2122,1,+,GT,AG,0.9874422,0.98386073,0.05581001564860344,0.0025695511139929295
NC_003070.9,3508337,3508415,JUNC_2123,1,+,GT,AG,1.0,1.0,0.9906585216522217,0.9188435673713684
NC_003070.9,3508592,3508680,JUNC_2124,1,+,GT,AG,0.9999995,0.9999987,0.9230879545211792,0.9929860234260559
NC_003070.9,3513194,3513350,JUNC_3645,1,-,GT,AG,0.9832909,0.98325217,0.002357100136578083,0.9353386163711548
NC_003070.9,3513432,3513524,JUNC_3646,1,-,GT,AG,0.9973032,0.9983089,0.918627917766571,0.0008482475532218814
NC_003070.9,3513643,3513729,JUNC_3647,1,-,GT,AG,0.98665375,0.9850787,1.5211473747278603e-10,3.131310766235629e-10
NC_003070.9,3513849,3513934,JUNC_3648,1,-,GT,AG,0.99999464,0.9999901,4.593088931414968e-07,1.606662749509269e-06
NC_003070.9,3514005,3514082,JUNC_3649,1,-,GT,AG,0.9999957,0.9999938,0.9752705097198486,0.22026327252388
NC_003070.9,3514250,3514646,JUNC_3650,1,-,GT,AG,0.9999988,0.99999726,0.9990345239639282,0.9098436832427979
NC_003070.9,3530729,3530821,JUNC_12827,1,+,GT,AG,0.9842079,0.98693985,0.9784123301506042,0.9956403970718384
NC_003070.9,3530927,3531192,JUNC_12828,1,+,GT,AG,0.27593252,0.56001693,0.0034384329337626696,0.9857881665229797
NC_003070.9,3531342,3531478,JUNC_16409,1,+,GT,AG,0.39929056,0.7937167,0.0019990704022347927,0.9659625291824341
NC_003070.9,3532667,3532891,JUNC_3524,1,+,GT,AG,0.24466285,0.22052342,0.000460263981949538,0.739302933216095
NC_003070.9,3532667,3532922,JUNC_3871,1,+,GT,AG,0.13283922,0.42559713,0.9990814924240112,0.9903897643089294
NC_003070.9,3533322,3533407,JUNC_3525,1,+,GT,AG,0.91458917,0.9339313,0.08547893911600113,0.47077476978302
NC_003070.9,3533441,3533522,JUNC_3526,1,+,GT,AG,0.9511963,0.9176977,0.4020994007587433,1.1860005315611488e-06
NC_003070.9,3533747,3533849,JUNC_3527,1,+,GT,AG,0.08882886,0.18221219,0.18622829020023346,0.7849360108375549
NC_003070.9,3533933,3534080,JUNC_3528,1,+,GT,AG,0.8161418,0.83129585,0.4851055443286896,0.058929961174726486
NC_003070.9,3534146,3534235,JUNC_3529,1,+,GT,AG,0.9975461,0.9975303,0.2759700417518616,0.032689157873392105
NC_003070.9,3534327,3534523,JUNC_3530,1,+,GT,AG,0.0297041,0.04714398,0.002094150288030505,0.006311657838523388
NC_003070.9,3534571,3534681,JUNC_3531,1,+,GT,AG,0.95076334,0.8670266,0.010474384762346745,0.9243330359458923
NC_003070.9,3538723,3538800,JUNC_2272,1,-,GT,AG,0.9993143,0.9990318,0.022110017016530037,0.011430351063609123
NC_003070.9,3539141,3539279,JUNC_2273,1,-,GT,AG,0.99999964,0.99999833,0.10907143354415894,9.019338875759786e-08
NC_003070.9,3539692,3539771,JUNC_2274,1,-,GT,AG,0.9999516,0.9999765,0.3791917860507965,0.5851123929023743
NC_003070.9,3540019,3540106,JUNC_2275,1,-,GT,AG,0.99865013,0.998621,0.7951807379722595,0.05999426171183586
NC_003070.9,3540348,3540446,JUNC_2276,1,-,GT,AG,0.99761903,0.9991759,0.001907482510432601,1.1945897313125897e-05
NC_003070.9,3540832,3540924,JUNC_2277,1,-,GT,AG,0.99985087,0.9998285,0.017934909090399742,0.001728026196360588
NC_003070.9,3541292,3541373,JUNC_2278,1,-,GT,AG,0.99994123,0.999972,0.1525900810956955,0.4640725255012512
NC_003070.9,3541902,3541988,JUNC_2279,1,-,GT,AG,0.99838316,0.9970546,0.6250013113021851,0.4140225350856781
NC_003070.9,3542248,3542336,JUNC_2280,1,-,GT,AG,0.9999932,0.9999887,0.0598769448697567,0.00011559085396584123
NC_003070.9,3542537,3542744,JUNC_2281,1,-,GT,AG,0.99999666,0.9999956,4.425323277246207e-05,0.00011578389967326075
NC_003070.9,3542920,3543002,JUNC_2282,1,-,GT,AG,0.20638415,0.17471127,0.2567145824432373,0.2076360136270523
NC_003070.9,3543057,3543527,JUNC_2283,1,-,GT,AG,0.9332481,0.7422518,0.19390033185482025,0.14217881858348846
NC_003070.9,3563579,3563679,JUNC_17006,1,+,GT,AG,0.9851849,0.969865,0.006203257013112307,0.9590840935707092
NC_003070.9,3563867,3563960,JUNC_17007,1,+,GT,AG,0.9995371,0.9992491,0.9435182213783264,0.0025559556670486927
NC_003070.9,3565591,3565731,JUNC_14111,1,+,GT,AG,0.9999987,0.999998,0.03725922480225563,0.24464309215545654
NC_003070.9,3565878,3565984,JUNC_14112,1,+,GT,AG,0.9999279,0.9999132,0.11162660270929337,8.696459553902969e-05
NC_003070.9,3566047,3566157,JUNC_14113,1,+,GT,AG,0.99996436,0.9998691,0.9970589876174927,0.9741967916488647
NC_003070.9,3566334,3566408,JUNC_14114,1,+,GT,AG,0.999998,0.9999975,0.9863719344139099,0.9993311166763306
NC_003070.9,3566512,3566604,JUNC_14115,1,+,GT,AG,0.9999938,0.99998856,0.12166625261306763,0.9936872124671936
NC_003070.9,3566712,3566836,JUNC_14116,1,+,GT,AG,0.9285111,0.89625394,0.9987550973892212,0.00802906695753336
NC_003070.9,3566933,3567027,JUNC_14117,1,+,GT,AG,0.9981989,0.99710447,0.19779425859451294,0.9879485368728638
NC_003070.9,3567125,3567225,JUNC_14118,1,+,GT,AG,1.0,1.0,0.007464386057108641,0.015830393880605698
NC_003070.9,3567367,3567442,JUNC_14119,1,+,GT,AG,0.9999987,0.9999969,0.05396266281604767,2.5795459805522114e-05
NC_003070.9,3567565,3567680,JUNC_14120,1,+,GT,AG,0.9999963,0.9999931,0.005320718511939049,0.124782994389534
NC_003070.9,3568747,3568828,JUNC_17185,1,-,GT,AG,0.042500302,0.026092308,0.0003593555302359164,0.009544642642140388
NC_003070.9,3569266,3569449,JUNC_17186,1,-,GT,AG,0.99996257,0.99995327,0.9195240139961243,0.0005307028768584132
NC_003070.9,3569553,3569640,JUNC_17187,1,-,GT,AG,0.99976677,0.99978536,0.0026076945941895247,0.01757190003991127
NC_003070.9,3569741,3569836,JUNC_17188,1,-,GT,AG,0.99962866,0.99973065,0.0020428409334272146,0.015869753435254097
NC_003070.9,3569940,3570040,JUNC_17189,1,-,GT,AG,0.8456916,0.8614391,0.5820090770721436,0.075534388422966
NC_003070.9,3570135,3570223,JUNC_17190,1,-,GT,AG,0.9999999,0.9999974,0.0005852414760738611,0.011032582260668278
NC_003070.9,3575363,3576019,JUNC_17876,1,-,GT,AG,0.9999982,0.9999975,0.8920643925666809,0.00010295301763108
NC_003070.9,3576166,3576288,JUNC_17877,1,-,GT,AG,0.99623966,0.9961678,0.9992071986198425,0.9133104085922241
NC_003070.9,3576332,3576444,JUNC_17878,1,-,GT,AG,0.8861762,0.9302612,0.5581666827201843,0.022218750789761543
NC_003070.9,3576609,3577326,JUNC_17879,1,-,GT,AG,0.048827287,0.026321672,2.3537759261671454e-05,0.340919554233551
NC_003070.9,3577536,3577624,JUNC_17880,1,-,GT,AG,0.977409,0.9751525,0.8288793563842773,0.032205238938331604
NC_003070.9,3577711,3577947,JUNC_17881,1,-,GT,AG,0.9881584,0.98044926,0.5089933276176453,0.007684146985411644
NC_003070.9,3581414,3581515,JUNC_14709,1,-,GT,AG,0.9999782,0.999915,0.005592227913439274,0.9424727559089661
NC_003070.9,3581631,3581735,JUNC_14710,1,-,GT,AG,0.99949455,0.9991347,0.2914658188819885,0.5656859874725342
NC_003070.9,3581828,3581906,JUNC_14711,1,-,GT,AG,0.98919314,0.9871193,0.8278176188468933,0.8127155900001526
NC_003070.9,3582080,3582157,JUNC_14712,1,-,GT,AG,0.99994075,0.9999528,0.8746803402900696,0.2021273970603943
NC_003070.9,3582256,3582601,JUNC_14713,1,-,GT,AG,0.99965274,0.999673,0.9910656809806824,0.9498860239982605
NC_003070.9,3582712,3583031,JUNC_14714,1,-,GT,AG,1.0,1.0,0.5209153890609741,0.9823185801506042
NC_003070.9,3583157,3583337,JUNC_14715,1,-,GT,AG,1.0,1.0,0.3447502851486206,0.9527104496955872
NC_003070.9,3583470,3583623,JUNC_14716,1,-,GT,AG,0.9999987,0.9999976,0.06600790470838547,0.20206989347934723
NC_003070.9,3583727,3583811,JUNC_14717,1,-,GT,AG,0.99998367,0.9999862,0.4395920932292938,0.061250098049640656
NC_003070.9,3584025,3584144,JUNC_14718,1,-,GT,AG,0.99996626,0.9999758,0.07236361503601074,0.494413286447525
NC_003070.9,3584251,3584347,JUNC_14719,1,-,GT,AG,0.9999994,0.9999987,0.0002800880465656519,0.005280064884573221
NC_003070.9,3584524,3584751,JUNC_14720,1,-,GT,AG,0.9999989,0.9999981,0.9913756251335144,0.0015848083421587944
NC_003070.9,3584835,3584977,JUNC_14721,1,-,GT,AG,0.99999535,0.99999523,0.003025227226316929,0.9853549003601074
NC_003070.9,3585130,3585227,JUNC_14722,1,-,GT,AG,0.9999908,0.9999708,0.009751575067639351,0.0013511819997802377
NC_003070.9,3585287,3585381,JUNC_14723,1,-,GT,AG,0.9509547,0.90603155,0.005699239671230316,0.003942803479731083
NC_003070.9,3585444,3585522,JUNC_14724,1,-,GT,AG,0.055195045,0.011081874,0.00026025716215372086,0.0012144024949520826
NC_003070.9,3585585,3585723,JUNC_14725,1,-,GT,AG,0.9999237,0.99973434,0.00011503678979352117,1.6036702845667605e-06
NC_003070.9,3585909,3585981,JUNC_14726,1,-,GT,AG,1.0,1.0,0.0003556656010914594,0.00039597213617525995
NC_003070.9,3586071,3586342,JUNC_14727,1,-,GT,AG,0.9999999,0.9999994,0.00011378178169252351,0.0003342246054671705
NC_003070.9,3586505,3586686,JUNC_14728,1,-,GT,AG,0.99999857,0.99999535,0.033084481954574585,0.0011062109842896461
NC_003070.9,3586821,3587071,JUNC_14729,1,-,GT,AG,0.9988507,0.9988764,0.6605837345123291,0.028633011505007744
NC_003070.9,3587160,3587251,JUNC_14730,1,-,GT,AG,0.9682967,0.8905818,0.02433125488460064,0.22360171377658844
NC_003070.9,3587392,3587488,JUNC_14731,1,-,GT,AG,0.9997008,0.99960405,0.36613085865974426,0.00021847791504114866
NC_003070.9,3587584,3587701,JUNC_14732,1,-,GT,AG,0.9942318,0.9982937,0.8306437134742737,0.0017314895521849394
NC_003070.9,3587809,3587914,JUNC_14733,1,-,GT,AG,0.9999392,0.9999522,2.9861937491659774e-06,2.8263148124096915e-06
NC_003070.9,3588310,3588729,JUNC_14734,1,-,GT,AG,0.99999416,0.999941,0.9857979416847229,0.7141246795654297
NC_003070.9,3588883,3588982,JUNC_14735,1,-,GT,AG,0.9997873,0.999127,0.00029112561605870724,0.9972745776176453
NC_003070.9,3589074,3589192,JUNC_14736,1,-,GT,AG,0.99737346,0.9955459,0.5193097591400146,5.964326555840671e-05
NC_003070.9,3589271,3589364,JUNC_14737,1,-,GT,AG,0.99560153,0.99789804,0.6168057322502136,3.722699659647333e-07
NC_003070.9,3589465,3589552,JUNC_14738,1,-,GT,AG,0.9935742,0.9869364,0.20578855276107788,0.3223974108695984
NC_003070.9,3589594,3589797,JUNC_14739,1,-,GT,AG,0.999767,0.999959,0.2652733027935028,0.24073533713817596
NC_003070.9,3590075,3590424,JUNC_14740,1,-,GT,AG,0.99966455,0.9997303,0.23899103701114655,0.7729161977767944
NC_003070.9,3596603,3596989,JUNC_8950,1,+,GT,AG,1.0,0.9999999,0.0028587267734110355,0.03254356607794762
NC_003070.9,3597102,3597193,JUNC_8951,1,+,GT,AG,0.99997425,0.99998176,0.31308430433273315,0.0009824896696954966
NC_003070.9,3599590,3599676,JUNC_2118,1,+,GT,AG,0.1350045,0.14114669,0.11002098768949509,0.9804614782333374
NC_003070.9,3599877,3599961,JUNC_2077,1,+,GT,AG,0.931942,0.9644341,0.9988943934440613,0.32451701164245605
NC_003070.9,3600134,3600223,JUNC_2078,1,+,GT,AG,0.85698503,0.62798584,0.06624089926481247,1.253223331332265e-06
NC_003070.9,3600326,3600421,JUNC_2079,1,+,GC,AG,0.99966526,0.9991849,0.8999848961830139,1.7654239172770758e-06
NC_003070.9,3606071,3606500,JUNC_16300,1,-,GT,AG,0.99999607,0.99999285,2.850153464351024e-07,0.003598656039685011
NC_003070.9,3606710,3606814,JUNC_16301,1,-,GT,AG,0.99999154,0.9999869,1.3858834790880792e-07,0.0013922853395342827
NC_003070.9,3606961,3607038,JUNC_16302,1,-,GT,AG,0.9990595,0.9973725,0.0819496139883995,0.10883955657482147
NC_003070.9,3614826,3615036,JUNC_5382,1,-,GT,AG,0.9970829,0.99711466,0.5518556833267212,0.21746447682380676
NC_003070.9,3615141,3615239,JUNC_5383,1,-,GT,AG,0.99946815,0.9986594,0.06494539231061935,0.06154554709792137
NC_003070.9,3615313,3616088,JUNC_5384,1,-,GT,AG,0.999998,0.9999981,8.261197876890947e-07,0.00018749698938336223
NC_003070.9,3627808,3627996,JUNC_2216,1,+,GT,AG,0.9999379,0.99980325,0.9604712724685669,0.30449622869491577
NC_003070.9,3628229,3629097,JUNC_15752,1,+,GT,AG,0.9999666,0.99994636,0.15758299827575684,0.3160480260848999
NC_003070.9,3628972,3629097,JUNC_2217,1,+,GT,AG,0.9329077,0.9607843,0.48906078934669495,0.0027553485706448555
NC_003070.9,3629304,3629844,JUNC_2218,1,+,GT,AG,0.9999999,0.99999976,0.9990360736846924,0.9946799874305725
NC_003070.9,3630064,3630254,JUNC_2219,1,+,GT,AG,1.0,1.0,0.02046249806880951,2.4995322746690363e-05
NC_003070.9,3632675,3632753,JUNC_8483,1,-,GT,AG,0.9999547,0.999918,0.6957910656929016,0.01045222021639347
NC_003070.9,3632919,3633134,JUNC_8484,1,-,GT,AG,0.99999905,0.99999857,0.16684673726558685,1.2119588973291684e-05
NC_003070.9,3633289,3633501,JUNC_8485,1,-,GT,AG,0.9999999,0.9999993,0.01599707268178463,0.0005418092478066683
NC_003070.9,3633689,3633774,JUNC_8486,1,-,GT,AG,0.99999785,0.9999989,6.70073350192979e-05,0.31883132457733154
NC_003070.9,3633885,3634091,JUNC_8487,1,-,GT,AG,0.99999964,0.9999989,0.34995877742767334,0.14075469970703125
NC_003070.9,3634257,3634797,JUNC_8488,1,-,GT,AG,0.999632,0.99988985,0.0028432952240109444,0.20873959362506866
NC_003070.9,3634965,3635301,JUNC_8489,1,-,GT,AG,0.99830925,0.99107295,0.8867465257644653,0.002158695599064231
NC_003070.9,3636321,3636405,JUNC_8490,1,-,GT,AG,0.9874614,0.97968125,0.06946142017841339,0.872434675693512
NC_003070.9,3636514,3637022,JUNC_8491,1,-,GT,AG,0.8911416,0.90799236,0.9633819460868835,0.06184551864862442
NC_003070.9,3640179,3640546,JUNC_16955,1,+,GT,AG,0.96820956,0.96068674,0.011842782609164715,0.0003497233265079558
NC_003070.9,3640631,3640742,JUNC_16956,1,+,GT,AG,0.99993026,0.9998609,0.48604950308799744,0.9159204959869385
NC_003070.9,3641003,3641240,JUNC_16957,1,+,GT,AG,1.0,1.0,0.09060443937778473,0.0002673257258720696
NC_003070.9,3641543,3642078,JUNC_16958,1,+,GT,AG,0.9999924,0.9999887,0.027942242100834846,0.03560037538409233
NC_003070.9,3642183,3642379,JUNC_16959,1,+,GT,AG,0.99999475,0.9999896,0.03882540762424469,0.01089788693934679
NC_003070.9,3642479,3642784,JUNC_16960,1,+,GT,AG,0.9999999,0.9999999,0.0542084276676178,0.01885395683348179
NC_003070.9,3643104,3643195,JUNC_16961,1,+,GT,AG,0.99997425,0.99985635,0.0033937827683985233,0.012940241023898125
NC_003070.9,3643372,3643453,JUNC_16962,1,+,GT,AG,0.99995553,0.999861,0.7500119805335999,1.5915468054572557e-07
NC_003070.9,3643582,3643731,JUNC_16963,1,+,GT,AG,0.9999994,0.9999993,1.1281985052846721e-06,0.9635913372039795
NC_003070.9,3646109,3646193,JUNC_1481,1,-,GT,AG,0.020492494,0.023334872,0.0017064281273633242,0.0008320951601490378
NC_003070.9,3647386,3647654,JUNC_2566,1,-,GT,AG,0.5913878,0.57327604,0.002024431712925434,0.05576612055301666
NC_003070.9,3656400,3656483,JUNC_15354,1,-,GT,AG,0.9999596,0.99978024,0.005549837835133076,0.00023201109434012324
NC_003070.9,3656582,3656665,JUNC_15355,1,-,GT,AG,1.0,0.99999964,0.6689234972000122,0.010082421824336052
NC_003070.9,3656770,3656918,JUNC_15356,1,-,GT,AG,1.0,1.0,0.982582688331604,0.014540523290634155
NC_003070.9,3657011,3657091,JUNC_15357,1,-,GT,AG,0.9999374,0.9999683,0.8850075006484985,0.8471945524215698
NC_003070.9,3657184,3657278,JUNC_15358,1,-,GT,AG,0.9928964,0.9886079,0.1861296147108078,0.44373202323913574
NC_003070.9,3657332,3657406,JUNC_15359,1,-,GT,AG,4.7654175e-05,0.00014105595,0.4518463909626007,0.06136377155780792
NC_003070.9,3657430,3657522,JUNC_15360,1,-,GT,AG,0.6713207,0.48042756,0.9287938475608826,0.05476435646414757
NC_003070.9,3657624,3657738,JUNC_15361,1,-,GT,AG,1.0,1.0,0.9740384221076965,0.9054599404335022
NC_003070.9,3657813,3658050,JUNC_15362,1,-,GT,AG,1.0,1.0,0.9422383904457092,0.9166629314422607
NC_003070.9,3672390,3672499,JUNC_18242,1,-,GT,AG,1.6376897e-06,2.2563802e-06,0.10754113644361496,0.5541790127754211
NC_003070.9,3672560,3672636,JUNC_18243,1,-,GT,AG,2.2391849e-05,1.18718235e-05,0.0038924552500247955,4.6443492465186864e-05
NC_003070.9,3672704,3672793,JUNC_18244,1,-,GT,AG,0.0049253125,0.0021842462,0.9878659844398499,0.12261968106031418
NC_003070.9,3672829,3672921,JUNC_18245,1,-,GT,AG,0.17333364,0.27251908,0.3079056441783905,0.9899052977561951
NC_003070.9,3673095,3673187,JUNC_18246,1,-,GT,AG,0.9991259,0.998486,0.9918896555900574,0.6765701770782471
NC_003070.9,3673228,3673319,JUNC_18247,1,-,GT,AG,0.98988986,0.9941672,0.9149855971336365,0.4669351279735565
NC_003070.9,3673369,3673485,JUNC_18248,1,-,GT,AG,0.34957922,0.44109395,0.7330576181411743,0.9766438603401184
NC_003070.9,3673571,3673716,JUNC_18249,1,-,GT,AG,0.99999285,0.9999889,0.9546303749084473,0.9572011232376099
NC_003070.9,3673791,3673928,JUNC_18250,1,-,GT,AG,0.99172455,0.9956512,0.9678951501846313,0.9796963930130005
NC_003070.9,3674020,3674465,JUNC_18251,1,-,GT,AG,0.9998391,0.9999492,0.8914327025413513,0.7163340449333191
NC_003070.9,3674526,3674839,JUNC_18252,1,-,GT,AG,0.99999833,0.99999833,0.9878352284431458,0.9434792399406433
NC_003070.9,3674956,3675047,JUNC_18253,1,-,GT,AG,0.9952089,0.9910397,0.9446126222610474,0.9972785115242004
NC_003070.9,3675268,3675357,JUNC_18254,1,-,GT,AG,0.9992323,0.9979543,0.9972802400588989,0.12431059777736664
NC_003070.9,3675415,3675783,JUNC_18255,1,-,GT,AG,0.99999964,0.9999994,0.24859073758125305,0.15075574815273285
NC_003070.9,3675958,3676053,JUNC_18256,1,-,GT,AG,0.99526995,0.9932382,0.1857377290725708,0.8585944175720215
NC_003070.9,3679675,3679749,JUNC_3848,1,-,GT,AG,0.99999046,0.99999285,0.9991482496261597,0.7414739727973938
NC_003070.9,3680477,3680786,JUNC_3849,1,-,GT,AG,0.9999993,0.9999989,0.6821741461753845,0.17386922240257263
NC_003070.9,3704038,3704130,JUNC_13592,1,-,GT,AG,0.71839815,0.7511577,0.00402832543477416,0.005323674529790878
NC_003070.9,3704340,3704443,JUNC_13593,1,-,GT,AG,0.9997218,0.99988246,0.0008341401698999107,0.00011501076369313523
NC_003070.9,3705040,3705180,JUNC_13594,1,-,GT,AG,0.99556065,0.975869,0.0008064405992627144,0.00012880234862677753
NC_003070.9,3705390,3705491,JUNC_13595,1,-,GT,AG,0.98808503,0.98026603,0.08259084820747375,0.08066356927156448
NC_003070.9,3705622,3705704,JUNC_13596,1,-,GT,AG,0.999995,0.99999034,0.0005055295769125223,0.0352969691157341
NC_003070.9,3706548,3706655,JUNC_13597,1,-,GT,AG,0.9991733,0.99930966,0.05508793890476227,0.008893383666872978
NC_003070.9,3706733,3706960,JUNC_13598,1,-,GT,AG,0.9937983,0.9976382,0.0014205131446942687,0.051170557737350464
NC_003070.9,3707032,3707345,JUNC_13599,1,-,GT,AG,0.9999926,0.99996936,0.04666493833065033,0.007226115558296442
NC_003070.9,3708469,3708556,JUNC_13600,1,-,GT,AG,0.99995446,0.9998702,0.008672683499753475,0.0555526502430439
NC_003070.9,3708806,3708977,JUNC_13601,1,-,GT,AG,0.9998499,0.9998764,0.00534661952406168,0.004323311150074005
NC_003070.9,3709056,3709161,JUNC_13602,1,-,GT,AG,0.9999664,0.9999343,0.599120020866394,0.492328017950058
NC_003070.9,3710275,3710363,JUNC_17893,1,+,GT,AG,0.99999976,0.99999964,0.5294688940048218,0.13444162905216217
NC_003070.9,3710387,3710572,JUNC_9433,1,+,GT,AG,0.99999774,0.99999785,0.6087040305137634,0.00031846921774558723
NC_003070.9,3710855,3710948,JUNC_9434,1,+,GT,AG,0.9999999,0.99999976,0.9874055981636047,0.21453098952770233
NC_003070.9,3711055,3711172,JUNC_9435,1,+,GT,AG,0.9969994,0.99646074,0.9965123534202576,0.0019889730028808117
NC_003070.9,3711295,3711560,JUNC_9436,1,+,GT,AG,0.9999831,0.999984,0.9374966025352478,0.9946976900100708
NC_003070.9,3711723,3711971,JUNC_9437,1,+,GT,AG,0.9999567,0.9999069,0.06967729330062866,0.32615891098976135
NC_003070.9,3733430,3733796,JUNC_17587,1,+,GT,AG,0.8413217,0.761928,0.10202410817146301,0.000293944263830781
NC_003070.9,3733927,3734153,JUNC_17588,1,+,GT,AG,0.98295915,0.9957931,0.8258059620857239,0.8673996329307556
NC_003070.9,3734271,3734426,JUNC_17589,1,+,GT,AG,0.99997234,0.9998834,0.03777400404214859,7.345588528551161e-05
NC_003070.9,3734653,3734738,JUNC_17590,1,+,GT,AG,0.9999999,0.99999976,0.5199598073959351,0.0020245681516826153
NC_003070.9,3734841,3734981,JUNC_17591,1,+,GT,AG,0.99999845,0.99999845,0.01899459958076477,0.00028241550899110734
NC_003070.9,3735052,3735188,JUNC_17592,1,+,GT,AG,0.9993786,0.99907696,0.0017787994584068656,0.002048198599368334
NC_003070.9,3735263,3735350,JUNC_17593,1,+,GT,AG,0.9999944,0.9999907,0.00019305500609334558,1.3286494322528597e-06
NC_003070.9,3735494,3735570,JUNC_17594,1,+,GT,AG,0.9999931,0.99998295,3.351879342972097e-07,5.575359907084021e-08
NC_003070.9,3735730,3736253,JUNC_17595,1,+,GT,AG,1.0,1.0,9.866545269687776e-08,3.604044707117282e-07
NC_003070.9,3736724,3736811,JUNC_17596,1,+,GT,AG,0.99999976,0.9999995,0.5774896144866943,0.004954113624989986
NC_003070.9,3737000,3737325,JUNC_17597,1,+,GT,AG,0.9999801,0.9999825,0.4931369423866272,0.065018430352211
NC_003070.9,3737382,3737475,JUNC_17598,1,+,GT,AG,0.99798375,0.99808574,0.05854783207178116,0.4697994291782379
NC_003070.9,3738215,3738316,JUNC_17599,1,+,GT,AG,0.99999976,0.99999976,0.1818082183599472,6.971067341510206e-05
NC_003070.9,3738430,3738519,JUNC_17600,1,+,GT,AG,0.9999864,0.99997485,5.8951212849933654e-05,0.0057735079899430275
NC_003070.9,3738594,3738678,JUNC_17601,1,+,GT,AG,0.05403847,0.046021048,0.0020447932183742523,0.00043645224650390446
NC_003070.9,3738791,3738894,JUNC_17602,1,+,GT,AG,0.39329925,0.4097255,0.010491379536688328,0.0012314958730712533
NC_003070.9,3739011,3739101,JUNC_17603,1,+,GT,AG,0.8259756,0.9146385,0.9093248248100281,0.5884284973144531
NC_003070.9,3741043,3741524,JUNC_9189,1,+,GT,AG,0.91136855,0.93733454,0.23674359917640686,0.0006088774534873664
NC_003070.9,3741642,3741716,JUNC_73,1,+,GT,AG,0.9952472,0.9933141,0.00319129740819335,0.000556458136998117
NC_003070.9,3741804,3741902,JUNC_74,1,+,GT,AG,0.012944426,0.014609736,0.09889162331819534,0.4014956057071686
NC_003070.9,3742004,3742085,JUNC_75,1,+,GT,AG,0.96288323,0.9573317,0.0007234608638100326,0.7533701062202454
NC_003070.9,3742121,3742202,JUNC_76,1,+,GT,AG,0.9938153,0.9882216,0.9966380596160889,0.04964357614517212
NC_003070.9,3742313,3742403,JUNC_77,1,+,GT,AG,0.9992021,0.998422,0.07778144627809525,0.9928601384162903
NC_003070.9,3742487,3742576,JUNC_78,1,+,GT,AG,0.9995877,0.9993011,0.019425347447395325,0.09448318183422089
NC_003070.9,3742695,3742895,JUNC_79,1,+,GT,AG,0.9962939,0.9923179,0.0002505407319404185,0.18805307149887085
NC_003070.9,3742997,3743071,JUNC_80,1,+,GT,AG,0.9975534,0.98862725,0.0013782273745164275,8.661027095513418e-06
NC_003070.9,3743188,3743269,JUNC_81,1,+,GT,AG,0.08491745,0.035105754,0.45229384303092957,0.0004537758359219879
NC_003070.9,3743335,3743422,JUNC_82,1,+,GT,AG,0.99999833,0.999995,0.9953492283821106,0.9341992139816284
NC_003070.9,3743489,3743579,JUNC_83,1,+,GT,AG,0.9999646,0.99981004,0.01645655743777752,0.95057213306427
NC_003070.9,3743633,3743793,JUNC_84,1,+,GT,AG,0.8230318,0.6904811,0.5946826934814453,0.021994899958372116
NC_003070.9,3743886,3743983,JUNC_85,1,+,GT,AG,0.9962778,0.98777443,0.012927982956171036,0.03638793155550957
NC_003070.9,3744010,3744112,JUNC_86,1,+,GT,AG,0.99945825,0.9994659,0.01756521686911583,0.028256015852093697
NC_003070.9,3744148,3744237,JUNC_87,1,+,GT,AG,0.42293587,0.0381667,0.00214305124245584,0.010819660499691963
NC_003070.9,3753446,3753894,JUNC_2125,1,+,GT,AG,0.9953412,0.9960336,0.11762316524982452,0.0057099550031125546
NC_003070.9,3754162,3754266,JUNC_2126,1,+,GT,AG,0.994251,0.9823606,0.9926557540893555,0.08013465255498886
NC_003070.9,3754680,3755252,JUNC_2127,1,+,GT,AG,0.943134,0.9494838,0.08349206298589706,0.8105095624923706
NC_003070.9,3763785,3763905,JUNC_14406,1,-,GT,AG,1.0,0.9999999,0.5541501641273499,0.4300813376903534
NC_003070.9,3777592,3777899,JUNC_9245,1,+,GT,AG,0.99521387,0.99397486,0.8416301608085632,0.006770396139472723
NC_003070.9,3778222,3778928,JUNC_9246,1,+,GT,AG,0.9995592,0.9995372,0.9194218516349792,0.9625861644744873
NC_003070.9,3779558,3779650,JUNC_9247,1,+,GT,AG,0.97909683,0.98960626,0.2672913670539856,0.006326847244054079
NC_003070.9,3780697,3785696,JUNC_14979,1,-,GT,AG,0.9999136,0.99994874,0.015346094034612179,0.10874483734369278
NC_003070.9,3785848,3785997,JUNC_14980,1,-,GT,AG,0.9956738,0.9961744,0.0048368279822170734,0.000465050688944757
NC_003070.9,3786674,3786797,JUNC_14981,1,-,GT,AG,0.99604154,0.9987128,0.006812019273638725,2.701326593523845e-06
NC_003070.9,3787755,3787834,JUNC_3391,1,-,GT,AG,0.93522334,0.87350076,0.43714776635169983,0.00012657060869969428
NC_003070.9,3787985,3788069,JUNC_15784,1,-,GT,AG,0.9856031,0.9841595,0.327030748128891,0.09460992366075516
NC_003070.9,3787985,3788083,JUNC_3392,1,-,GT,AG,0.02026561,0.004154263,0.011935314163565636,0.07764050364494324
NC_003070.9,3788307,3788409,JUNC_3393,1,-,GT,AG,0.99137515,0.9921278,0.21965226531028748,0.051044587045907974
NC_003070.9,3788620,3788705,JUNC_3394,1,-,GT,AG,0.97754467,0.9732001,0.011607750318944454,0.01030929759144783
NC_003070.9,3788842,3789118,JUNC_15785,1,-,GT,AG,0.9601784,0.930507,0.039028558880090714,0.0023551941849291325
NC_003070.9,3788878,3789118,JUNC_3395,1,-,GT,AG,0.9993445,0.99765164,0.8967885971069336,0.019675442948937416
NC_003070.9,3789226,3789339,JUNC_3396,1,-,GT,AG,0.57645565,0.5210375,0.27629154920578003,0.7343062162399292
NC_003070.9,3790647,3790724,JUNC_15786,1,-,GT,AG,0.5594122,0.27324754,0.0004464111989364028,9.07560320229095e-08
NC_003070.9,3799056,3799146,JUNC_13508,1,+,GT,AG,0.99956375,0.99960953,0.041349273175001144,0.9973827004432678
NC_003070.9,3799254,3799335,JUNC_13509,1,+,GT,AG,0.99998033,0.99997187,0.5283772945404053,0.869127631187439
NC_003070.9,3799514,3799585,JUNC_13510,1,+,GT,AG,1.0,1.0,0.23538440465927124,6.292572379607009e-06
NC_003070.9,3799796,3799879,JUNC_13511,1,+,GT,AG,0.9740915,0.96672344,0.29621681571006775,4.5266006054589525e-06
NC_003070.9,3800117,3800201,JUNC_13512,1,+,GT,AG,0.96693707,0.9792073,0.014027316123247147,0.00020291718828957528
NC_003070.9,3800331,3800410,JUNC_13513,1,+,GT,AG,0.99998903,0.99996555,0.022230200469493866,0.20933897793293
NC_003070.9,3801306,3801399,JUNC_35,1,-,GT,AG,0.39404136,0.5194832,0.02661261521279812,0.002425003796815872
NC_003070.9,3801617,3801702,JUNC_37,1,-,GT,AG,0.9995152,0.99945444,0.01689654029905796,0.0022647136356681585
NC_003070.9,3801738,3801828,JUNC_38,1,-,GT,AG,0.9997095,0.99976987,0.19478830695152283,0.9943222999572754
NC_003070.9,3802002,3802081,JUNC_39,1,-,GT,AG,0.9996314,0.99989307,0.02108737826347351,0.12506666779518127
NC_003070.9,3802122,3802208,JUNC_40,1,-,GT,AG,0.6022044,0.7327206,0.02939913235604763,0.006538510788232088
NC_003070.9,3802258,3802344,JUNC_41,1,-,GT,AG,0.9968958,0.9980506,0.25358980894088745,0.005185781046748161
NC_003070.9,3802439,3802522,JUNC_42,1,-,GT,AG,0.99999774,0.99999785,0.9907141923904419,0.9760341048240662
NC_003070.9,3802686,3802756,JUNC_43,1,-,GT,AG,0.7840685,0.82557636,0.8414114713668823,0.9965325593948364
NC_003070.9,3802817,3802910,JUNC_44,1,-,GT,AG,0.999877,0.99989057,0.9944307208061218,0.9737994074821472
NC_003070.9,3803027,3803120,JUNC_45,1,-,GT,AG,0.9999976,0.9999989,0.9731698036193848,0.9937273263931274
NC_003070.9,3803386,3803501,JUNC_46,1,-,GT,AG,0.9106182,0.94668525,0.9962031245231628,0.989940345287323
NC_003070.9,3803559,3803747,JUNC_47,1,-,GT,AG,0.9998684,0.99986506,0.9768801927566528,0.9897879362106323
NC_003070.9,3837987,3838707,JUNC_10796,1,+,GT,AG,0.9195733,0.94673747,0.9979711174964905,3.6956796975573525e-05
NC_003070.9,3838083,3838707,JUNC_13795,1,+,GT,AG,0.00011431131,0.000151444,0.03777400404214859,7.345588528551161e-05
NC_003070.9,3838959,3839226,JUNC_10797,1,+,GT,AG,0.9999646,0.9999176,0.9278806447982788,0.0004359215672593564
NC_003070.9,3839340,3839421,JUNC_10798,1,+,GT,AG,0.9999974,0.9999974,0.9935196042060852,0.9677997827529907
NC_003070.9,3839610,3839849,JUNC_10799,1,+,GT,AG,0.9999999,0.9999999,0.00143648951780051,0.002622141968458891
NC_003070.9,3840390,3840987,JUNC_10800,1,+,GT,AG,0.99868923,0.99861044,0.013179865665733814,0.4227648675441742
NC_003070.9,3847634,3848410,JUNC_3952,1,+,GT,AG,0.99998724,0.9999869,0.009717811830341816,0.08018636703491211
NC_003070.9,3848508,3848605,JUNC_3953,1,+,GT,AG,0.99994564,0.9999666,0.11397973448038101,0.006428229156881571
NC_003070.9,3848671,3848765,JUNC_3954,1,+,GT,AG,0.999998,0.99999404,0.7189503908157349,6.476912858488504e-06
NC_003070.9,3853519,3853757,JUNC_4946,1,+,GT,AG,0.9115813,0.918795,0.0004517841152846813,0.0035463892854750156
NC_003070.9,3853820,3853994,JUNC_4947,1,+,GT,AG,0.9999615,0.9999535,0.15383565425872803,0.9909912347793579
NC_003070.9,3854111,3854341,JUNC_4948,1,+,GT,AG,0.9981049,0.9967494,0.18676115572452545,0.9548642039299011
NC_003070.9,3854741,3854869,JUNC_4949,1,+,GT,AG,0.9999807,0.9999877,0.983338475227356,0.94174724817276
NC_003070.9,3855021,3855135,JUNC_4950,1,+,GT,AG,0.84556055,0.9388576,0.5280697345733643,0.37907665967941284
NC_003070.9,3857207,3857369,JUNC_15753,1,+,GT,AG,0.9999981,0.99999523,0.8117325305938721,0.9977501034736633
NC_003070.9,3857432,3857594,JUNC_15754,1,+,GT,AG,0.9999999,0.99999976,0.9927880167961121,0.5467555522918701
NC_003070.9,3857711,3858221,JUNC_15755,1,+,GT,AG,0.9999305,0.99989057,0.011388088576495647,0.9764421582221985
NC_003070.9,3858624,3858915,JUNC_15756,1,+,GT,AG,0.9974516,0.9992403,0.9570621848106384,0.011694321408867836
NC_003070.9,3859067,3859192,JUNC_15757,1,+,GT,AG,0.18564133,0.17542805,0.15932992100715637,0.9232439994812012
NC_003070.9,3870931,3871017,JUNC_14077,1,+,GT,AG,0.9999989,0.9999988,0.6163734197616577,0.0036245069932192564
NC_003070.9,3871244,3871341,JUNC_14078,1,+,GT,AG,0.9996648,0.9996934,0.45950382947921753,0.5317023396492004
NC_003070.9,3889446,3889600,JUNC_4533,1,+,GT,AG,0.9990865,0.99794155,0.27034997940063477,0.04713615030050278
NC_003070.9,3889865,3889957,JUNC_4534,1,+,GT,AG,0.99971527,0.9994017,0.02377469278872013,0.004137934651225805
NC_003070.9,3895536,3895624,JUNC_2208,1,-,GT,AG,0.99894756,0.99918777,0.0035438432823866606,0.09916650503873825
NC_003070.9,3895700,3895801,JUNC_2209,1,-,GT,AG,0.9872004,0.9931786,0.629948616027832,0.007491772994399071
NC_003070.9,3895845,3895934,JUNC_2210,1,-,GT,AG,0.0012205242,0.0027591747,0.9971415400505066,0.953927218914032
NC_003070.9,3896090,3896211,JUNC_2211,1,-,GT,AG,0.03302848,0.074349016,0.8984560966491699,0.998428463935852
NC_003070.9,3896261,3896368,JUNC_2212,1,-,GT,AG,0.9871012,0.99011874,0.9421138167381287,0.535079300403595
NC_003070.9,3896433,3896521,JUNC_2213,1,-,GT,AG,0.9756035,0.96281296,0.9947093725204468,0.951172947883606
NC_003070.9,3907051,3907508,JUNC_17902,1,-,GT,AG,2.9050416e-06,2.350799e-06,0.8461245894432068,0.9828012585639954
NC_003070.9,3907790,3907884,JUNC_17903,1,-,GT,AG,0.9989881,0.9981477,0.9784922003746033,0.9419615268707275
NC_003070.9,3908169,3908259,JUNC_17904,1,-,GT,AG,0.99991095,0.9998316,0.004791192710399628,0.03627851605415344
NC_003070.9,3908751,3908904,JUNC_17905,1,-,GT,AG,0.9999999,0.99999976,0.9667022228240967,0.9475318193435669
NC_003070.9,3915155,3915427,JUNC_2189,1,+,GT,AG,0.9999994,0.99999976,0.9797948598861694,0.5684623122215271
NC_003070.9,3915893,3917020,JUNC_2190,1,+,GT,AG,0.99998677,0.9999901,0.7352603673934937,0.9962379932403564
NC_003070.9,3917079,3917166,JUNC_2191,1,+,GT,AG,0.99994576,0.9999449,0.5740170478820801,0.9873091578483582
NC_003070.9,3917297,3917415,JUNC_2192,1,+,GT,AG,1.0,0.9999999,0.5535227060317993,0.06725238263607025
NC_003070.9,3917512,3917737,JUNC_2193,1,+,GT,AG,0.9999995,0.99999654,0.005309203639626503,0.37170934677124023
NC_003070.9,3928582,3928699,JUNC_9094,1,-,GT,AG,0.9078529,0.8691898,3.9868893509265035e-05,0.16192780435085297
NC_003070.9,3928786,3928886,JUNC_9095,1,-,GT,AG,0.99999356,0.9999815,0.0034609735012054443,0.00013910818961448967
NC_003070.9,3929005,3929095,JUNC_9096,1,-,GT,AG,0.9993722,0.9975697,0.9946310520172119,0.08266797661781311
NC_003070.9,3929334,3929436,JUNC_9097,1,-,GT,AG,0.99973994,0.99975485,0.03313716873526573,0.9617183804512024
NC_003070.9,3929493,3930275,JUNC_9098,1,-,GT,AG,0.99970937,0.99939406,0.9920805096626282,0.031233321875333786
NC_003070.9,3930907,3931167,JUNC_9099,1,-,GT,AG,0.003171461,0.0016523813,0.9859434366226196,0.9933634996414185
NC_003070.9,3938686,3938914,JUNC_14103,1,+,GT,AG,0.87004805,0.8444684,0.9925954937934875,0.9837034344673157
NC_003070.9,3939398,3939592,JUNC_14104,1,+,GT,AG,0.99999857,0.9999988,0.1328364610671997,0.9917986392974854
NC_003070.9,3957588,3958168,JUNC_4736,1,+,GT,AG,0.12222564,0.05171665,0.0019066960085183382,0.9895076155662537
NC_003070.9,3958253,3958332,JUNC_4737,1,+,GT,AG,0.9992911,0.9972671,0.0018376954831182957,0.10625386238098145
NC_003070.9,3958361,3958457,JUNC_4738,1,+,GT,AG,0.9547867,0.91507125,0.04283719137310982,0.992043673992157
NC_003070.9,3958651,3958734,JUNC_4739,1,+,GT,AG,0.99999785,0.9999962,0.6546398401260376,0.0025600783992558718
NC_003070.9,3958798,3958904,JUNC_4740,1,+,GT,AG,0.9999604,0.9999548,0.964874804019928,0.3048345446586609
NC_003070.9,3958977,3959062,JUNC_4741,1,+,GT,AG,0.9681051,0.9535365,0.9216884970664978,0.9703853726387024
NC_003070.9,3959183,3959265,JUNC_4742,1,+,GT,AG,0.999368,0.99956375,0.17484888434410095,0.9280000329017639
NC_003070.9,3959353,3959456,JUNC_4743,1,+,GT,AG,0.9979069,0.9992193,0.9738556146621704,0.03379577398300171
NC_003070.9,3959582,3959681,JUNC_4744,1,+,GT,AG,0.9999604,0.9999032,0.9120321273803711,0.9887073040008545
NC_003070.9,3959791,3959964,JUNC_4745,1,+,GT,AG,0.9998927,0.99984604,0.9519073367118835,0.9447636008262634
NC_003070.9,3967703,3967785,JUNC_16167,1,+,GT,AG,0.99835277,0.9988896,0.0042941574938595295,0.632024347782135
NC_003070.9,3967847,3968006,JUNC_16168,1,+,GT,AG,0.9999547,0.9998981,0.4627154469490051,0.00031197245698422194
NC_003070.9,3968061,3968131,JUNC_16169,1,+,GT,AG,0.00080801,0.0005590722,0.00677202083170414,4.019601362870162e-07
NC_003070.9,3968185,3968346,JUNC_16170,1,+,GT,AG,0.9977095,0.993465,0.3231923282146454,0.00909787230193615
NC_003070.9,3968548,3968631,JUNC_16171,1,+,GT,AG,0.11701611,0.047982275,0.8512399792671204,0.5402107834815979
NC_003070.9,3968697,3968783,JUNC_16172,1,+,GT,AG,0.9911959,0.99543625,0.2742280662059784,0.359590083360672
NC_003070.9,3968924,3969027,JUNC_16173,1,+,GT,AG,0.99997497,0.99997365,0.01924295350909233,0.7248333692550659
NC_003070.9,3969081,3969207,JUNC_16174,1,+,GT,AG,0.99999976,0.99999917,0.00011564631131477654,5.710282039217418e-06
NC_003070.9,3969300,3969487,JUNC_16175,1,+,GT,AG,0.99990964,0.9998549,0.00016955172759480774,5.7848017604555935e-05
NC_003070.9,3969994,3970207,JUNC_14584,1,-,GT,AG,0.13308828,0.12856764,0.9676662683486938,0.9636178016662598
NC_003070.9,3970290,3970378,JUNC_14585,1,-,GT,AG,0.9965925,0.9938992,0.996638298034668,0.9537255764007568
NC_003070.9,3970475,3970555,JUNC_14586,1,-,GT,AG,0.9982602,0.9991503,0.19036848843097687,0.11066309362649918
NC_003070.9,3970751,3970881,JUNC_14587,1,-,GT,AG,1.0,1.0,0.014721337705850601,0.042721327394247055
NC_003070.9,3970943,3971012,JUNC_14588,1,-,GT,AG,0.99999607,0.99999475,0.25896313786506653,0.02010655775666237
NC_003070.9,3971283,3971440,JUNC_14589,1,-,GT,AG,0.9999951,0.9999988,0.24378281831741333,0.00011282731429673731
NC_003070.9,3971492,3971584,JUNC_14590,1,-,GT,AG,0.9983165,0.99949396,0.0007243143045343459,0.5978280901908875
NC_003070.9,3981740,3983203,JUNC_10858,1,+,GT,AG,0.99476886,0.9978759,0.057712651789188385,0.037438977509737015
NC_003070.9,3983271,3983357,JUNC_10859,1,+,GT,AG,0.9985715,0.9964514,0.2165898084640503,0.9465072751045227
NC_003070.9,3983450,3983540,JUNC_10860,1,+,GT,AG,0.9973622,0.99374115,0.9990637898445129,0.015038403682410717
NC_003070.9,3983741,3983824,JUNC_10861,1,+,GT,AG,0.9999995,0.99999726,0.21706432104110718,0.9859516620635986
NC_003070.9,3983905,3983982,JUNC_10862,1,+,GT,AG,0.9980027,0.998524,0.5668969750404358,0.8996236324310303
NC_003070.9,3984078,3984257,JUNC_10863,1,+,GT,AG,1.0,0.9999999,0.3754417896270752,0.034604430198669434
NC_003070.9,3984335,3984418,JUNC_10864,1,+,GT,AG,1.0,1.0,0.365744411945343,0.8925994634628296
NC_003070.9,3984508,3984594,JUNC_10865,1,+,GT,AG,0.99999857,0.999997,0.6226555705070496,0.8693716526031494
NC_003070.9,3984662,3984741,JUNC_10866,1,+,GT,AG,0.99994195,0.9999019,0.5018230676651001,0.10597880184650421
NC_003070.9,3984823,3984905,JUNC_10867,1,+,GT,AG,0.9988869,0.9979025,0.9252896308898926,0.02307756431400776
NC_003070.9,3986104,3986198,JUNC_3461,1,-,GT,AG,0.99999666,0.9999858,0.00433824397623539,0.22966690361499786
NC_003070.9,3986309,3986402,JUNC_3462,1,-,GT,AG,0.73072374,0.73324734,0.19797475636005402,0.8362741470336914
NC_003070.9,3986551,3986782,JUNC_3463,1,-,GT,AG,0.99999976,0.99999976,0.006372665520757437,0.9600164890289307
NC_003070.9,3995470,3995904,JUNC_8161,1,+,GT,AG,0.0016928641,0.001739746,0.010915872640907764,0.008620260283350945
NC_003070.9,3995470,3996040,JUNC_15353,1,+,GT,AG,0.9999993,0.9999989,0.05844656750559807,0.07681576907634735
NC_003070.9,3995472,3996040,JUNC_14282,1,+,GT,AG,0.14841455,0.21555756,0.5575685501098633,0.039748936891555786
NC_003070.9,3996142,3996237,JUNC_8162,1,+,GT,AG,0.9999995,0.99999905,0.9361578226089478,0.9738290309906006
NC_003070.9,3996362,3996442,JUNC_8163,1,+,GT,AG,0.9962321,0.99716175,0.7050413489341736,0.988673746585846
NC_003070.9,3996507,3996598,JUNC_8164,1,+,GT,AG,1.0,0.9999999,0.005567627493292093,0.00016570711159147322
NC_003070.9,3996811,3996889,JUNC_8165,1,+,GT,AG,0.99637425,0.9950967,1.5546449503744952e-05,0.0012365629663690925
NC_003070.9,3996937,3997033,JUNC_8166,1,+,GT,AG,0.9999398,0.9997631,0.009781735017895699,0.000905540946405381
NC_003070.9,3997141,3997238,JUNC_8167,1,+,GT,AG,0.99999976,0.99999905,0.07864627242088318,0.0009302743710577488
NC_003070.9,3997391,3997476,JUNC_8168,1,+,GT,AG,0.9838045,0.9612531,0.15310224890708923,0.029342902824282646
NC_003070.9,3999408,3999534,JUNC_8152,1,+,GT,AG,1.3082296e-10,2.8656347e-10,0.021594950929284096,7.3341274401173e-05
NC_003070.9,4008073,4008176,JUNC_10889,1,-,GT,AG,0.055159155,0.054260705,0.926359236240387,0.0007635632646270096
NC_003070.9,4008337,4008411,JUNC_10890,1,-,GT,AG,0.99991524,0.9993055,0.9514592289924622,0.16416031122207642
NC_003070.9,4008641,4008724,JUNC_10891,1,-,GT,AG,0.0012488262,0.0005452622,0.9209557175636292,0.6096000075340271
NC_003070.9,4008903,4009269,JUNC_10892,1,-,GT,AG,0.9957871,0.99690837,0.9898985028266907,0.08891096711158752
NC_003070.9,4009465,4009577,JUNC_10893,1,-,GT,AG,0.8853034,0.93633705,0.8980816602706909,0.9846760630607605
NC_003070.9,4009648,4009987,JUNC_10894,1,-,GT,AG,0.0017044714,0.00048053224,0.8102172017097473,0.9809204339981079
NC_003070.9,4010890,4011473,JUNC_5280,1,+,GT,AG,0.7068119,0.478781,0.9932993650436401,0.8183557391166687
NC_003070.9,4011696,4011983,JUNC_5281,1,+,GT,AG,0.99759305,0.99284816,0.8343976140022278,0.9903214573860168
NC_003070.9,4012144,4012235,JUNC_5282,1,+,GT,AG,1.0,1.0,0.9554561376571655,0.14552748203277588
NC_003070.9,4012382,4012530,JUNC_5283,1,+,GT,AG,1.0,1.0,0.9678843021392822,0.9720988273620605
NC_003070.9,4012607,4012751,JUNC_5284,1,+,GT,AG,0.9999485,0.9998427,0.9990130662918091,0.1142382025718689
NC_003070.9,4034821,4034925,JUNC_11072,1,-,GT,AG,0.99999857,0.9999982,0.8585407137870789,0.9984561204910278
NC_003070.9,4035045,4035125,JUNC_12207,1,-,GT,AG,0.9999958,0.99999106,0.06445358693599701,0.8241016864776611
NC_003070.9,4035211,4035293,JUNC_11074,1,-,GT,AG,0.9584172,0.9834019,0.0007592017063871026,0.7416372299194336
NC_003070.9,4035366,4035441,JUNC_11075,1,-,GT,AG,0.99987185,0.9996921,0.6571380496025085,0.0006860401481389999
NC_003070.9,4035723,4035803,JUNC_11076,1,-,GT,AG,1.0,1.0,0.00024928455241024494,0.00010977203055517748
NC_003070.9,4036133,4036211,JUNC_11077,1,-,GT,AG,0.9998902,0.9998964,0.008280577138066292,0.02963399328291416
NC_003070.9,4036908,4036993,JUNC_11078,1,-,GT,AG,0.9999677,0.9999505,0.29915285110473633,0.15941251814365387
NC_003070.9,4037057,4037133,JUNC_11079,1,-,GT,AG,0.99999976,0.99999976,0.19771279394626617,0.8605910539627075
NC_003070.9,4037266,4037376,JUNC_11080,1,-,GT,AG,0.99994576,0.99991703,0.24992482364177704,0.009687347337603569
NC_003070.9,4037476,4037556,JUNC_11081,1,-,GT,AG,0.9955817,0.998083,0.0013342498568817973,9.212372970068827e-05
NC_003070.9,4037672,4037758,JUNC_11082,1,-,GT,AG,0.89058584,0.91722274,3.3221469948330196e-06,0.0002633084950502962
NC_003070.9,4038324,4038605,JUNC_11083,1,-,GT,AG,0.709926,0.82145387,0.0002221872127847746,0.0003438532294239849
NC_003070.9,4046551,4046636,JUNC_5087,1,-,GT,AG,0.9995129,0.999671,0.07515086978673935,0.018350427970290184
NC_003070.9,4046877,4046964,JUNC_5088,1,-,GT,AG,0.99835,0.99848527,0.9972414970397949,0.8446117639541626
NC_003070.9,4047110,4047221,JUNC_5089,1,-,GT,AG,2.0094892e-09,1.3859666e-09,0.5311850309371948,0.9260500073432922
NC_003070.9,4047323,4047400,JUNC_5090,1,-,GT,AG,0.97229993,0.92215884,0.9936699271202087,0.9869352579116821
NC_003070.9,4047544,4047634,JUNC_5091,1,-,GT,AG,1.0,1.0,0.9416086673736572,8.671586692798883e-05
NC_003070.9,4047755,4047861,JUNC_5092,1,-,GT,AG,0.9999993,0.9999994,0.6174383163452148,0.7784477472305298
NC_003070.9,4047950,4048035,JUNC_5093,1,-,GT,AG,0.9999943,0.99999726,0.9728562831878662,0.9803143739700317
NC_003070.9,4048097,4048174,JUNC_5094,1,-,GT,AG,0.9851146,0.9764496,0.02420426905155182,0.03241671249270439
NC_003070.9,4048268,4048385,JUNC_17576,1,-,GT,AG,0.9999343,0.9998803,0.0945844054222107,0.03787928447127342
NC_003070.9,4048313,4048385,JUNC_5095,1,-,GT,AG,0.9999956,0.99999845,0.004863915964961052,0.0032275053672492504
NC_003070.9,4048478,4048730,JUNC_5096,1,-,GT,AG,0.99699235,0.9941977,0.9990522265434265,0.9116174578666687
NC_003070.9,4050232,4050321,JUNC_15687,1,-,GT,AG,0.9999707,0.9999113,0.007321500219404697,0.4318774342536926
NC_003070.9,4050390,4050473,JUNC_15688,1,-,GT,AG,0.9996501,0.9998983,0.07865006476640701,0.0011669985251501203
NC_003070.9,4050518,4050603,JUNC_15689,1,-,GT,AG,0.5357498,0.38604954,0.8500141501426697,0.01143596600741148
NC_003070.9,4050688,4050796,JUNC_15690,1,-,GT,AG,0.9290605,0.92873484,0.030401933938264847,0.8889535069465637
NC_003070.9,4050908,4051022,JUNC_15691,1,-,GT,AG,0.9999306,0.99989116,0.9932010769844055,0.7958143949508667
NC_003070.9,4051138,4051244,JUNC_15692,1,-,GT,AG,1.0,1.0,0.9806517958641052,0.43118542432785034
NC_003070.9,4051415,4051515,JUNC_15693,1,-,GT,AG,1.0,1.0,0.00044298681314103305,0.9673665165901184
NC_003070.9,4051647,4051873,JUNC_15694,1,-,GT,AG,1.0,1.0,0.8526115417480469,0.00016641775437165052
NC_003070.9,4051962,4052051,JUNC_15695,1,-,GT,AG,0.99995255,0.9999366,0.5379455089569092,0.01121546421200037
NC_003070.9,4052115,4052285,JUNC_15696,1,-,GT,AG,0.9999124,0.99987745,0.9168884754180908,0.8565149307250977
NC_003070.9,4052391,4052529,JUNC_15697,1,-,GT,AG,0.9999982,0.99999297,0.9562566876411438,0.4057351052761078
NC_003070.9,4052636,4052732,JUNC_15698,1,-,GT,AG,0.99999976,0.99999976,0.29364174604415894,0.945895791053772
NC_003070.9,4052786,4052915,JUNC_15699,1,-,GT,AG,0.99999726,0.9999926,0.05641445890069008,0.038605909794569016
NC_003070.9,4053037,4053137,JUNC_15700,1,-,GT,AG,0.9999995,0.99999905,0.9988387227058411,0.00048500861157663167
NC_003070.9,4053296,4053531,JUNC_15701,1,-,GT,AG,0.9999894,0.9999794,0.981669545173645,0.9938902854919434
NC_003070.9,4105455,4105640,JUNC_5083,1,+,GT,AG,0.99719495,0.9985643,0.955048680305481,0.3888092041015625
NC_003070.9,4105818,4105912,JUNC_5084,1,+,GT,AG,0.9999126,0.99989235,0.9994065761566162,0.9772865176200867
NC_003070.9,4105952,4106126,JUNC_5085,1,+,GT,AG,0.9430675,0.9520011,0.07097402960062027,0.10693946480751038
NC_003070.9,4106701,4108425,JUNC_5086,1,+,GT,AG,0.99999845,0.99999857,7.475667018752574e-08,4.721144796349108e-05
NC_003070.9,4121932,4122015,JUNC_3204,1,+,GT,AG,1.0,1.0,0.9785444140434265,0.2617291808128357
NC_003070.9,4122086,4122453,JUNC_3205,1,+,GT,AG,0.9933407,0.9947303,0.00012662718654610217,0.9653340578079224
NC_003070.9,4122606,4122673,JUNC_3206,1,+,GT,AG,0.9685185,0.9115124,0.004585208836942911,0.011578726582229137
NC_003070.9,4122892,4122976,JUNC_3207,1,+,GT,AG,0.99952304,0.99909794,0.41782283782958984,0.0001274816459044814
NC_003070.9,4123664,4124144,JUNC_5316,1,+,GT,AG,0.11803245,0.096496716,0.9956321120262146,0.2814891040325165
NC_003070.9,4130499,4130603,JUNC_17437,1,+,GT,AG,0.9911159,0.9849449,0.017026694491505623,0.9942004680633545
NC_003070.9,4135696,4135932,JUNC_14578,1,-,GT,AG,0.9065932,0.95325136,0.028074193745851517,0.04437589645385742
NC_003070.9,4145229,4145335,JUNC_10084,1,+,GT,AG,0.99999917,0.9999975,0.8494691252708435,0.40405410528182983
NC_003070.9,4159450,4159564,JUNC_2484,1,+,GT,AG,0.9998994,0.99994636,0.0015273598255589604,0.017611384391784668
NC_003070.9,4159883,4160063,JUNC_2485,1,+,GT,AG,0.9996265,0.9998459,0.9158707857131958,0.9698483347892761
NC_003070.9,4160170,4160733,JUNC_2486,1,+,GT,AG,0.9989244,0.9994368,0.12460285425186157,0.0018634824082255363
NC_003070.9,4160768,4160861,JUNC_2487,1,+,GT,AG,0.9999993,0.9999993,0.9897624850273132,0.5317734479904175
NC_003070.9,4160990,4161077,JUNC_2488,1,+,GT,AG,0.99998236,0.99996054,0.9699895977973938,0.9725663065910339
NC_003070.9,4181176,4181852,JUNC_8412,1,-,GT,AG,0.9999082,0.9995396,0.10461772233247757,0.0029474934563040733
NC_003070.9,4198485,4198561,JUNC_8826,1,+,GT,AG,0.00043132078,0.00019375983,0.15018516778945923,0.93588787317276
NC_003070.9,4198999,4199083,JUNC_8827,1,+,GT,AG,1.0,1.0,0.9836390018463135,0.993767499923706
NC_003070.9,4199201,4199299,JUNC_8828,1,+,GT,AG,0.999749,0.9995314,0.030717486515641212,0.26328930258750916
NC_003070.9,4199344,4199444,JUNC_8829,1,+,GT,AG,0.99998367,0.9999745,0.37704184651374817,0.1941988170146942
NC_003070.9,4199530,4199632,JUNC_8830,1,+,GT,AG,0.9999976,0.9999956,0.5316168069839478,0.06319718062877655
NC_003070.9,4199685,4199783,JUNC_8831,1,+,GT,AG,0.9998259,0.9997121,0.8745797872543335,0.005994568578898907
NC_003070.9,4199843,4200004,JUNC_8832,1,+,GT,AG,0.02773275,0.059702575,0.004725153092294931,0.37690117955207825
NC_003070.9,4200106,4200190,JUNC_8833,1,+,GC,AG,0.00021021489,5.595388e-05,0.6072760820388794,0.011809608899056911
NC_003070.9,4200310,4200393,JUNC_8834,1,+,GT,AG,0.94030833,0.9334193,0.07161150127649307,0.8919215798377991
NC_003070.9,4222010,4222286,JUNC_2489,1,+,GT,AG,0.99333715,0.988133,0.30404841899871826,0.0036333356983959675
NC_003070.9,4223148,4223239,JUNC_15392,1,+,GT,AG,0.9125406,0.893931,0.005041829310357571,0.42928335070610046
NC_003070.9,4223283,4223396,JUNC_15393,1,+,GT,AG,0.05474316,0.046172924,0.7905759215354919,0.15753120183944702
NC_003070.9,4223469,4223800,JUNC_15394,1,+,GT,AG,0.99999964,0.99999905,0.015319718979299068,1.927762059494853e-05
NC_003070.9,4223915,4223999,JUNC_15395,1,+,GT,AG,1.0,1.0,0.1409132480621338,0.9859495759010315
NC_003070.9,4224137,4224230,JUNC_15396,1,+,GT,AG,0.9999999,0.9999999,0.00197320943698287,0.00018984627968166023
NC_003070.9,4224347,4224454,JUNC_15397,1,+,GT,AG,0.99999785,0.99998915,0.031064243987202644,0.04719311743974686
NC_003070.9,4224523,4224609,JUNC_15398,1,+,GT,AG,0.99999356,0.99999416,0.00302688404917717,0.0066424887627363205
NC_003070.9,4224705,4224816,JUNC_15399,1,+,GT,AG,0.9999815,0.9999629,0.0018226435640826821,7.845042273402214e-05
NC_003070.9,4234285,4234363,JUNC_11107,1,-,GT,AG,0.12093254,0.041253876,0.8794116973876953,0.992463231086731
NC_003070.9,4234492,4234559,JUNC_17810,1,-,GT,AG,0.26933378,0.3404122,0.9905511140823364,0.006915003526955843
NC_003070.9,4234703,4234797,JUNC_11109,1,-,GT,AG,0.99999976,0.9999994,0.005353428889065981,0.040624652057886124
NC_003070.9,4234923,4235015,JUNC_11110,1,-,GT,AG,0.99997973,0.99998105,0.007365178316831589,0.9934965372085571
NC_003070.9,4235141,4235249,JUNC_11111,1,-,GT,AG,0.9992976,0.9974819,0.0006719247903674841,0.014071665704250336
NC_003070.9,4235342,4235432,JUNC_11112,1,-,GT,AG,0.9975451,0.9932772,5.2162584324833006e-05,3.1607771234121174e-05
NC_003070.9,4235571,4235674,JUNC_11113,1,-,GT,AG,0.9921678,0.9857307,6.87191350152716e-05,0.0006932421820238233
NC_003070.9,4235806,4235888,JUNC_11114,1,-,GT,AG,0.9999995,0.99999964,0.0004469160339795053,1.4132748219708446e-05
NC_003070.9,4236023,4236110,JUNC_11115,1,-,GT,AG,0.9999962,0.99999464,0.004311058670282364,0.00033720213104970753
NC_003070.9,4236254,4236344,JUNC_11116,1,-,GT,AG,0.9999999,0.9999988,0.0013962239027023315,0.00032814990845508873
NC_003070.9,4236548,4236660,JUNC_11117,1,-,GT,AG,1.0,1.0,0.0018947313074022532,0.687978208065033
NC_003070.9,4236749,4236863,JUNC_11118,1,-,GC,AG,0.9999893,0.9999969,1.7623415260459296e-05,0.06612049788236618
NC_003070.9,4237013,4237152,JUNC_11119,1,-,GT,AG,0.4916931,0.35792145,0.048294421285390854,0.010179719887673855
NC_003070.9,4237306,4237385,JUNC_11120,1,-,GT,AG,0.99131376,0.9898628,3.4123429941246286e-05,0.0020055463537573814
NC_003070.9,4237793,4237889,JUNC_11121,1,-,GT,AG,1.0,1.0,0.009603491052985191,1.3864098036719952e-05
NC_003070.9,4238012,4238096,JUNC_11122,1,-,GT,AG,1.0,1.0,0.5559445023536682,0.0012481315061450005
NC_003070.9,4238197,4238353,JUNC_11123,1,-,GT,AG,0.9999114,0.9999361,0.3909556567668915,0.33499374985694885
NC_003070.9,4242651,4242807,JUNC_10522,1,-,GT,AG,0.9802916,0.9871496,0.010177097283303738,0.16969551146030426
NC_003070.9,4263955,4264285,JUNC_3163,1,-,GT,AG,0.99999344,0.9999609,0.028503533452749252,0.006700390018522739
NC_003070.9,4267543,4267616,JUNC_2757,1,-,GT,AG,0.9999696,0.9999677,0.0036206808872520924,3.0141800380079076e-05
NC_003070.9,4267840,4268142,JUNC_2758,1,-,GT,AG,0.9999999,0.9999999,0.4263691306114197,0.0462036207318306
NC_003070.9,4268277,4268374,JUNC_2759,1,-,GT,AG,0.99999785,0.99999845,0.41933682560920715,0.4633311927318573
NC_003070.9,4268447,4268528,JUNC_2760,1,-,GT,AG,0.9991442,0.99864775,0.2943778932094574,0.41075363755226135
NC_003070.9,4268555,4268663,JUNC_2761,1,-,GT,AG,0.9987789,0.9959162,1.6421483451267704e-05,5.162186880625086e-06
NC_003070.9,4269476,4269572,JUNC_9674,1,-,GT,AG,0.9999987,0.999995,0.09336636960506439,3.8925850986970545e-08
NC_003070.9,4269688,4270660,JUNC_9675,1,-,GT,AG,1.0,1.0,0.021594950929284096,0.0023371465504169464
NC_003070.9,4275095,4275306,JUNC_8729,1,+,GT,AG,0.9999529,0.9999329,0.05950978770852089,0.6540707945823669
NC_003070.9,4278237,4278311,JUNC_15011,1,-,GT,AG,0.9767507,0.9725275,0.832501232624054,0.9801946878433228
NC_003070.9,4279260,4279556,JUNC_15012,1,-,GT,AG,0.99999905,0.9999974,0.1068018451333046,0.0014539326075464487
NC_003070.9,4279858,4280254,JUNC_15013,1,-,GT,AG,0.9998821,0.99977666,0.06838634610176086,0.3758867681026459
NC_003070.9,4280594,4280671,JUNC_15014,1,-,GT,AG,0.6041011,0.5827002,0.9391375780105591,0.03621886670589447
NC_003070.9,4303723,4303811,JUNC_8171,1,-,GT,AG,0.9999825,0.99998605,0.16442327201366425,0.9209282994270325
NC_003070.9,4303930,4304013,JUNC_8172,1,-,GT,AG,0.9999976,0.99999857,0.009150535799562931,0.00022321578580886126
NC_003070.9,4304077,4304187,JUNC_8173,1,-,GT,AG,0.9987933,0.99935704,0.8152700662612915,0.9333013892173767
NC_003070.9,4304273,4304359,JUNC_8174,1,-,GT,AG,0.99999976,0.99999964,0.9801716804504395,0.37168920040130615
NC_003070.9,4304768,4304869,JUNC_8175,1,-,GT,AG,0.5391513,0.6076854,0.999799907207489,0.9982215762138367
NC_003070.9,4305090,4305209,JUNC_8176,1,-,GT,AG,0.999629,0.9997583,0.9943882822990417,0.9973153471946716
NC_003070.9,4305265,4305370,JUNC_8177,1,-,GT,AG,0.025404995,0.012503587,0.17072686553001404,0.9959988594055176
NC_003070.9,4306028,4306148,JUNC_9440,1,+,GT,AG,0.9517084,0.92564225,0.2620869576931,0.07880766689777374
NC_003070.9,4306287,4306368,JUNC_9441,1,+,GT,AG,0.9999999,0.9999999,0.8799098134040833,0.07477141171693802
NC_003070.9,4306496,4306596,JUNC_9442,1,+,GT,AG,0.9999995,0.99999833,0.006679913494735956,0.0951182022690773
NC_003070.9,4306663,4306763,JUNC_9443,1,+,GT,AG,0.999966,0.9998871,0.02146422676742077,0.08218785375356674
NC_003070.9,4306816,4306907,JUNC_9444,1,+,GT,AG,0.99999607,0.99999356,0.5902116894721985,0.0007555412012152374
NC_003070.9,4306962,4307046,JUNC_9445,1,+,GT,AG,0.9999918,0.9999919,0.011930090375244617,0.2656919062137604
NC_003070.9,4307121,4307213,JUNC_9446,1,+,GT,AG,0.99999905,0.9999981,0.29785412549972534,0.6623106598854065
NC_003070.9,4307334,4307445,JUNC_9447,1,+,GT,AG,0.99999917,0.9999989,0.2813817858695984,0.8985834121704102
NC_003070.9,4307492,4307577,JUNC_9448,1,+,GT,AG,0.99995553,0.99987984,0.42177677154541016,0.025907374918460846
NC_003070.9,4307777,4307816,JUNC_9449,1,+,GC,AG,4.0153504e-05,4.629816e-05,0.412506103515625,0.006967021618038416
NC_003070.9,4342658,4342722,JUNC_14806,1,+,GT,AG,0.99163496,0.9897663,0.0011295618023723364,0.8417808413505554
NC_003070.9,4343062,4343148,JUNC_5933,1,+,GT,AG,0.9401667,0.97315335,0.9986847043037415,0.6353773474693298
NC_003070.9,4343298,4343368,JUNC_5934,1,+,GT,AG,0.99998474,0.99998367,0.996821403503418,0.01159573346376419
NC_003070.9,4343620,4343707,JUNC_5935,1,+,GT,AG,0.9973582,0.9965281,0.03799255192279816,0.05433841794729233
NC_003070.9,4343797,4343890,JUNC_5936,1,+,GT,AG,0.9908902,0.9934602,0.21068651974201202,0.9805296659469604
NC_003070.9,4343969,4344064,JUNC_14807,1,+,GT,AG,0.41021007,0.23927338,0.9827523827552795,0.0021418447140604258
NC_003070.9,4344171,4344256,JUNC_5937,1,+,GT,AG,0.95954025,0.92212754,0.002443283563479781,0.9316748976707458
NC_003070.9,4344384,4344475,JUNC_5938,1,+,GT,AG,0.09392493,0.17808905,0.28228113055229187,0.1348041146993637
NC_003070.9,4345407,4345549,JUNC_8596,1,-,GT,AG,0.02736473,0.037559323,0.24208283424377441,0.9389014840126038
NC_003070.9,4345459,4345549,JUNC_7940,1,-,GT,AG,0.42348096,0.3366844,0.8372008204460144,0.9938033819198608
NC_003070.9,4345713,4345808,JUNC_7941,1,-,GT,AG,0.9994356,0.99807847,0.9939743876457214,0.013736559078097343
NC_003070.9,4345972,4346452,JUNC_7942,1,-,GT,AG,0.99974734,0.999323,0.00022110043209977448,0.0020694041159003973
NC_003070.9,4346729,4346845,JUNC_7943,1,-,GT,AG,0.9788712,0.97356266,0.09131736308336258,0.014269971288740635
NC_003070.9,4346918,4347423,JUNC_7944,1,-,GT,AG,0.038645674,0.025267443,0.09405167400836945,0.997223973274231
NC_003070.9,4349359,4349663,JUNC_10760,1,+,GT,AG,0.9986381,0.9984489,0.9964039325714111,0.5143104195594788
NC_003070.9,4349783,4349858,JUNC_10761,1,+,GT,AG,0.9649864,0.9630388,0.3559620678424835,0.07291017472743988
NC_003070.9,4349991,4350074,JUNC_10762,1,+,GT,AG,0.9999721,0.99996376,0.9801428914070129,0.20051103830337524
NC_003070.9,4350242,4350338,JUNC_10763,1,+,GT,AG,0.999926,0.99955314,0.1080896183848381,0.9970380067825317
NC_003070.9,4356208,4356291,JUNC_18068,1,-,GT,AG,0.94279116,0.92371607,0.2282978594303131,0.0013701794669032097
NC_003070.9,4356383,4356465,JUNC_18069,1,-,GT,AG,0.91517484,0.8739606,0.9428507089614868,0.11824118345975876
NC_003070.9,4356548,4356635,JUNC_18070,1,-,GT,AG,0.99998295,0.9999863,0.17880156636238098,0.02452133409678936
NC_003070.9,4356945,4357198,JUNC_18071,1,-,GT,AG,0.9939955,0.95212126,0.9944283962249756,0.7030640244483948
NC_003070.9,4357300,4357411,JUNC_18072,1,-,GT,AG,0.9999999,0.9999999,4.776523928740062e-05,0.9895743727684021
NC_003070.9,4357547,4357639,JUNC_18073,1,-,GT,AG,0.9930653,0.9799172,0.039399050176143646,6.185988604556769e-05
NC_003070.9,4357689,4357922,JUNC_18074,1,-,GT,AG,0.9999993,0.9999994,0.00677202083170414,4.019601362870162e-07
NC_003070.9,4361852,4361945,JUNC_14457,1,-,GT,AG,0.9660267,0.9205052,0.01471121795475483,0.004251085687428713
NC_003070.9,4362014,4362177,JUNC_14458,1,-,GT,AG,0.9999876,0.9999876,0.04195791110396385,0.020596183836460114
NC_003070.9,4362285,4362356,JUNC_14459,1,-,GT,AG,0.9958902,0.99501675,0.0006583606591448188,0.0019103152444586158
NC_003070.9,4362449,4362536,JUNC_14460,1,-,GT,AG,1.0,1.0,0.12925511598587036,0.00963642355054617
NC_003070.9,4362608,4362683,JUNC_14461,1,-,GT,AG,0.99999905,0.9999994,0.3159346580505371,0.049575723707675934
NC_003070.9,4362770,4362883,JUNC_14462,1,-,GT,AG,0.9877679,0.9961952,0.02884167991578579,0.2127143144607544
NC_003070.9,4363063,4363145,JUNC_14463,1,-,GT,AG,0.9999999,0.9999999,0.0038187617901712656,0.02125661075115204
NC_003070.9,4363445,4363530,JUNC_14464,1,-,GT,AG,0.9999999,0.9999999,0.0011159852147102356,0.03925633057951927
NC_003070.9,4363620,4363703,JUNC_14465,1,-,GT,AG,0.9999838,0.9999734,0.912760853767395,0.0005098185501992702
NC_003070.9,4363824,4363914,JUNC_14466,1,-,GT,AG,0.9999975,0.999997,0.4839976131916046,0.963331937789917
NC_003070.9,4364041,4364115,JUNC_14467,1,-,GT,AG,0.9999585,0.9998458,0.9991433620452881,0.705354630947113
NC_003070.9,4364851,4364943,JUNC_14468,1,-,GT,AG,0.99999654,0.9999926,0.025359908118844032,0.9979604482650757
NC_003070.9,4367374,4367493,JUNC_14994,1,+,GT,AG,0.6264498,0.5686113,0.9527150988578796,0.0026205808389931917
NC_003070.9,4367791,4368019,JUNC_14995,1,+,GT,AG,0.02631215,0.18384273,0.8278176188468933,0.8127155900001526
NC_003070.9,4368118,4368471,JUNC_14996,1,+,GT,AG,2.859888e-05,3.1320804e-05,0.4169570505619049,0.0018965497147291899
NC_003070.9,4393136,4393223,JUNC_2461,1,-,GT,AG,0.99983066,0.99980146,0.013540828600525856,0.9742263555526733
NC_003070.9,4393468,4393545,JUNC_2462,1,-,GT,AG,0.9999597,0.99996233,0.9929971098899841,0.9923819899559021
NC_003070.9,4393850,4394043,JUNC_2463,1,-,GT,AG,0.99805605,0.99669033,0.9691776633262634,0.9818991422653198
NC_003070.9,4394129,4394241,JUNC_10704,1,-,GT,AG,0.22185558,0.20099626,0.006189147941768169,0.023277366533875465
NC_003070.9,4394148,4394241,JUNC_2464,1,-,GT,AG,0.9998445,0.9998578,0.07245749980211258,0.004443627316504717
NC_003070.9,4422835,4422913,JUNC_4301,1,-,GT,AG,0.01236767,0.012588384,0.08214746415615082,1.321037871093722e-05
NC_003070.9,4422990,4423046,JUNC_4302,1,-,GT,AG,0.7535511,0.7721195,0.18525664508342743,0.6517301797866821
NC_003070.9,4455834,4455907,JUNC_10520,1,+,GT,AG,0.9999958,0.9999926,0.011943363584578037,4.471713964449009e-06
NC_003070.9,4456369,4456482,JUNC_10521,1,+,GT,AG,0.9999999,0.99999666,0.3047162890434265,4.9831167416414246e-05
NC_003070.9,4459569,4459642,JUNC_14184,1,+,GT,AG,0.9999995,0.9999987,0.04515178129076958,0.0563511960208416
NC_003070.9,4460108,4460195,JUNC_3941,1,+,GT,AG,1.0,1.0,0.008493136614561081,0.5511099696159363
NC_003070.9,4464867,4464950,JUNC_9916,1,+,GT,AG,0.9999994,0.9999994,3.150879820168484e-06,0.011587336659431458
NC_003070.9,4485038,4485167,JUNC_8730,1,+,GT,AG,0.9999999,0.9999994,0.10385851562023163,0.9208351969718933
NC_003070.9,4485335,4485424,JUNC_8731,1,+,GT,AG,0.99999976,0.99999917,0.9699525833129883,0.9283547401428223
NC_003070.9,4485558,4485650,JUNC_8732,1,+,GT,AG,0.99999964,0.99999976,0.32678884267807007,0.007739997934550047
NC_003070.9,4485789,4486017,JUNC_8733,1,+,GT,AG,0.9999999,0.9999999,0.010465008206665516,3.594022200559266e-05
NC_003070.9,4486164,4486241,JUNC_8734,1,+,GT,AG,0.9850567,0.9907472,0.9866368174552917,0.9926840662956238
NC_003070.9,4486304,4486429,JUNC_8735,1,+,GT,AG,0.951057,0.93739814,0.9969568252563477,0.9205088019371033
NC_003070.9,4486525,4486597,JUNC_8736,1,+,GT,AG,0.29831016,0.14724661,0.9842236638069153,0.02571089006960392
NC_003070.9,4486657,4486737,JUNC_8737,1,+,GT,AG,0.5285435,0.4993043,0.06647541373968124,0.9281830191612244
NC_003070.9,4486812,4486905,JUNC_8738,1,+,GT,AG,0.99759907,0.99682426,0.7855800986289978,0.9963529109954834
NC_003070.9,4486959,4487061,JUNC_8739,1,+,GT,AG,0.9999827,0.99997616,0.9965546131134033,0.7563750743865967
NC_003070.9,4487163,4487245,JUNC_8740,1,+,GT,AG,0.9999945,0.9999957,0.7508168816566467,0.9985014200210571
NC_003070.9,4487860,4487947,JUNC_8741,1,+,GT,AG,1.0,0.99999976,0.9954918026924133,0.2379971444606781
NC_003070.9,4488046,4488130,JUNC_8742,1,+,GT,AG,0.99998903,0.99998474,0.5897552371025085,0.9546329379081726
NC_003070.9,4568035,4568142,JUNC_14161,1,+,GT,AG,0.98956466,0.9937179,0.00013107109407428652,0.8946213722229004
NC_003070.9,4568168,4568528,JUNC_14162,1,+,GT,AG,1.0,1.0,0.08315418660640717,0.7689135074615479
NC_003070.9,4568796,4568882,JUNC_14163,1,+,GT,AG,1.0,1.0,0.48887813091278076,0.3396809995174408
NC_003070.9,4568953,4569039,JUNC_14164,1,+,GT,AG,1.0,0.9999999,0.04161113128066063,0.00012567936209961772
NC_003070.9,4569228,4569311,JUNC_14165,1,+,GT,AG,0.9999943,0.999985,0.6175280809402466,0.6989343166351318
NC_003070.9,4569417,4570339,JUNC_14166,1,+,GT,AG,0.9995597,0.9997762,0.9837093353271484,0.0003507636138238013
NC_003070.9,4589476,4589662,JUNC_18397,1,-,GT,AG,0.9943622,0.99281925,0.6654151082038879,0.957038402557373
NC_003070.9,4589868,4590260,JUNC_18398,1,-,GT,AG,0.99999976,0.99999964,0.8521332740783691,0.13121506571769714
NC_003070.9,4597785,4597889,JUNC_17433,1,+,GT,AG,0.863918,0.9006136,0.9640728235244751,0.7879379987716675
NC_003070.9,4597996,4598234,JUNC_17434,1,+,GT,AG,0.99999666,0.9999871,0.7909893989562988,0.019892802461981773
NC_003070.9,4598348,4598425,JUNC_17435,1,+,GC,AG,0.99984413,0.9993786,0.8151432275772095,0.9384925961494446
NC_003070.9,4598513,4598598,JUNC_17436,1,+,GT,AG,0.015576302,0.007960515,0.9545862674713135,0.37658146023750305
NC_003070.9,4612571,4612666,JUNC_4430,1,+,GT,AG,5.7069068e-05,4.2660326e-05,0.0025300767738372087,0.09693262726068497
NC_003070.9,4613198,4613285,JUNC_16162,1,-,GT,AG,0.9999933,0.99997735,0.27534714341163635,0.04360412061214447
NC_003070.9,4613516,4613754,JUNC_16163,1,-,GC,AG,0.9999987,0.9999995,0.40504297614097595,0.9984606504440308
NC_003070.9,4613889,4614197,JUNC_16164,1,-,GT,AG,0.99999845,0.99999845,0.00016087874246295542,0.02847311832010746
NC_003070.9,4614236,4614499,JUNC_4095,1,-,GT,AG,0.99999905,0.9999982,0.0060789939016103745,0.001548120053485036
NC_003070.9,4630281,4630367,JUNC_15441,1,-,GT,AG,0.9995695,0.99941146,0.5697727203369141,0.9538823366165161
NC_003070.9,4632700,4632903,JUNC_9620,1,-,GT,AG,0.99996173,0.99993753,0.9866319298744202,0.0006729151937179267
NC_003070.9,4642818,4642899,JUNC_12916,1,-,GT,AG,0.9993106,0.9994254,1.3130359548085835e-05,0.005595732014626265
NC_003070.9,4643930,4644241,JUNC_12918,1,-,GT,AG,0.7843579,0.76380503,0.017408061772584915,0.012645004317164421
NC_003070.9,4645037,4645122,JUNC_3303,1,-,GT,AG,0.99998915,0.9999721,0.6012937426567078,0.07821623235940933
NC_003070.9,4645307,4645389,JUNC_10136,1,-,GT,AG,0.9999199,0.99975544,0.0024496770929545164,0.4655458927154541
NC_003070.9,4645575,4645680,JUNC_3304,1,-,GT,AG,0.9576842,0.91550165,0.44280195236206055,0.4681396782398224
NC_003070.9,4645836,4645925,JUNC_3305,1,-,GT,AG,0.0036940046,0.0037360773,0.8443292379379272,0.47850707173347473
NC_003070.9,4646155,4646627,JUNC_3306,1,-,GT,AG,0.9999069,0.99991584,0.24184539914131165,0.3934941589832306
NC_003070.9,4660838,4660940,JUNC_5131,1,+,GT,AG,0.9663567,0.98536104,5.865520506631583e-06,0.000596050638705492
NC_003070.9,4662840,4662933,JUNC_10912,1,+,GT,AG,3.4843964e-05,3.201957e-05,0.002905419794842601,0.01438535749912262
NC_003070.9,4664080,4664202,JUNC_2422,1,-,GT,AG,0.46145052,0.5522985,0.3163713812828064,0.9393028020858765
NC_003070.9,4664573,4664672,JUNC_2423,1,-,GT,AG,0.99995935,0.99985766,0.25004222989082336,0.03410915657877922
NC_003070.9,4664720,4664821,JUNC_2424,1,-,GT,AG,0.9999924,0.9999933,0.5591053366661072,0.958642303943634
NC_003070.9,4665053,4665275,JUNC_2425,1,-,GT,AG,0.99573827,0.9980798,0.0356796570122242,0.9529644846916199
NC_003070.9,4665058,4665275,JUNC_14673,1,-,GT,AG,0.9958289,0.99708396,0.0005589067004621029,0.0009635646711103618
NC_003070.9,4665312,4665664,JUNC_2426,1,-,GT,AG,0.99972385,0.99960333,0.0009865688625723124,0.00043225876288488507
NC_003070.9,4668858,4669021,JUNC_2777,1,+,GT,AG,0.99989414,0.99995697,0.00015250075375661254,0.0024056839756667614
NC_003070.9,4674620,4674830,JUNC_8756,1,+,GT,AG,0.99986506,0.9999484,0.07457703351974487,0.07442285120487213
NC_003070.9,4674888,4675071,JUNC_8757,1,+,GT,AG,0.8986175,0.884677,0.010329232551157475,2.2420856112148613e-05
NC_003070.9,4675155,4675240,JUNC_8758,1,+,GT,AG,0.9985795,0.9984111,0.9895135164260864,0.003940047230571508
NC_003070.9,4675382,4675505,JUNC_8759,1,+,GC,AG,0.99961036,0.9992829,0.9998856782913208,0.9980137348175049
NC_003070.9,4675843,4675904,JUNC_8760,1,+,GT,AG,6.6441076e-12,1.1320252e-10,0.9966415166854858,0.9994823932647705
NC_003070.9,4680928,4681010,JUNC_9427,1,-,GT,AG,0.99998903,0.9999304,0.9704795479774475,0.9747573733329773
NC_003070.9,4681492,4681882,JUNC_9428,1,-,GT,AG,0.99993885,0.99995136,0.907373309135437,0.9841145277023315
NC_003070.9,4694972,4695208,JUNC_9927,1,-,GT,AG,1.0,1.0,0.9670029282569885,0.9486885666847229
NC_003070.9,4695344,4695427,JUNC_9928,1,-,GT,AG,0.9873431,0.9827068,0.7815611958503723,0.9707220196723938
NC_003070.9,4714599,4714742,JUNC_4708,1,+,GT,AG,0.99988306,0.99987996,0.9577093720436096,0.8266580104827881
NC_003070.9,4721838,4721947,JUNC_18111,1,+,GT,AG,0.004954839,0.0092555685,0.989694356918335,0.9900785684585571
NC_003070.9,4722005,4722085,JUNC_18112,1,+,GC,AG,0.5296998,0.5900576,1.3130359548085835e-05,0.005595732014626265
NC_003070.9,4722145,4722221,JUNC_18113,1,+,GT,AG,0.99616516,0.9939295,0.5008326768875122,0.03351616859436035
NC_003070.9,4722260,4722350,JUNC_18114,1,+,GT,AG,0.99999714,0.9999975,0.03918375447392464,0.994568943977356
NC_003070.9,4722413,4722513,JUNC_18115,1,+,GT,AG,0.9897736,0.99142843,0.9986091256141663,0.8848561644554138
NC_003070.9,4722570,4722682,JUNC_18116,1,+,GT,AG,0.96683717,0.97968227,0.9484187364578247,0.9253206253051758
NC_003070.9,4722746,4722841,JUNC_18117,1,+,GT,AG,0.9999428,0.99990284,0.7649345993995667,0.019602041691541672
NC_003070.9,4722925,4723017,JUNC_18118,1,+,GT,AG,0.9999968,0.99999034,0.7505082488059998,0.9191532731056213
NC_003070.9,4723100,4723190,JUNC_18119,1,+,GT,AG,0.9999999,0.9999999,0.6042501330375671,0.5983290076255798
NC_003070.9,4723320,4723395,JUNC_18120,1,+,GT,AG,0.99521273,0.99182606,0.00569771695882082,0.98548823595047
NC_003070.9,4723488,4723627,JUNC_18121,1,+,GT,AG,0.96362984,0.9412616,0.985338568687439,0.7381881475448608
NC_003070.9,4723749,4723820,JUNC_18122,1,+,GT,AG,0.07266382,0.08275175,0.22601909935474396,0.00713990768417716
NC_003070.9,4724153,4724246,JUNC_18123,1,+,GT,AG,0.9998714,0.99986935,0.006971185095608234,0.06691369414329529
NC_003070.9,4734119,4734284,JUNC_3134,1,+,GT,AG,0.9999957,0.9999875,0.14303533732891083,0.11571954190731049
NC_003070.9,4738752,4738836,JUNC_4355,1,-,GT,AG,0.9999621,0.99970615,0.004134788643568754,0.0014115431113168597
NC_003070.9,4739040,4739155,JUNC_4356,1,-,GT,AG,0.99999106,0.99996376,0.9966930150985718,0.9096679091453552
NC_003070.9,4740260,4740338,JUNC_14082,1,-,GT,AG,0.99991906,0.999759,0.00635406281799078,0.12333334982395172
NC_003070.9,4740375,4740460,JUNC_14083,1,-,GT,AG,0.025177347,0.052358463,0.9891321063041687,0.1883780062198639
NC_003070.9,4740703,4740874,JUNC_14084,1,-,GT,AG,0.029707944,0.026376016,0.6195542216300964,0.0023953174240887165
NC_003070.9,4743501,4743668,JUNC_18197,1,-,GT,AG,0.052266087,0.02287833,0.0072698513977229595,0.09475412219762802
NC_003070.9,4743903,4744000,JUNC_18198,1,-,GT,AG,0.3167382,0.28790995,0.012974048964679241,0.09337766468524933
NC_003070.9,4744133,4744260,JUNC_18199,1,-,GT,AG,0.9941023,0.9943513,0.9977832436561584,0.997094988822937
NC_003070.9,4744564,4744656,JUNC_18200,1,-,GT,AG,0.99992836,0.9997403,0.9986881613731384,0.9954001307487488
NC_003070.9,4744814,4744899,JUNC_18201,1,-,GT,AG,0.98410946,0.97588533,0.9963675737380981,0.9965846538543701
NC_003070.9,4745125,4745236,JUNC_18202,1,-,GT,AG,0.80473894,0.9017954,0.9966373443603516,0.9906710386276245
NC_003070.9,4745477,4745575,JUNC_18203,1,-,GT,AG,0.9999956,0.9999951,0.9994710087776184,0.9959903359413147
NC_003070.9,4745711,4745792,JUNC_18204,1,-,GT,AG,0.9999987,0.9999976,0.9954105019569397,0.996167004108429
NC_003070.9,4746540,4746678,JUNC_18205,1,-,GT,AG,0.47500157,0.2927861,0.8398675322532654,0.017391430214047432
NC_003070.9,4748364,4748594,JUNC_14819,1,-,GT,AG,0.99997807,0.99997175,0.9880436062812805,0.9442466497421265
NC_003070.9,4749201,4749591,JUNC_14024,1,+,GT,AG,0.9999994,0.99999964,0.9139562845230103,0.9792889952659607
NC_003070.9,4749747,4749837,JUNC_14025,1,+,GT,AG,1.0,1.0,0.9885862469673157,0.10076349973678589
NC_003070.9,4758213,4758298,JUNC_4449,1,+,GT,AG,0.7357612,0.6822959,0.010407519526779652,0.0608939602971077
NC_003070.9,4758396,4758487,JUNC_4450,1,+,GT,AG,0.99913436,0.9989322,0.019162548705935478,0.26158615946769714
NC_003070.9,4758645,4758735,JUNC_4451,1,+,GT,AG,0.99997854,0.9999335,0.3493301272392273,0.8306139707565308
NC_003070.9,4758835,4758923,JUNC_4452,1,+,GT,AG,0.7917779,0.5599956,0.01360995788127184,0.08229146897792816
NC_003070.9,4759455,4759559,JUNC_4453,1,+,GT,AG,0.039724614,0.022177383,0.6976755261421204,0.004451144021004438
NC_003070.9,4761711,4762628,JUNC_3185,1,+,GT,AG,1.4054128e-09,7.0923045e-10,0.12355836480855942,0.0008842601673677564
NC_003070.9,4764768,4764877,JUNC_14688,1,-,GT,AG,0.9983637,0.99667597,0.002414011862128973,0.05747302249073982
NC_003070.9,4765589,4765683,JUNC_14689,1,-,GT,AG,0.9999132,0.9994443,0.8952324390411377,0.9912464022636414
NC_003070.9,4765925,4766395,JUNC_14690,1,-,GT,AG,0.99768376,0.99737334,0.8013830780982971,0.021774040535092354
NC_003070.9,4766470,4766593,JUNC_14691,1,-,GT,AG,0.0032543165,0.0049918266,0.01739228516817093,0.8356596231460571
NC_003070.9,4777393,4777742,JUNC_14484,1,+,GT,AG,0.9926077,0.86098355,0.010012011975049973,0.032559219747781754
NC_003070.9,4778416,4778498,JUNC_14485,1,+,GT,AG,0.99998534,0.9999603,0.05831585451960564,0.16574779152870178
NC_003070.9,4778663,4778784,JUNC_14486,1,+,GT,AG,0.9999162,0.9998147,0.9918985366821289,0.883569061756134
NC_003070.9,4800529,4800625,JUNC_9211,1,-,GT,AG,0.99365824,0.9940943,0.98125159740448,0.9915573596954346
NC_003070.9,4800702,4801288,JUNC_9212,1,-,GT,AG,0.99999905,0.9999976,0.0008994516683742404,0.0001080676811398007
NC_003070.9,4801498,4801583,JUNC_9213,1,-,GT,AG,0.99387205,0.9980406,0.23538440465927124,6.292572379607009e-06
NC_003070.9,4822688,4822767,JUNC_5315,1,+,GT,AG,0.99877024,0.9973515,0.9099730849266052,0.24178633093833923
NC_003070.9,4824655,4824779,JUNC_4493,1,-,GT,AG,0.9998945,0.99984777,0.5530750751495361,0.8747406601905823
NC_003070.9,4826552,4827227,JUNC_4494,1,-,GT,AG,0.9999987,0.99999344,0.10750970244407654,0.003283013356849551
NC_003070.9,4833920,4834018,JUNC_1807,1,-,GT,AG,0.9715205,0.9843866,0.3681129813194275,0.0007276601972989738
NC_003070.9,4834340,4834489,JUNC_1808,1,-,GT,AG,0.99984556,0.99967325,0.8568680286407471,0.018599262461066246
NC_003070.9,4834857,4835013,JUNC_17774,1,-,GT,AG,0.99874264,0.9984697,0.9690973162651062,0.9819198250770569
NC_003070.9,4836620,4836693,JUNC_4776,1,-,GT,AG,0.9997346,0.9977874,0.010329232551157475,2.2420856112148613e-05
NC_003070.9,4837069,4837489,JUNC_4777,1,-,GT,AG,0.99990356,0.99991405,0.01279435958713293,0.0017755759181454778
NC_003070.9,4843498,4843596,JUNC_14177,1,-,GT,AG,0.9927394,0.9630443,0.9928321838378906,0.49776923656463623
NC_003070.9,4843779,4843874,JUNC_14178,1,-,GT,AG,1.0,0.99999964,0.19039084017276764,0.9837532043457031
NC_003070.9,4844129,4844206,JUNC_14179,1,-,GT,AG,0.99999094,0.99999034,0.9866859912872314,0.9756363034248352
NC_003070.9,4844572,4844653,JUNC_14180,1,-,GT,AG,0.99998975,0.9999944,0.949750542640686,0.9868056774139404
NC_003070.9,4845126,4845225,JUNC_14181,1,-,GT,AG,0.9999851,0.9999732,0.9914975762367249,0.9074121713638306
NC_003070.9,4845283,4845694,JUNC_14182,1,-,GT,AG,0.99998593,0.99997723,0.9621180295944214,0.995762825012207
NC_003070.9,4858865,4858954,JUNC_17578,1,-,GT,AG,0.99791217,0.99558794,0.9578169584274292,0.9676795601844788
NC_003070.9,4859153,4859232,JUNC_17579,1,-,GT,AG,0.99932456,0.9991734,0.9890862703323364,0.9648418426513672
NC_003070.9,4859388,4859493,JUNC_17580,1,-,GT,AG,0.9989761,0.9993467,0.6146143078804016,0.0020888205617666245
NC_003070.9,4864965,4865150,JUNC_18189,1,+,GC,AG,0.29460895,0.054388788,0.7749037146568298,0.861117422580719
NC_003070.9,4865032,4865150,JUNC_1930,1,+,GT,AG,0.00014330671,0.00011636942,0.1764954775571823,0.5943901538848877
NC_003070.9,4865732,4865809,JUNC_1931,1,+,GT,AG,0.12912779,0.17146508,0.00010351619857829064,0.010985146276652813
NC_003070.9,4865732,4865821,JUNC_16549,1,+,GT,AG,0.009333593,0.00768067,0.0012173453578725457,0.0006427724729292095
NC_003070.9,4865922,4866423,JUNC_1932,1,+,GT,AG,0.95727396,0.8598551,0.9644174575805664,0.0008636452839709818
NC_003070.9,4866531,4866706,JUNC_1933,1,+,GT,AG,1.0,1.0,4.474965464851266e-07,5.691766613580285e-09
NC_003070.9,4866749,4866855,JUNC_1934,1,+,GT,AG,0.99999833,0.9999995,0.3415575325489044,0.6111335754394531
NC_003070.9,4867044,4867143,JUNC_1935,1,+,GT,AG,0.99059707,0.98709977,0.930506706237793,0.8611794114112854
NC_003070.9,4867241,4867346,JUNC_1936,1,+,GT,AG,0.85039014,0.8057169,0.01623842678964138,0.019843293353915215
NC_003070.9,4867543,4867647,JUNC_1937,1,+,GT,AG,0.9989498,0.99296,0.13247399032115936,0.013643940910696983
NC_003070.9,4875140,4875230,JUNC_14168,1,-,GT,AG,0.9820739,0.94198173,0.07583989948034286,0.2956937551498413
NC_003070.9,4875337,4875423,JUNC_14169,1,-,GT,AG,0.90057063,0.9169373,0.5980530381202698,0.0011660540476441383
NC_003070.9,4875515,4875590,JUNC_14170,1,-,GT,AG,0.94779664,0.9440214,0.054251477122306824,0.7699710726737976
NC_003070.9,4875683,4875757,JUNC_14171,1,-,GT,AG,0.46422687,0.36685994,0.004813029430806637,0.001138513209298253
NC_003070.9,4875807,4875894,JUNC_14172,1,-,GT,AG,0.89332455,0.88826907,0.6049067974090576,0.03374909609556198
NC_003070.9,4876028,4876111,JUNC_14173,1,-,GT,AG,0.99999654,0.9999956,0.6205687522888184,0.7651662826538086
NC_003070.9,4876194,4876360,JUNC_14174,1,-,GT,AG,1.0,1.0,1.2749501365760807e-05,0.0022637606598436832
NC_003070.9,4876472,4876669,JUNC_14175,1,-,GT,AG,0.9999999,0.9999999,1.4000085535315065e-09,4.770523105435132e-07
NC_003070.9,4876767,4876940,JUNC_14176,1,-,GT,AG,0.9977206,0.9946602,0.8754734396934509,0.6218706965446472
NC_003070.9,4918310,4918406,JUNC_4202,1,-,GT,AG,0.9999963,0.9999949,0.0009476810810156167,0.9975374937057495
NC_003070.9,4919775,4919914,JUNC_4204,1,-,GT,AG,0.99999666,0.99999464,0.9952321648597717,0.007498528808355331
NC_003070.9,4919995,4920084,JUNC_4205,1,-,GT,AG,0.9999728,0.9999361,0.3371366858482361,0.8367047905921936
NC_003070.9,4920273,4920358,JUNC_4206,1,-,GT,AG,0.99999905,0.9999981,0.6988377571105957,0.04640287160873413
NC_003070.9,4920592,4920671,JUNC_4207,1,-,GT,AG,0.99997914,0.999961,0.22872722148895264,0.8234158158302307
NC_003070.9,4920804,4921294,JUNC_4208,1,-,GT,AG,0.97338134,0.9775708,0.41932395100593567,0.033383164554834366
NC_003070.9,4925522,4925598,JUNC_17208,1,+,GT,AG,0.9999994,0.99999905,0.8248475193977356,0.940902829170227
NC_003070.9,4925720,4925799,JUNC_17209,1,+,GT,AG,0.99999917,0.9999981,0.6146143078804016,0.0020888205617666245
NC_003070.9,4926046,4926126,JUNC_17210,1,+,GT,AG,0.9905483,0.97478265,0.05661387741565704,0.0015775762731209397
NC_003070.9,4926320,4926416,JUNC_17211,1,+,GT,AG,0.99985015,0.9997775,0.055280495434999466,0.15121854841709137
NC_003070.9,4932326,4932423,JUNC_13525,1,-,GT,AG,0.99998796,0.9999273,0.18389686942100525,0.0021376742515712976
NC_003070.9,4933111,4933196,JUNC_13526,1,-,GT,AG,0.99999297,0.9999956,0.014725131914019585,0.005623749922960997
NC_003070.9,4946488,4947312,JUNC_16548,1,-,GT,AG,0.9995111,0.9997948,3.6889801435791014e-07,3.255878709751414e-06
NC_003070.9,4968661,4968760,JUNC_13518,1,-,GT,AG,0.9999571,0.999941,0.0005604312755167484,4.399040335556492e-05
NC_003070.9,4968830,4968916,JUNC_13519,1,-,GT,AG,0.99832225,0.99663264,0.0006026278133504093,1.0519546776777133e-05
NC_003070.9,4969039,4969129,JUNC_13520,1,-,GT,AG,0.99908805,0.99753076,0.03600018098950386,0.9878134727478027
NC_003070.9,4969242,4969330,JUNC_13521,1,-,GT,AG,0.9999995,0.999985,4.958494537277147e-05,0.006888269912451506
NC_003070.9,4969617,4969690,JUNC_13522,1,-,GT,AG,0.99997234,0.99988866,0.2502186596393585,3.3375006296409993e-06
NC_003070.9,4969808,4969917,JUNC_13523,1,-,GT,AG,0.28902417,0.41122407,0.8864247798919678,0.4555414617061615
NC_003070.9,4971273,4971392,JUNC_17716,1,-,GT,AG,0.049602475,0.040509723,0.0742652416229248,0.8816712498664856
NC_003070.9,4971512,4971647,JUNC_17717,1,-,GT,AG,0.98881066,0.9849889,0.00677570141851902,0.01539078913629055
NC_003070.9,4971907,4971997,JUNC_17718,1,-,GT,AG,0.9998473,0.9998333,1.3900398698751815e-05,8.805999414107646e-07
NC_003070.9,4972061,4972322,JUNC_17719,1,-,GT,AG,0.9999982,0.9999988,0.0003704862901940942,7.498059858335182e-05
NC_003070.9,4972368,4972455,JUNC_17720,1,-,GT,AG,0.9997961,0.9980253,0.00014886179997120053,0.0009480260196141899
NC_003070.9,4972528,4972701,JUNC_17721,1,-,GT,AG,0.99967575,0.9990131,0.08088836818933487,1.7744088836479932e-05
NC_003070.9,4972773,4972848,JUNC_17722,1,-,GT,AG,0.9999995,0.9999993,0.1216742992401123,0.0034909730311483145
NC_003070.9,4972941,4973033,JUNC_17723,1,-,GT,AG,0.9998159,0.9990104,0.7435895204544067,0.006713502574712038
NC_003070.9,4973086,4973165,JUNC_17724,1,-,GT,AG,0.99998546,0.9999726,0.05396266281604767,2.5795459805522114e-05
NC_003070.9,4973256,4973432,JUNC_17725,1,-,GT,AG,0.99999964,0.99999976,0.17058385908603668,0.0026573659852147102
NC_003070.9,4974624,4974711,JUNC_15902,1,-,GT,AG,0.9999832,0.9999634,0.253582239151001,0.1561691164970398
NC_003070.9,4974877,4975098,JUNC_15903,1,-,GT,AG,1.0,1.0,0.023607468232512474,0.44930487871170044
NC_003070.9,4975290,4975402,JUNC_15904,1,-,GT,AG,1.0,1.0,0.9923317432403564,0.5304878950119019
NC_003070.9,4981455,4981614,JUNC_15758,1,+,GT,AG,0.9999782,0.99998605,0.9670363664627075,0.9876765012741089
NC_003070.9,4981700,4981784,JUNC_15759,1,+,GT,AG,0.99792933,0.9978315,0.07757379859685898,0.019596489146351814
NC_003070.9,4981992,4982104,JUNC_15760,1,+,GT,AG,0.9999988,0.999998,0.06352414190769196,0.0016231616027653217
NC_003070.9,4982237,4982491,JUNC_15761,1,+,GT,AG,0.9999999,0.9999999,0.3152787685394287,0.2073398381471634
NC_003070.9,4982676,4982763,JUNC_15762,1,+,GT,AG,0.99903893,0.998204,0.5464624762535095,0.2011754959821701
NC_003070.9,4983638,4983753,JUNC_5152,1,+,GC,AG,0.99693346,0.9861109,0.00023699340817984194,0.2614358961582184
NC_003070.9,4983871,4984425,JUNC_5153,1,+,GT,AG,1.0,1.0,0.031701941043138504,0.0008746882085688412
NC_003070.9,4984550,4984635,JUNC_5154,1,+,GT,AG,1.0,1.0,0.9892232418060303,0.997768759727478
NC_003070.9,4984746,4985490,JUNC_5155,1,+,GT,AG,0.99999964,0.99999976,0.9868127703666687,0.000585003406740725
NC_003070.9,4985656,4985737,JUNC_5156,1,+,GT,AG,0.99972016,0.9996569,0.735134482383728,0.02263515442609787
NC_003070.9,4985815,4986172,JUNC_5157,1,+,GT,AG,0.9993062,0.9986866,0.09573420137166977,0.0001902796939248219
NC_003070.9,4986241,4986334,JUNC_5158,1,+,GT,AG,0.9995338,0.99857676,0.9979454874992371,0.9867455363273621
NC_003070.9,4986584,4986663,JUNC_5159,1,+,GT,AG,0.9490941,0.96240026,0.6720307469367981,0.9463793635368347
NC_003070.9,4986938,4987024,JUNC_5160,1,+,GT,AG,0.99943906,0.9983578,0.03725256025791168,0.1380588859319687
NC_003070.9,4989790,4990041,JUNC_17915,1,+,GT,AG,0.5053014,0.6202555,0.06417828798294067,0.001993202604353428
NC_003070.9,4990256,4990483,JUNC_6996,1,+,GC,AG,0.9887638,0.9905094,0.6592596173286438,0.09256571531295776
NC_003070.9,4990880,4991622,JUNC_6997,1,+,GT,AG,0.99999607,0.99997795,0.0016554170288145542,0.044490981847047806
NC_003070.9,4991293,4991622,JUNC_8948,1,+,GT,AG,0.99799097,0.99852055,0.014747098088264465,0.007987064309418201
NC_003070.9,5015089,5015176,JUNC_17505,1,-,GC,AG,0.99984616,0.9995159,0.03671155124902725,0.9220099449157715
NC_003070.9,5015302,5015396,JUNC_17506,1,-,GT,AG,0.9965724,0.99732286,0.8692505955696106,0.003729225369170308
NC_003070.9,5015526,5015621,JUNC_17507,1,-,GT,AG,0.9938374,0.992163,0.04129389300942421,0.04929863288998604
NC_003070.9,5015696,5016045,JUNC_17508,1,-,GT,AG,0.9999901,0.9999894,0.20008710026741028,0.024231325834989548
NC_003070.9,5016111,5016340,JUNC_17509,1,-,GT,AG,0.99998045,0.9999801,0.07666673511266708,0.9743080139160156
NC_003070.9,5020073,5020326,JUNC_18307,1,+,GT,AG,0.044785526,0.033332437,0.9798222184181213,0.0010379392188042402
NC_003070.9,5020511,5020619,JUNC_18308,1,+,GT,AG,0.9999956,0.99999714,0.9758194088935852,0.9914982914924622
NC_003070.9,5020671,5020831,JUNC_18309,1,+,GT,AG,0.9999902,0.9999956,0.00025577444466762245,0.3261309564113617
NC_003070.9,5027816,5028072,JUNC_988,1,+,GT,AG,0.99989235,0.9999497,0.3990594744682312,0.4771219789981842
NC_003070.9,5030176,5030262,JUNC_989,1,+,GT,AG,1.0,1.0,0.013717732392251492,0.05427161231637001
NC_003070.9,5030602,5030718,JUNC_17369,1,+,GT,AG,2.0828254e-05,4.3518332e-05,0.5626810789108276,0.9394904971122742
NC_003070.9,5030896,5031386,JUNC_17370,1,+,GT,AG,0.992812,0.98980975,0.10050982981920242,0.8953598141670227
NC_003070.9,5067310,5067781,JUNC_13539,1,-,GT,AG,0.99773043,0.9974621,0.4595246911048889,0.14375020563602448
NC_003070.9,5067990,5068094,JUNC_13540,1,-,GT,AG,0.9999409,0.99993324,0.9672858715057373,0.18280859291553497
NC_003070.9,5068195,5068282,JUNC_13541,1,-,GT,AG,0.9999976,0.99999523,0.9956472516059875,0.9875543713569641
NC_003070.9,5073408,5073586,JUNC_15661,1,+,GT,AG,0.99999845,0.99999857,0.003087937133386731,1.8261451373291493e-07
NC_003070.9,5073635,5073985,JUNC_15662,1,+,GT,AG,0.2194219,0.080124944,0.0033622311893850565,0.004887726157903671
NC_003070.9,5074185,5074307,JUNC_15663,1,+,GT,AG,0.40561303,0.1954512,0.6682228446006775,0.0002946562017314136
NC_003070.9,5079842,5079935,JUNC_6217,1,-,GT,AG,0.9984395,0.9975975,0.21809564530849457,0.338094025850296
NC_003070.9,5080116,5080204,JUNC_6218,1,-,GT,AG,0.9923574,0.9900552,0.9184694886207581,0.02398388460278511
NC_003070.9,5080333,5080630,JUNC_6219,1,-,GT,AG,0.6153672,0.46239313,0.0009462761227041483,0.3790016770362854
NC_003070.9,5080797,5081046,JUNC_6220,1,-,GT,AG,0.9986449,0.99956805,0.9337694048881531,0.7346957921981812
NC_003070.9,5081214,5081403,JUNC_6221,1,-,GT,AG,1.0,1.0,0.2479282170534134,0.9925253391265869
NC_003070.9,5084655,5085048,JUNC_8353,1,-,GT,AG,0.998925,0.9984767,0.9913697242736816,0.558241605758667
NC_003070.9,5091283,5091386,JUNC_13386,1,+,GT,AG,0.99993765,0.9997046,0.5094394087791443,0.973524808883667
NC_003070.9,5091631,5092117,JUNC_13387,1,+,GT,AG,0.23703732,0.082067885,0.5900984406471252,0.9094167351722717
NC_003070.9,5092331,5092455,JUNC_13388,1,+,GT,AG,0.82170415,0.8585471,1.7211108627179783e-07,6.009710773469124e-08
NC_003070.9,5092530,5092613,JUNC_13389,1,+,GT,AG,0.07749683,0.056629997,0.00045521065476350486,0.0061704302206635475
NC_003070.9,5092797,5092887,JUNC_13390,1,+,GT,AG,0.012383461,0.007980052,0.037928298115730286,0.24541665613651276
NC_003070.9,5093057,5093141,JUNC_13391,1,+,GT,AG,0.99997115,0.9999771,0.010176433250308037,0.039375923573970795
NC_003070.9,5102765,5102846,JUNC_16635,1,-,GT,AG,0.9998933,0.99985826,0.00024576883879490197,0.0001349588856101036
NC_003070.9,5103001,5103338,JUNC_16636,1,-,GT,AG,1.0,1.0,0.011266148649156094,3.909850875061238e-06
NC_003070.9,5103181,5103338,JUNC_8423,1,-,GT,AG,0.99592626,0.9858386,0.17862951755523682,0.24126172065734863
NC_003070.9,5103440,5103536,JUNC_8424,1,-,GT,AG,0.99999976,0.9999999,0.7421358227729797,0.00574138667434454
NC_003070.9,5103632,5103727,JUNC_8425,1,-,GT,AG,1.0,1.0,0.130048468708992,0.9882085919380188
NC_003070.9,5103772,5103873,JUNC_8426,1,-,GT,AG,0.99983734,0.9998428,0.9938143491744995,0.9968916773796082
NC_003070.9,5103960,5104072,JUNC_8427,1,-,GT,AG,0.99996126,0.9999379,0.027934176847338676,0.981363832950592
NC_003070.9,5105398,5105486,JUNC_5114,1,-,GT,AG,0.9952112,0.9916021,0.9848042726516724,0.6926890015602112
NC_003070.9,5105597,5105682,JUNC_5115,1,-,GT,AG,1.0,0.9999999,0.4983847439289093,0.22244219481945038
NC_003070.9,5105800,5105887,JUNC_5116,1,-,GT,AG,0.9999994,0.99999714,0.9715564846992493,0.9153753519058228
NC_003070.9,5105924,5106162,JUNC_5117,1,-,GT,AG,0.99167883,0.96844417,0.30420437455177307,0.23065035045146942
NC_003070.9,5106531,5106721,JUNC_5118,1,-,GT,AG,0.97899,0.9918533,0.31219401955604553,0.8392854928970337
NC_003070.9,5112454,5112541,JUNC_14447,1,-,GT,AG,0.99610496,0.9927988,0.6221787333488464,0.019833020865917206
NC_003070.9,5112729,5112824,JUNC_14448,1,-,GT,AG,0.9999994,0.9999976,0.026150410994887352,0.05123984441161156
NC_003070.9,5113352,5113431,JUNC_14449,1,-,GT,AG,0.9999999,0.9999995,0.005809149704873562,0.14481022953987122
NC_003070.9,5113503,5113611,JUNC_14450,1,-,GT,AG,0.9999981,0.99999654,0.01904135011136532,0.9854843020439148
NC_003070.9,5113758,5113862,JUNC_14451,1,-,GT,AG,0.99998116,0.9999794,0.8868162035942078,0.046270836144685745
NC_003070.9,5114018,5114124,JUNC_14452,1,-,GT,AG,0.9999974,0.99999666,0.9390152096748352,0.7567784190177917
NC_003070.9,5114295,5114401,JUNC_14453,1,-,GT,AG,1.0,1.0,0.991188645362854,0.7345786094665527
NC_003070.9,5114572,5114653,JUNC_14454,1,-,GT,AG,0.9999999,0.9999999,0.969276487827301,0.9234977960586548
NC_003070.9,5114719,5114918,JUNC_14455,1,-,GT,AG,0.039747518,0.055665996,0.010237359441816807,0.7991799712181091
NC_003070.9,5115004,5115109,JUNC_14456,1,-,GT,AG,0.99914443,0.99908125,0.0014608489582315087,0.0009512853575870395
NC_003070.9,5117029,5117151,JUNC_10482,1,-,GC,AG,0.9997491,0.99966395,0.041893601417541504,0.8894767165184021
NC_003070.9,5117477,5117563,JUNC_10483,1,-,GT,AG,0.99989355,0.99982065,0.7024806141853333,0.08501020073890686
NC_003070.9,5117782,5118149,JUNC_10484,1,-,GT,AG,0.9999999,0.99999976,0.0046643759123981,0.26418858766555786
NC_003070.9,5118507,5118642,JUNC_10485,1,-,GT,AG,0.98757076,0.99075174,0.005886402912437916,2.3461007003788836e-05
NC_003070.9,5118839,5119099,JUNC_10486,1,-,GT,AG,0.9991685,0.9990509,0.0034972038120031357,0.0006701792008243501
NC_003070.9,5119475,5119782,JUNC_10487,1,-,GT,AG,0.9999628,0.99998033,0.05946875363588333,7.219143299153075e-05
NC_003070.9,5120030,5120114,JUNC_10488,1,-,GT,AG,0.9989342,0.995213,0.0065980334766209126,0.21450911462306976
NC_003070.9,5120327,5120428,JUNC_10489,1,-,GT,AG,0.9162117,0.9773827,0.08035777509212494,0.8656244277954102
NC_003070.9,5122058,5122182,JUNC_10490,1,-,GT,AG,0.9824493,0.9906743,0.9642701148986816,0.002353368327021599
NC_003070.9,5122445,5122543,JUNC_10491,1,-,GT,AG,0.538066,0.68510437,0.013207191601395607,0.9853931069374084
NC_003070.9,5122670,5122775,JUNC_10492,1,-,GT,AG,0.99991846,0.9999697,0.0003333323111291975,0.02481846697628498
NC_003070.9,5122945,5123100,JUNC_10493,1,-,GT,AG,0.9999838,0.99997365,0.003977827727794647,0.001231454429216683
NC_003070.9,5152745,5152848,JUNC_17421,1,-,GT,AG,0.9568444,0.85085,0.43362510204315186,0.0014869217993691564
NC_003070.9,5157868,5157957,JUNC_4782,1,-,GT,AG,0.13044561,0.14551616,0.9891260862350464,0.6096218824386597
NC_003070.9,5159608,5159805,JUNC_10265,1,-,GT,AG,0.9482621,0.9829453,0.2986048758029938,0.1932019293308258
NC_003070.9,5162235,5162328,JUNC_13183,1,-,GT,AG,0.37343276,0.36714786,0.004031336400657892,0.9814954400062561
NC_003070.9,5162519,5162595,JUNC_13184,1,-,GT,AG,0.9865804,0.98846406,0.007431782782077789,5.8805421758734155e-06
NC_003070.9,5162763,5162973,JUNC_13185,1,-,GT,AG,0.9999951,0.9999962,0.9974000453948975,0.9944278001785278
NC_003070.9,5163141,5163268,JUNC_13186,1,-,GT,AG,0.99970067,0.999113,0.9541802406311035,0.4349438548088074
NC_003070.9,5163473,5163605,JUNC_13187,1,-,GT,AG,0.99999964,0.9999995,0.4385776221752167,0.5244634747505188
NC_003070.9,5163803,5163901,JUNC_13188,1,-,GT,AG,0.9942363,0.99122685,0.047468941658735275,0.9073833227157593
NC_003070.9,5163990,5164105,JUNC_13189,1,-,GT,AG,0.6986524,0.26110867,0.22832734882831573,0.034224048256874084
NC_003070.9,5164173,5164277,JUNC_13190,1,-,GT,AG,0.9912571,0.9903763,0.23100130259990692,0.0010879246983677149
NC_003070.9,5164347,5164531,JUNC_13191,1,-,GT,AG,0.9995477,0.9994442,0.0002450740139465779,0.006863528862595558
NC_003070.9,5164347,5164536,JUNC_15073,1,-,GT,AG,0.99999833,0.9999976,0.8227678537368774,0.9947617650032043
NC_003070.9,5184112,5184228,JUNC_16880,1,-,GT,AG,0.94302934,0.89128494,0.2789512872695923,0.8037703633308411
NC_003070.9,5184329,5184590,JUNC_16881,1,-,GT,AG,0.99988186,0.9996773,0.5879800319671631,0.2783360183238983
NC_003070.9,5185137,5185240,JUNC_16882,1,-,GT,AG,0.99999833,0.9999981,1.126938286688528e-06,0.00025479207397438586
NC_003070.9,5185341,5185418,JUNC_16883,1,-,GT,AG,0.99849665,0.9966941,0.8730879426002502,0.9750068783760071
NC_003070.9,5185521,5185608,JUNC_16884,1,-,GT,AG,0.9999505,0.9999099,0.9601123332977295,0.5727131962776184
NC_003070.9,5186283,5186414,JUNC_16885,1,-,GT,AG,0.9999924,0.9999883,0.2525075078010559,0.001310266088694334
NC_003070.9,5186492,5186583,JUNC_16886,1,-,GT,AG,0.9998359,0.9998128,0.01556984893977642,0.013290895149111748
NC_003070.9,5228881,5228966,JUNC_6036,1,-,GT,AG,0.9999994,0.99999845,0.12313937395811081,0.9795145988464355
NC_003070.9,5229051,5229127,JUNC_18238,1,-,GT,AG,0.99999607,0.99998593,0.9571617841720581,0.9647058248519897
NC_003070.9,5229268,5229345,JUNC_18239,1,-,GT,AG,3.2381993e-06,1.6628803e-06,0.045662954449653625,0.09000813215970993
NC_003070.9,5229446,5229545,JUNC_6039,1,-,GT,AG,0.99979454,0.99979025,0.09052351862192154,0.46032556891441345
NC_003070.9,5229629,5229978,JUNC_6040,1,-,GT,AG,1.0,1.0,0.7746884226799011,0.9104192852973938
NC_003070.9,5230050,5230171,JUNC_6041,1,-,GT,AG,1.0,1.0,0.9723905324935913,0.021477995440363884
NC_003070.9,5230288,5230373,JUNC_6042,1,-,GT,AG,0.9999981,0.99999523,0.5628756880760193,0.9933373928070068
NC_003070.9,5230541,5230622,JUNC_6043,1,-,GT,AG,0.9999969,0.99998975,0.9863539338111877,0.7596701383590698
NC_003070.9,5230688,5230764,JUNC_6044,1,-,GT,AG,1.0,1.0,0.9805412888526917,0.9940077066421509
NC_003070.9,5230860,5230939,JUNC_6045,1,-,GT,AG,1.0,1.0,0.9945420622825623,0.25354865193367004
NC_003070.9,5232479,5232567,JUNC_9272,1,-,GT,AG,0.99987555,0.999869,0.3950287401676178,0.09706693142652512
NC_003070.9,5233409,5233492,JUNC_9273,1,-,GT,AG,0.8722658,0.8074163,0.00020097427477594465,0.01111944206058979
NC_003070.9,5233599,5233689,JUNC_9274,1,-,GT,AG,0.64647174,0.58198714,0.02666560746729374,0.026862144470214844
NC_003070.9,5233761,5233833,JUNC_9275,1,-,GT,AG,0.20824191,0.17896006,0.004790123552083969,0.0004577194922603667
NC_003070.9,5233987,5234079,JUNC_9276,1,-,GT,AG,0.0006171936,0.0012820114,0.003473873483017087,0.037251997739076614
NC_003070.9,5234949,5235038,JUNC_9277,1,-,GT,AG,0.99848396,0.98351395,0.6081510186195374,0.32686957716941833
NC_003070.9,5235431,5235526,JUNC_9278,1,-,GT,AG,0.9999994,0.99999774,0.1030222550034523,0.953549861907959
NC_003070.9,5235657,5235741,JUNC_9279,1,-,GT,AG,0.999997,0.99999154,0.16358213126659393,0.7501888275146484
NC_003070.9,5243907,5244050,JUNC_2371,1,+,GT,AG,0.9999995,0.9999989,0.35610097646713257,2.089160625473596e-05
NC_003070.9,5244447,5244533,JUNC_2372,1,+,GT,AG,0.99997544,0.9999485,0.01985112763941288,0.004633599892258644
NC_003070.9,5244711,5244812,JUNC_2373,1,+,GT,AG,0.9766758,0.967368,0.9534154534339905,0.3002055585384369
NC_003070.9,5244952,5245026,JUNC_2374,1,+,GT,AG,0.99176204,0.9604479,0.8300502896308899,0.9723334908485413
NC_003070.9,5246050,5246147,JUNC_2375,1,+,GT,AG,0.8450582,0.9586389,0.11538921296596527,0.6847667098045349
NC_003070.9,5246248,5246323,JUNC_2376,1,+,GT,AG,0.9995523,0.99945694,0.3118934631347656,0.6298640370368958
NC_003070.9,5246468,5246928,JUNC_14609,1,+,GT,AG,1.0,0.99999976,0.0010119869839400053,1.0601057454096008e-07
NC_003070.9,5246997,5247072,JUNC_4294,1,+,GT,AG,0.9957124,0.98883855,0.06841529160737991,0.00441309530287981
NC_003070.9,5247118,5247197,JUNC_4295,1,+,GT,AG,0.9995034,0.9983438,0.9972590208053589,0.0066573177464306355
NC_003070.9,5247487,5247583,JUNC_4296,1,+,GT,AG,0.999923,0.9999404,0.0010287112090736628,0.00012208340922370553
NC_003070.9,5247663,5247764,JUNC_4297,1,+,GT,AG,0.86517906,0.9274571,0.016778146848082542,0.018702050670981407
NC_003070.9,5247900,5248074,JUNC_4298,1,+,GT,AG,0.99998844,0.99998426,0.040078405290842056,0.0007692414219491184
NC_003070.9,5248201,5248301,JUNC_4299,1,+,GT,AG,0.99996316,0.999941,0.0008994516683742404,0.0001080676811398007
NC_003070.9,5248384,5248466,JUNC_4300,1,+,GT,AG,0.99909675,0.99970865,0.01833931729197502,7.804169581504539e-05
NC_003070.9,5252392,5252519,JUNC_4963,1,+,GT,AG,0.9969809,0.9986595,0.032205671072006226,0.001408388139680028
NC_003070.9,5252935,5253287,JUNC_4964,1,+,GT,AG,0.9927845,0.99162287,2.5857649234239943e-05,0.015379901975393295
NC_003070.9,5253387,5253545,JUNC_4965,1,+,GT,AG,0.13554998,0.5661884,0.001579760923050344,0.3192843198776245
NC_003070.9,5253751,5253830,JUNC_4966,1,+,GT,AG,0.9939977,0.977651,0.9888449311256409,0.9785661697387695
NC_003070.9,5254525,5254733,JUNC_4967,1,+,GT,AG,0.99904084,0.99793756,0.9953662157058716,2.33000628213631e-05
NC_003070.9,5254836,5255181,JUNC_4968,1,+,GT,AG,0.99703836,0.9971464,0.6354044079780579,0.0012052466627210379
NC_003070.9,5255292,5255469,JUNC_4969,1,+,GT,AG,0.99996614,0.99988735,0.0003024520701728761,0.02870514802634716
NC_003070.9,5255525,5255839,JUNC_4970,1,+,GT,AG,0.99986017,0.99992347,0.2793675363063812,0.20434361696243286
NC_003070.9,5255900,5256186,JUNC_4971,1,+,GT,AG,0.9996451,0.999244,0.0002744788653217256,0.00045715688611380756
NC_003070.9,5256332,5256418,JUNC_4972,1,+,GT,AG,0.99794006,0.9954924,1.6184401829377748e-05,4.166146982953478e-09
NC_003070.9,5258784,5259089,JUNC_16122,1,-,GT,AG,0.9999244,0.9999089,0.000148885534144938,0.05105230584740639
NC_003070.9,5259171,5259252,JUNC_16123,1,-,GT,AG,0.99999917,0.9999993,0.02953300252556801,0.0630631372332573
NC_003070.9,5259365,5259497,JUNC_16124,1,-,GT,AG,0.99800867,0.99899143,0.028872357681393623,0.04888942465186119
NC_003070.9,5259629,5259706,JUNC_16125,1,-,GT,AG,0.9996313,0.99951935,0.035318523645401,0.0043534887954592705
NC_003070.9,5259890,5260076,JUNC_16126,1,-,GT,AG,1.0,0.9999999,0.12253134697675705,0.02417878247797489
NC_003070.9,5260210,5260357,JUNC_16127,1,-,GT,AG,0.99999833,0.99999356,0.10959834605455399,0.49742668867111206
NC_003070.9,5260462,5260548,JUNC_16128,1,-,GT,AG,0.9951798,0.98452383,0.06922100484371185,0.08134626597166061
NC_003070.9,5260650,5260785,JUNC_16129,1,-,GT,AG,0.9883773,0.9876682,0.28851404786109924,0.03407531604170799
NC_003070.9,5260878,5260948,JUNC_16130,1,-,GT,AG,0.99808574,0.99850833,0.08861221373081207,0.01072915643453598
NC_003070.9,5261266,5261434,JUNC_16131,1,-,GT,AG,0.99998343,0.9999852,0.9883880019187927,0.9986885190010071
NC_003070.9,5261536,5261622,JUNC_16132,1,-,GT,AG,1.0,1.0,0.40700072050094604,0.8790000677108765
NC_003070.9,5261685,5261814,JUNC_16133,1,-,GT,AG,0.9999999,0.9999994,0.9949420094490051,0.8702225685119629
NC_003070.9,5262301,5262579,JUNC_16134,1,-,GT,AG,0.99999714,0.9999945,0.9729007482528687,0.9990338087081909
NC_003070.9,5262734,5262944,JUNC_16135,1,-,GT,AG,1.0,1.0,0.9669933319091797,0.90878826379776
NC_003070.9,5263466,5263554,JUNC_16136,1,-,GT,AG,0.00012321668,4.3252294e-05,0.9870761036872864,0.9864411950111389
NC_003070.9,5263596,5263687,JUNC_16137,1,-,GT,AG,0.8394834,0.83701044,0.9841482639312744,0.9949797987937927
NC_003070.9,5263884,5263967,JUNC_16138,1,-,GT,AG,0.99999964,0.9999999,0.9071857929229736,0.9187146425247192
NC_003070.9,5264198,5264419,JUNC_16139,1,-,GT,AG,0.978728,0.97233725,0.9888293147087097,0.9583665132522583
NC_003070.9,5264492,5264580,JUNC_16140,1,-,GT,AG,0.99729794,0.99567187,0.7051957249641418,0.9919760823249817
NC_003070.9,5264822,5264913,JUNC_16141,1,-,GT,AG,0.86901486,0.76385796,0.9765441417694092,0.36736437678337097
NC_003070.9,5268231,5268440,JUNC_13905,1,-,GT,AG,0.9999945,0.99997497,0.9816662669181824,0.9533209204673767
NC_003070.9,5272645,5272806,JUNC_17671,1,-,GT,AG,1.0,1.0,0.9866912364959717,0.9254885911941528
NC_003070.9,5273335,5273482,JUNC_17672,1,-,GT,AG,1.0,0.9999999,0.9368137717247009,0.9953765869140625
NC_003070.9,5273619,5274003,JUNC_17673,1,-,GT,AG,1.0,1.0,0.9302436709403992,0.6519920825958252
NC_003070.9,5276986,5277411,JUNC_17389,1,-,GT,AG,0.99999344,0.9999945,0.98250812292099,0.9085659980773926
NC_003070.9,5283459,5283597,JUNC_10695,1,+,GT,AG,3.6579357e-05,7.190364e-05,0.03658555820584297,0.18899105489253998
NC_003070.9,5283688,5283986,JUNC_10696,1,+,GT,AG,0.27867374,0.39045793,0.0034970359411090612,0.022125545889139175
NC_003070.9,5298339,5298572,JUNC_13157,1,+,GT,AG,0.090505004,0.09851044,0.8932083249092102,0.1627456545829773
NC_003070.9,5300293,5300405,JUNC_384,1,+,GT,AG,0.999974,0.99994075,0.9513270854949951,0.8384459614753723
NC_003070.9,5306329,5306418,JUNC_7151,1,-,GT,AG,1.0,0.9999999,0.9605044722557068,0.9937055706977844
NC_003070.9,5306646,5306729,JUNC_7152,1,-,GT,AG,1.0,0.9999999,0.9974665641784668,0.5998972654342651
NC_003070.9,5307074,5307173,JUNC_7153,1,-,GT,AG,0.9996049,0.9995721,0.952548623085022,0.932274341583252
NC_003070.9,5307545,5307685,JUNC_7154,1,-,GT,AG,0.92539495,0.93180585,0.5415787696838379,0.8182344436645508
NC_003070.9,5307778,5307866,JUNC_7155,1,-,GT,AG,0.38680634,0.463225,0.9861660003662109,0.9889912605285645
NC_003070.9,5308118,5308218,JUNC_7156,1,-,GT,AG,0.99966526,0.9995042,0.9765968918800354,0.07789693027734756
NC_003070.9,5315724,5315808,JUNC_9179,1,+,GT,AG,0.99999034,0.9999682,0.02269521914422512,0.013171326369047165
NC_003070.9,5315940,5316172,JUNC_9180,1,+,GT,AG,0.9999944,0.9999877,0.0016727240290492773,0.1651659607887268
NC_003070.9,5316308,5316508,JUNC_9181,1,+,GT,AG,0.99999964,0.9999999,0.0019677523523569107,0.9411054849624634
NC_003070.9,5316590,5316765,JUNC_9182,1,+,GT,AG,0.9999999,0.99999976,0.864007294178009,0.515436589717865
NC_003070.9,5316941,5317026,JUNC_9183,1,+,GT,AG,1.0,1.0,0.9986444115638733,0.5095014572143555
NC_003070.9,5317164,5317249,JUNC_9184,1,+,GT,AG,0.9999999,1.0,0.5372987985610962,0.9930692911148071
NC_003070.9,5317389,5317469,JUNC_9185,1,+,GT,AG,0.74342245,0.80331606,0.9979750514030457,0.03605194389820099
NC_003070.9,5320981,5321075,JUNC_5441,1,-,GT,AG,0.99874765,0.9969593,0.06354913115501404,0.0003607639519032091
NC_003070.9,5321276,5321347,JUNC_5442,1,-,GT,AG,0.99999905,0.99999607,0.0007276853430084884,1.5587955886076088e-06
NC_003070.9,5321551,5321633,JUNC_5443,1,-,GT,AG,0.9999094,0.9997757,0.023579217493534088,0.8547185063362122
NC_003070.9,5321762,5321845,JUNC_5444,1,-,GT,AG,0.99939775,0.9991665,0.21183596551418304,0.0008452762267552316
NC_003070.9,5322562,5322652,JUNC_5445,1,-,GT,AG,0.99964166,0.99994946,0.9871719479560852,0.012431819923222065
NC_003070.9,5322960,5323157,JUNC_5446,1,-,GT,AG,0.8688429,0.9157397,0.007017682306468487,0.2512068748474121
NC_003070.9,5332253,5332345,JUNC_1599,1,-,GT,AG,0.9992592,0.999577,0.004622506443411112,0.7406432628631592
NC_003070.9,5332600,5332683,JUNC_14292,1,-,GT,AG,0.99606675,0.99474454,0.00413630111142993,0.0008629267103970051
NC_003070.9,5332855,5332948,JUNC_1600,1,-,GT,AG,0.7950009,0.7948944,0.9754519462585449,0.9977225661277771
NC_003070.9,5333176,5333261,JUNC_1601,1,-,GT,AG,0.9715358,0.93247414,0.6983875036239624,0.9938477873802185
NC_003070.9,5333395,5333477,JUNC_1602,1,-,GT,AG,0.15191743,0.08497208,0.9735556244850159,0.10442981868982315
NC_003070.9,5333561,5333644,JUNC_1603,1,-,GT,AG,0.99438864,0.9942188,0.23266823589801788,0.050508297979831696
NC_003070.9,5333935,5334017,JUNC_1604,1,-,GT,AG,0.9989957,0.99922264,0.12284514307975769,0.34654006361961365
NC_003070.9,5334350,5334430,JUNC_1605,1,-,GT,AG,1.0,1.0,0.9431542158126831,0.27039265632629395
NC_003070.9,5334612,5334706,JUNC_1606,1,-,GT,AG,0.9999765,0.99996936,0.996648371219635,0.9552735090255737
NC_003070.9,5334863,5334963,JUNC_1607,1,-,GT,AG,0.9989641,0.9990131,0.6654043793678284,0.9958567023277283
NC_003070.9,5335067,5335150,JUNC_1608,1,-,GT,AG,0.9999442,0.99995553,0.9953407049179077,0.9244087338447571
NC_003070.9,5335311,5335406,JUNC_1609,1,-,GT,AG,0.9821566,0.95703197,0.9935670495033264,0.9959920048713684
NC_003070.9,5335723,5335830,JUNC_1610,1,-,GT,AG,0.99994993,0.99990344,0.7865081429481506,0.9516996145248413
NC_003070.9,5336112,5336193,JUNC_1611,1,-,GT,AG,0.99999976,0.99999905,0.0060990615747869015,0.5944506525993347
NC_003070.9,5336586,5336672,JUNC_1612,1,-,GT,AG,1.0,1.0,0.5978074073791504,0.012062737718224525
NC_003070.9,5336726,5336810,JUNC_1613,1,-,GT,AG,0.99982816,0.99974614,1.398935864926898e-06,0.0005427506403066218
NC_003070.9,5336887,5336984,JUNC_1614,1,-,GT,AG,0.9996867,0.9997441,0.5572654008865356,0.0036690509878098965
NC_003070.9,5337144,5337243,JUNC_1615,1,-,GT,AG,1.0,1.0,0.04065839201211929,0.8760080337524414
NC_003070.9,5337328,5337420,JUNC_1616,1,-,GT,AG,1.0,0.9999999,0.9963501691818237,0.9839906692504883
NC_003070.9,5337509,5337597,JUNC_1617,1,-,GT,AG,1.0,1.0,0.00046473086695186794,0.19918669760227203
NC_003070.9,5337718,5337843,JUNC_1618,1,-,GT,AG,0.99999714,0.9999908,0.005862088408321142,8.10696801636368e-05
NC_003070.9,5342972,5343057,JUNC_719,1,+,GT,AG,0.9994031,0.9992993,0.00035770004615187645,0.009309057146310806
NC_003070.9,5343382,5343453,JUNC_720,1,+,GT,AG,0.99420553,0.9802935,0.002152019878849387,8.54186055221362e-07
NC_003070.9,5362136,5362959,JUNC_13302,1,+,GT,AG,0.99964106,0.99940836,0.9836142063140869,0.9075967073440552
NC_003070.9,5363249,5363360,JUNC_13303,1,+,GT,AG,0.9999994,0.9999994,0.9687601923942566,0.2363029420375824
NC_003070.9,5363607,5363703,JUNC_13304,1,+,GT,AG,0.99999976,0.99999917,0.8649182915687561,0.9315028786659241
NC_003070.9,5363840,5363937,JUNC_13305,1,+,GT,AG,1.0,0.9999999,0.9626065492630005,0.8607903122901917
NC_003070.9,5364030,5364118,JUNC_13306,1,+,GT,AG,0.9804279,0.93090725,0.21883068978786469,0.0026984026189893484
NC_003070.9,5364252,5364336,JUNC_13307,1,+,GT,AG,0.36991656,0.41196537,0.001618573092855513,0.03615482896566391
NC_003070.9,5364412,5364484,JUNC_13308,1,+,GT,AG,0.9618032,0.93303317,0.0001894804008770734,0.0002658542071003467
NC_003070.9,5364595,5364690,JUNC_13309,1,+,GT,AG,0.019367663,0.0058784457,0.09766826033592224,3.909133010893129e-05
NC_003070.9,5364840,5364934,JUNC_13310,1,+,GT,AG,0.9814573,0.93701786,0.08598461002111435,0.00032315051066689193
NC_003070.9,5365069,5365164,JUNC_13311,1,+,GT,AG,0.20560676,0.22867382,0.5372239351272583,0.3687589168548584
NC_003070.9,5369278,5369351,JUNC_2595,1,+,GT,AG,0.9999099,0.99984664,0.9177031517028809,0.19785304367542267
NC_003070.9,5369480,5369583,JUNC_2596,1,+,GT,AG,0.9992244,0.99929833,0.010365829803049564,0.30562832951545715
NC_003070.9,5375233,5375322,JUNC_13816,1,+,GT,AG,0.930616,0.9319517,0.9503926038742065,0.7518420219421387
NC_003070.9,5375448,5375537,JUNC_13817,1,+,GT,AG,0.9977102,0.99806994,0.8853594064712524,0.9558174014091492
NC_003070.9,5377427,5377510,JUNC_17366,1,+,GT,AG,0.9922053,0.9944513,0.9993799924850464,0.26669982075691223
NC_003070.9,5377633,5377712,JUNC_17367,1,+,GT,AG,0.99854493,0.9969652,0.6351406574249268,0.982546329498291
NC_003070.9,5427176,5427295,JUNC_5167,1,-,GT,AG,0.9999999,0.99999976,0.9170541763305664,0.9974783062934875
NC_003070.9,5427805,5428128,JUNC_5168,1,-,GT,AG,1.0,1.0,0.9633961319923401,0.11370626091957092
NC_003070.9,5428934,5429017,JUNC_5294,1,-,GT,AG,0.9999931,0.9999913,0.9863813519477844,0.984443187713623
NC_003070.9,5429092,5429184,JUNC_5295,1,-,GT,AG,0.9999987,0.99999785,0.45760953426361084,0.16818057000637054
NC_003070.9,5429253,5429451,JUNC_13772,1,-,GT,AG,0.99901795,0.99890506,0.05286618322134018,0.05270090326666832
NC_003070.9,5429301,5429451,JUNC_5296,1,-,GT,AG,0.9230425,0.9712767,0.003358130343258381,0.0003238135250285268
NC_003070.9,5435684,5435808,JUNC_4291,1,-,GT,AG,0.99950135,0.9983749,0.7569022178649902,0.0004557236679829657
NC_003070.9,5435929,5436155,JUNC_4292,1,-,GT,AG,0.71162206,0.5066487,0.15409614145755768,0.030654029920697212
NC_003070.9,5438866,5439003,JUNC_1391,1,-,GT,AG,0.999851,0.99990666,0.2757522165775299,0.13621710240840912
NC_003070.9,5439097,5439284,JUNC_1392,1,-,GT,AG,0.9999958,0.9999974,0.3887562155723572,0.8336296081542969
NC_003070.9,5439393,5439539,JUNC_1393,1,-,GT,AG,0.99999976,0.99999976,0.9934799671173096,0.9970703125
NC_003070.9,5439651,5439752,JUNC_1394,1,-,GT,AG,0.9997712,0.99967396,0.9945490956306458,0.7304338216781616
NC_003070.9,5439837,5439994,JUNC_1395,1,-,GT,AG,0.9961456,0.99333596,0.6818665266036987,0.5152771472930908
NC_003070.9,5448459,5448624,JUNC_15927,1,+,GC,AG,2.0950868e-06,3.6768813e-07,0.929133951663971,0.003654936095699668
NC_003070.9,5449155,5449347,JUNC_8313,1,+,GT,AG,2.4142748e-05,8.7679575e-05,0.45592036843299866,0.8459272384643555
NC_003070.9,5449839,5449929,JUNC_15928,1,+,GT,AG,0.00036386054,0.0008350757,0.8592643737792969,0.034724265336990356
NC_003070.9,5458831,5458953,JUNC_18341,1,-,GT,AG,0.9276306,0.95848596,0.01269342377781868,0.0016356435371562839
NC_003070.9,5459067,5459197,JUNC_18342,1,-,GT,AG,0.9999553,0.9998304,0.7338322997093201,0.958024799823761
NC_003070.9,5459362,5459560,JUNC_18343,1,-,GT,AG,1.0,0.9999999,0.09146422147750854,0.0012145497603341937
NC_003070.9,5459800,5460050,JUNC_18344,1,-,GT,AG,1.0,1.0,6.043289977242239e-05,1.302188502450008e-05
NC_003070.9,5471709,5472097,JUNC_5016,1,+,GT,AG,0.99985945,0.9997986,4.672821773965552e-07,0.003706347895786166
NC_003070.9,5472398,5472519,JUNC_5017,1,+,GT,AG,0.79268676,0.73007,0.0005863974802196026,7.631697371834889e-06
NC_003070.9,5472585,5472681,JUNC_5018,1,+,GT,AG,0.98713106,0.97214615,0.9541293382644653,0.041402753442525864
NC_003070.9,5478987,5479108,JUNC_16887,1,+,GT,AG,1.0,1.0,0.03356427699327469,0.35705113410949707
NC_003070.9,5479263,5479791,JUNC_16888,1,+,GT,AG,1.0,1.0,0.5010470151901245,0.5563976764678955
NC_003070.9,5479977,5480153,JUNC_11456,1,+,GT,AG,0.9999988,0.9999968,0.00022035658184904605,0.9987045526504517
NC_003070.9,5480506,5481707,JUNC_11457,1,+,GT,AG,0.99999976,0.9999994,0.09416822344064713,0.09460608661174774
NC_003070.9,5486855,5486958,JUNC_3753,1,-,GT,AG,0.9999919,0.99997926,0.9950071573257446,0.0051999459974467754
NC_003070.9,5487100,5487214,JUNC_3754,1,-,GT,AG,0.999936,0.9999293,0.9825019836425781,0.9987421631813049
NC_003070.9,5487298,5487385,JUNC_3755,1,-,GT,AG,0.99992764,0.9999131,0.9578169584274292,0.9676795601844788
NC_003070.9,5487443,5488031,JUNC_3756,1,-,GT,AG,0.99963903,0.9996699,0.9890862703323364,0.9648418426513672
NC_003070.9,5488542,5488909,JUNC_3757,1,-,GT,AG,0.08160487,0.04964314,0.9018030166625977,0.9608385562896729
NC_003070.9,5494744,5495057,JUNC_3363,1,+,GT,AG,0.9843481,0.97460246,0.2360517531633377,0.8268876075744629
NC_003070.9,5499750,5499827,JUNC_13015,1,+,GT,AG,0.004067506,0.003797133,0.6447694897651672,0.031307220458984375
NC_003070.9,5500367,5500448,JUNC_13016,1,+,GT,AG,0.9944981,0.9927868,0.990911602973938,0.9446789026260376
NC_003070.9,5500604,5500684,JUNC_13017,1,+,GT,AG,0.9998776,0.9998259,0.3324891924858093,0.002065344015136361
NC_003070.9,5500902,5500987,JUNC_13018,1,+,GT,AG,0.99759513,0.9976162,0.01054401509463787,0.9428439736366272
NC_003070.9,5511974,5512076,JUNC_17946,1,-,GT,AG,0.013620383,0.030505821,0.9871070981025696,0.9890890717506409
NC_003070.9,5512144,5512223,JUNC_17947,1,-,GT,AG,0.007971256,0.0062232767,0.9965261816978455,0.024516066536307335
NC_003070.9,5512316,5512386,JUNC_17948,1,-,GT,AG,0.9728017,0.95934534,0.02090161107480526,0.020412778481841087
NC_003070.9,5512476,5512566,JUNC_17949,1,-,GT,AG,0.9999893,0.99998903,0.9002634286880493,0.3972831070423126
NC_003070.9,5512663,5512755,JUNC_17950,1,-,GT,AG,0.99965,0.99980325,0.7121167778968811,0.8063671588897705
NC_003070.9,5512811,5512903,JUNC_17951,1,-,GT,AG,0.94898766,0.975746,0.7498422861099243,0.8448598980903625
NC_003070.9,5513080,5513160,JUNC_17952,1,-,GT,AG,0.3302847,0.17398864,0.012264986522495747,0.09035509824752808
NC_003070.9,5513275,5513357,JUNC_17953,1,-,GT,AG,0.9982866,0.99635077,0.9848376512527466,0.9961767196655273
NC_003070.9,5519344,5519428,JUNC_16347,1,+,GT,AG,0.9999908,0.9999826,0.9417171478271484,0.0059613510966300964
NC_003070.9,5519545,5519622,JUNC_16348,1,+,GT,AG,0.9990442,0.9980412,0.200576052069664,0.6519224047660828
NC_003070.9,5533348,5533433,JUNC_16014,1,+,GT,AG,0.99960047,0.9994691,0.9142559170722961,0.85194331407547
NC_003070.9,5533556,5533648,JUNC_16015,1,+,GT,AG,0.9996501,0.99944776,0.45951002836227417,0.9840685725212097
NC_003070.9,5555314,5555508,JUNC_9815,1,-,GT,AG,0.99935335,0.9988274,0.0027701440267264843,0.0002547339827287942
NC_003070.9,5555553,5555632,JUNC_9816,1,-,GT,AG,0.9999511,0.9999453,0.005752056371420622,0.012986305169761181
NC_003070.9,5555733,5555824,JUNC_9817,1,-,GT,AG,1.0,1.0,0.04065839201211929,0.8760080337524414
NC_003070.9,5556030,5556125,JUNC_9818,1,-,GT,AG,0.99738497,0.99618846,0.9963501691818237,0.12380695343017578
NC_003070.9,5556345,5556450,JUNC_15702,1,-,GT,AG,0.02092076,0.0047176145,0.6596985459327698,0.9839906692504883
NC_003070.9,5556345,5556633,JUNC_9819,1,-,GT,AG,0.9999999,0.99999964,0.13347245752811432,0.038351234048604965
NC_003070.9,5557215,5557369,JUNC_9672,1,+,GT,AG,0.99999964,0.99999726,0.9962059259414673,0.9591543078422546
NC_003070.9,5557945,5558123,JUNC_9673,1,+,GT,AG,0.8684209,0.8463258,0.9900700449943542,0.1690398007631302
NC_003070.9,5574525,5574836,JUNC_16091,1,+,GT,AG,0.9847424,0.9757421,0.9747703075408936,0.9910502433776855
NC_003070.9,5574907,5575012,JUNC_16092,1,+,GT,AG,0.99935776,0.9997532,0.9985241293907166,0.0011665585916489363
NC_003070.9,5575080,5575164,JUNC_16093,1,+,GT,AG,0.98830825,0.97941816,0.09432082623243332,0.29773542284965515
NC_003070.9,5575203,5575335,JUNC_16094,1,+,GT,AG,0.99956363,0.99972016,0.00018356383952777833,0.08149398863315582
NC_003070.9,5575436,5575660,JUNC_16095,1,+,GT,AG,0.9999969,0.9999734,0.02823854610323906,0.01167256198823452
NC_003070.9,5575773,5575910,JUNC_16096,1,+,GT,AG,0.99999917,0.9999993,0.659162700176239,0.0004829015233553946
NC_003070.9,5576010,5576156,JUNC_16097,1,+,GT,AG,0.9999999,0.9999999,0.0024187813978642225,0.30815383791923523
NC_003070.9,5576303,5576405,JUNC_16098,1,+,GT,AG,0.99999523,0.99998605,0.05783244967460632,0.0026524749118834734
NC_003070.9,5576466,5576573,JUNC_16099,1,+,GT,AG,0.99753666,0.9983656,0.9448869228363037,0.001160348067060113
NC_003070.9,5576671,5576752,JUNC_16100,1,+,GT,AG,1.0,1.0,0.03122911974787712,0.40011295676231384
NC_003070.9,5576895,5577004,JUNC_16101,1,+,GT,AG,1.0,1.0,0.07252994179725647,0.018131770193576813
NC_003070.9,5577088,5577168,JUNC_16102,1,+,GT,AG,0.869531,0.6891565,0.0002944977895822376,0.030745917931199074
NC_003070.9,5577258,5577351,JUNC_16103,1,+,GT,AG,0.90058434,0.8860052,0.3723599314689636,0.0010784154292196035
NC_003070.9,5578708,5579234,JUNC_3936,1,+,GT,AG,0.9999994,0.99999905,0.0068730744533240795,6.18377271166537e-07
NC_003070.9,5579347,5579433,JUNC_3937,1,+,GT,AG,0.99995756,0.99995077,0.025468995794653893,0.08472233265638351
NC_003070.9,5579679,5579768,JUNC_3938,1,+,GT,AG,0.9999994,0.9999995,8.632247045170516e-05,0.9988092184066772
NC_003070.9,5579849,5579924,JUNC_3939,1,+,GT,AG,1.0,0.9999999,5.079864877188811e-06,2.126121034962125e-05
NC_003070.9,5580155,5580243,JUNC_3940,1,+,GT,AG,0.9999995,0.99999857,0.016956152394413948,0.020662568509578705
NC_003070.9,5582522,5582613,JUNC_14766,1,-,GT,AG,0.9999101,0.9998457,0.1861356794834137,0.034085460007190704
NC_003070.9,5582792,5582885,JUNC_14767,1,-,GT,AG,0.9999279,0.99983066,0.9694461822509766,0.28171417117118835
NC_003070.9,5582984,5583088,JUNC_14768,1,-,GT,AG,0.9999722,0.9999471,0.9662962555885315,0.34405192732810974
NC_003070.9,5583148,5583227,JUNC_14769,1,-,GT,AG,0.9995438,0.99933386,0.4332059323787689,0.9911651015281677
NC_003070.9,5583389,5583478,JUNC_14770,1,-,GT,AG,0.99920315,0.99958116,0.5319217443466187,0.5063556432723999
NC_003070.9,5583568,5583696,JUNC_14771,1,-,GT,AG,1.0,0.9999999,0.8462955355644226,0.3733019232749939
NC_003070.9,5583819,5583897,JUNC_14772,1,-,GT,AG,1.0,1.0,0.0017653678078204393,0.011853603646159172
NC_003070.9,5584182,5584394,JUNC_14773,1,-,GT,AG,0.99998283,0.99997485,0.013169389218091965,0.005890950560569763
NC_003070.9,5584449,5584692,JUNC_14774,1,-,GT,AG,0.99999976,0.9999999,0.9992349147796631,0.9898069500923157
NC_003070.9,5584783,5584883,JUNC_14775,1,-,GT,AG,0.99991727,0.9998797,0.34967315196990967,0.9839925169944763
NC_003070.9,5584929,5585045,JUNC_14776,1,-,GT,AG,0.03710531,0.04449826,0.000290305441012606,0.02100384049117565
NC_003070.9,5585100,5585353,JUNC_14777,1,-,GT,AG,0.6495816,0.7174974,0.6405090093612671,0.0031570708379149437
NC_003070.9,5585411,5585502,JUNC_14778,1,-,GT,AG,0.9999049,0.9998696,0.08161620795726776,0.007473844103515148
NC_003070.9,5585557,5585790,JUNC_14779,1,-,GT,AG,0.9921814,0.9787002,0.3519132733345032,0.05129276588559151
NC_003070.9,5585845,5586035,JUNC_14780,1,-,GT,AG,0.05156027,0.07190063,0.0002690149412956089,0.00013781271991319954
NC_003070.9,5586071,5586226,JUNC_14781,1,-,GT,AG,0.9291951,0.97901094,0.14079084992408752,0.23862025141716003
NC_003070.9,5586323,5586409,JUNC_14782,1,-,GT,AG,0.9968027,0.99857426,4.393756535137072e-05,0.000109588130726479
NC_003070.9,5586461,5586554,JUNC_14783,1,-,GT,AG,0.41270745,0.20550258,0.6935247778892517,0.023815123364329338
NC_003070.9,5586615,5586757,JUNC_14784,1,-,GT,AG,0.500788,0.66571003,0.0032891910523176193,0.14900726079940796
NC_003070.9,5586793,5586889,JUNC_14785,1,-,GT,AG,0.99979156,0.99965656,0.5864104628562927,0.906237781047821
NC_003070.9,5586950,5587030,JUNC_14786,1,-,GT,AG,0.9793466,0.9820441,0.989264190196991,0.00869978591799736
NC_003070.9,5587070,5587376,JUNC_14787,1,-,GT,AG,0.9998877,0.9999621,0.27391690015792847,0.10151657462120056
NC_003070.9,5593550,5593671,JUNC_694,1,-,GT,AG,0.17497285,0.09905063,0.01850311830639839,0.9725431799888611
NC_003070.9,5593961,5594096,JUNC_695,1,-,GT,AG,0.99868876,0.99894935,0.9826453924179077,0.9911912083625793
NC_003070.9,5594394,5594523,JUNC_696,1,-,GT,AG,0.9999989,0.9999976,0.058115072548389435,0.9484572410583496
NC_003070.9,5594594,5594696,JUNC_697,1,-,GT,AG,0.9999982,0.99999774,0.05157284438610077,0.01733247935771942
NC_003070.9,5594810,5594901,JUNC_698,1,-,GT,AG,0.9999951,0.99997735,0.014596756547689438,0.00048175110714510083
NC_003070.9,5594976,5595074,JUNC_699,1,-,GT,AG,0.9414136,0.9145132,0.010914620943367481,0.010052374564111233
NC_003070.9,5598732,5598872,JUNC_2672,1,-,GT,AG,0.99999976,0.99999714,0.035538382828235626,1.521993544884026e-05
NC_003070.9,5599813,5599902,JUNC_2673,1,-,GT,AG,0.85394317,0.7217193,0.6470505595207214,0.004713982809334993
NC_003070.9,5600880,5601208,JUNC_2674,1,-,GT,AG,0.9713671,0.99422085,0.21293394267559052,0.985781729221344
NC_003070.9,5606199,5606376,JUNC_15384,1,+,GT,AG,1.0,1.0,0.1202923059463501,0.05256053805351257
NC_003070.9,5606650,5606910,JUNC_15385,1,+,GT,AG,0.9989089,0.99889296,0.001642189221456647,0.036144282668828964
NC_003070.9,5619949,5620037,JUNC_1439,1,-,GT,AG,0.103405006,0.059629194,0.0032710693776607513,0.0004124286933802068
NC_003070.9,5620105,5620166,JUNC_17655,1,-,GT,AG,0.99445856,0.9943353,0.0024854601360857487,4.69112055725418e-05
NC_003070.9,5620230,5620311,JUNC_1440,1,-,GT,AG,0.9904902,0.9895751,0.00046848272904753685,0.006276397965848446
NC_003070.9,5620393,5620506,JUNC_1441,1,-,GT,AG,0.99776495,0.99264,0.00017844303511083126,3.0384530873561744e-06
NC_003070.9,5620565,5620636,JUNC_1442,1,-,GT,AG,0.99986386,0.99974304,0.6725439429283142,0.0005120536079630256
NC_003070.9,5620696,5620810,JUNC_1443,1,-,GT,AG,0.9999572,0.9999429,1.9662402337417006e-05,0.0021514783147722483
NC_003070.9,5620973,5621071,JUNC_1444,1,-,GT,AG,0.9999938,0.99999285,0.1167946308851242,0.13641341030597687
NC_003070.9,5621196,5621491,JUNC_1445,1,-,GT,AG,0.9999949,0.99999833,0.4063332676887512,0.11715522408485413
NC_003070.9,5621554,5621692,JUNC_1446,1,-,GT,AG,0.9999981,0.9999858,0.00015552918193861842,0.12172719836235046
NC_003070.9,5621752,5621870,JUNC_1447,1,-,GT,AG,0.9999975,0.9999956,0.018240703269839287,0.01616106927394867
NC_003070.9,5622047,5622468,JUNC_17656,1,-,GT,AG,0.9998864,0.999564,0.2632712721824646,0.5733354687690735
NC_003070.9,5630414,5630494,JUNC_9668,1,-,GT,AG,0.99998534,0.99993527,0.8929714560508728,0.9901436567306519
NC_003070.9,5630624,5630705,JUNC_9669,1,-,GT,AG,0.99815214,0.9981457,0.9950352907180786,0.9746446013450623
NC_003070.9,5651784,5652656,JUNC_15777,1,-,GT,AG,0.999992,0.999984,0.0004511696461122483,0.9843313097953796
NC_003070.9,5659567,5659990,JUNC_8554,1,+,GT,AG,0.9999888,0.9999857,0.9835349321365356,0.10944182425737381
NC_003070.9,5660089,5660289,JUNC_8555,1,+,GT,AG,0.9997863,0.99969566,0.008153303526341915,0.6188539862632751
NC_003070.9,5660348,5660448,JUNC_8556,1,+,GT,AG,0.98409754,0.9640047,0.011734770610928535,0.035560768097639084
NC_003070.9,5660767,5660916,JUNC_8557,1,+,GT,AG,0.9995766,0.9997719,0.011837136931717396,0.001080353744328022
NC_003070.9,5661043,5661334,JUNC_8558,1,+,GT,AG,0.9999974,0.99999464,0.7695683836936951,0.9991395473480225
NC_003070.9,5661440,5661522,JUNC_8559,1,+,GT,AG,0.9986135,0.9971877,0.007273436989635229,0.5730838179588318
NC_003070.9,5661568,5661827,JUNC_8560,1,+,GT,AG,0.9985765,0.9991899,9.929158841259778e-05,0.0058469949290156364
NC_003070.9,5661866,5661935,JUNC_8561,1,+,GT,AG,0.99006444,0.9671648,0.9313904643058777,0.5443412065505981
NC_003070.9,5662092,5662298,JUNC_8562,1,+,GT,AG,0.9999776,0.99999285,0.9909676909446716,0.8921105861663818
NC_003070.9,5662401,5662640,JUNC_8563,1,+,GT,AG,0.9975273,0.9984565,0.9955083131790161,0.9713283181190491
NC_003070.9,5662757,5662936,JUNC_8564,1,+,GT,AG,0.99992216,0.99988866,0.9960993528366089,0.9996910095214844
NC_003070.9,5663014,5663118,JUNC_8565,1,+,GT,AG,0.99339503,0.99708456,0.9205573201179504,0.9940409064292908
NC_003070.9,5663220,5663338,JUNC_8566,1,+,GT,AG,0.9998808,0.99961025,0.9643648862838745,0.9225375652313232
NC_003070.9,5663438,5663778,JUNC_8567,1,+,GT,AG,0.99970186,0.99979573,0.18022462725639343,0.07618014514446259
NC_003070.9,5663889,5664004,JUNC_8568,1,+,GT,AG,0.9999962,0.9999846,0.012320675887167454,0.1226164698600769
NC_003070.9,5664069,5664136,JUNC_8569,1,+,GT,AG,1.0,1.0,0.2464645355939865,0.9252462387084961
NC_003070.9,5664288,5664357,JUNC_8570,1,+,GT,AG,1.0,1.0,0.8429781794548035,0.5584990978240967
NC_003070.9,5664590,5664660,JUNC_9981,1,+,GT,AG,0.97509813,0.7970645,0.9890608787536621,0.6567890048027039
NC_003070.9,5664794,5664896,JUNC_8571,1,+,GT,AG,0.94565034,0.94785887,0.8952075839042664,0.9391445517539978
NC_003070.9,5665007,5665102,JUNC_8572,1,+,GT,AG,0.17852487,0.07712038,0.8611300587654114,0.9450626969337463
NC_003070.9,5668464,5668572,JUNC_681,1,+,GT,AG,0.29743767,0.35849294,0.3706088662147522,0.8859500885009766
NC_003070.9,5668464,5668918,JUNC_10376,1,+,GT,AG,0.9999962,0.9999968,0.06195630878210068,0.17618323862552643
NC_003070.9,5668739,5668918,JUNC_18399,1,+,GT,AG,0.19669834,0.33274856,0.0020887376740574837,0.0009497709688730538
NC_003070.9,5669039,5669159,JUNC_683,1,+,GT,AG,0.9999974,0.99998915,0.0013849894749000669,0.00029709283262491226
NC_003070.9,5669409,5669492,JUNC_684,1,+,GT,AG,0.99976295,0.9997776,0.10744854807853699,0.6382681727409363
NC_003070.9,5669689,5669778,JUNC_685,1,+,GT,AG,0.9199065,0.62741166,0.007207477930933237,3.299932416211959e-07
NC_003070.9,5669966,5670044,JUNC_686,1,+,GT,AG,0.09674864,0.10847624,3.793050609601778e-06,0.737884521484375
NC_003070.9,5674085,5674159,JUNC_13896,1,+,GT,AG,0.9975939,0.99626726,0.007756129372864962,0.002163440454751253
NC_003070.9,5674272,5674361,JUNC_13897,1,+,GT,AG,0.0016976658,0.0016810003,0.00867923442274332,0.27332720160484314
NC_003070.9,5674551,5674654,JUNC_13898,1,+,GT,AG,4.037705e-05,4.643789e-05,0.0004972998867742717,0.02105075679719448
NC_003070.9,5676006,5676107,JUNC_9466,1,-,GT,AG,0.99909616,0.9969885,0.32302743196487427,0.7778448462486267
NC_003070.9,5676186,5676281,JUNC_9825,1,-,GT,AG,0.6606938,0.27289468,0.40757042169570923,0.4139825403690338
NC_003070.9,5676319,5676428,JUNC_9467,1,-,GT,AG,0.9998438,0.999928,0.49739158153533936,0.9970190525054932
NC_003070.9,5676495,5676760,JUNC_9468,1,-,GT,AG,0.9999981,0.99999857,0.08346235752105713,6.395221134880558e-05
NC_003070.9,5676877,5677016,JUNC_9469,1,-,GT,AG,0.9999956,0.99999094,0.20402999222278595,0.7174467444419861
NC_003070.9,5677082,5677153,JUNC_9470,1,-,GT,AG,0.99715793,0.9980844,0.6015545129776001,0.0004483101365622133
NC_003070.9,5677355,5677465,JUNC_9471,1,-,GT,AG,0.99826914,0.98036855,0.9932388067245483,0.021598272025585175
NC_003070.9,5677376,5677465,JUNC_14280,1,-,GT,AG,0.99904144,0.994466,0.017823083326220512,0.97881680727005
NC_003070.9,5677634,5677724,JUNC_9472,1,-,GT,AG,0.9999981,0.99999726,0.9389185309410095,0.9889033436775208
NC_003070.9,5677805,5677891,JUNC_9473,1,-,GT,AG,0.9999975,0.9999974,0.9855225086212158,0.0051618656143546104
NC_003070.9,5677938,5678126,JUNC_9474,1,-,GT,AG,0.9999995,0.99999964,0.9974597096443176,0.037003207951784134
NC_003070.9,5678209,5678292,JUNC_9475,1,-,GT,AG,0.9999969,0.99999714,0.4054882526397705,0.9829553961753845
NC_003070.9,5678364,5678486,JUNC_9476,1,-,GT,AG,0.99941516,0.99952996,0.9988806843757629,0.012932896614074707
NC_003070.9,5706230,5706353,JUNC_16269,1,+,GT,AG,0.9999658,0.9999194,0.19195781648159027,0.9923397302627563
NC_003070.9,5706616,5706705,JUNC_16270,1,+,GT,AG,0.99999964,0.99999964,0.9988855719566345,0.9539875388145447
NC_003070.9,5706838,5706914,JUNC_16271,1,+,GT,AG,0.999992,0.99998295,8.085386798484251e-05,0.4958325922489166
NC_003070.9,5707017,5707378,JUNC_16272,1,+,GT,AG,0.99999976,0.99999917,0.5155088901519775,0.0011762921931222081
NC_003070.9,5707502,5707819,JUNC_16273,1,+,GT,AG,0.9999883,0.9999758,0.014157770201563835,0.9104494452476501
NC_003070.9,5707885,5708009,JUNC_16274,1,+,GT,AG,0.9999989,0.99999905,0.9962825179100037,0.689415454864502
NC_003070.9,5708048,5708149,JUNC_16275,1,+,GT,AG,0.99999976,0.9999995,0.5861413478851318,0.6557848453521729
NC_003070.9,5708230,5708332,JUNC_16276,1,+,GT,AG,0.9997046,0.9998444,0.9265748262405396,0.852209746837616
NC_003070.9,5708380,5708474,JUNC_16277,1,+,GT,AG,0.99254817,0.99270076,0.42372336983680725,0.14502322673797607
NC_003070.9,5708525,5708639,JUNC_16278,1,+,GT,AG,0.99996305,0.99992025,0.9921999573707581,0.0009270845330320299
NC_003070.9,5708708,5708810,JUNC_16279,1,+,GT,AG,0.9996915,0.99983686,0.003331653540953994,0.9948508143424988
NC_003070.9,5709047,5709161,JUNC_16280,1,+,GT,AG,0.99978215,0.99968565,0.9808284640312195,0.001219569006934762
NC_003070.9,5713963,5714119,JUNC_16358,1,+,GT,AG,0.5255553,0.65720505,0.002548258053138852,0.009622817859053612
NC_003070.9,5713963,5714512,JUNC_2614,1,+,GT,AG,0.9987683,0.99904406,0.07544650882482529,0.9577864408493042
NC_003070.9,5714358,5714512,JUNC_6649,1,+,GT,AG,0.85367244,0.70051533,0.7729184031486511,0.5947287678718567
NC_003070.9,5714933,5715173,JUNC_2615,1,+,GT,AG,1.0,1.0,0.689020574092865,0.0382903628051281
NC_003070.9,5715288,5715375,JUNC_2616,1,+,GT,AG,0.9999752,0.99995315,0.9088643789291382,0.8160755634307861
NC_003070.9,5715520,5715723,JUNC_16359,1,+,GT,AG,0.99997306,0.9999299,0.9004379510879517,0.16236771643161774
NC_003070.9,5715637,5715723,JUNC_2617,1,+,GT,AG,0.9999994,0.99999917,0.9804507493972778,0.9387682676315308
NC_003070.9,5716110,5716188,JUNC_2618,1,+,GT,AG,0.9989269,0.99716234,0.9554762840270996,0.9935421943664551
NC_003070.9,5716316,5716421,JUNC_2619,1,+,GT,AG,0.99924004,0.99820864,0.9995098114013672,0.7886814475059509
NC_003070.9,5718023,5718145,JUNC_2620,1,+,GT,AG,0.9991271,0.9992994,0.0002059110120171681,0.002917364938184619
NC_003070.9,5718442,5718536,JUNC_2621,1,+,GT,AG,1.0,0.99999976,0.9925979375839233,8.2535498222569e-06
NC_003070.9,5718815,5718975,JUNC_2622,1,+,GT,AG,1.0,1.0,0.02763182483613491,0.9564386606216431
NC_003070.9,5719104,5719216,JUNC_2623,1,+,GT,AG,1.0,1.0,0.8878899216651917,6.012524863763247e-06
NC_003070.9,5719417,5719504,JUNC_2624,1,+,GT,AG,0.995509,0.9915684,0.8879191279411316,0.9844488501548767
NC_003070.9,5719647,5719735,JUNC_2625,1,+,GT,AG,0.9998696,0.99972445,0.3032678961753845,0.0019428684609010816
NC_003070.9,5720048,5720162,JUNC_2626,1,+,GT,AG,0.9952382,0.996564,0.002709160326048732,0.001177685335278511
NC_003070.9,5720302,5720460,JUNC_2627,1,+,GT,AG,1.0,1.0,0.2515701353549957,0.043496765196323395
NC_003070.9,5720539,5720652,JUNC_2628,1,+,GT,AG,0.9999999,0.9999993,0.7817748785018921,0.00143043405842036
NC_003070.9,5721045,5721228,JUNC_2629,1,+,GT,AG,0.9994031,0.9993395,0.5768606066703796,0.02678750827908516
NC_003070.9,5721446,5721667,JUNC_2630,1,+,GT,AG,0.999902,0.99996614,0.055407218635082245,0.9483112692832947
NC_003070.9,5738284,5738363,JUNC_13683,1,+,GT,AG,1.0,1.0,0.9307746887207031,0.11103998869657516
NC_003070.9,5738514,5738580,JUNC_8525,1,+,GT,AG,0.9999999,0.9999999,0.2741404175758362,0.9849132895469666
NC_003070.9,5745545,5745658,JUNC_7561,1,-,GT,AG,0.999998,0.9999981,0.710595965385437,0.8947558403015137
NC_003070.9,5746707,5746797,JUNC_7562,1,-,GT,AG,0.99999905,0.9999982,0.0050358581356704235,0.38106417655944824
NC_003070.9,5747036,5747200,JUNC_7563,1,-,GT,AG,0.99998367,0.9999602,0.9871070981025696,0.9890890717506409
NC_003070.9,5747326,5747404,JUNC_7564,1,-,GT,AG,0.9999995,0.9999993,0.00020425811817403883,0.1481631100177765
NC_003070.9,5747470,5747550,JUNC_7565,1,-,GT,AG,0.99999964,0.9999993,0.019688010215759277,0.0007097718771547079
NC_003070.9,5748467,5748603,JUNC_7566,1,-,GT,AG,0.9984439,0.98965186,0.018681678920984268,0.22338691353797913
NC_003070.9,5749006,5749274,JUNC_7567,1,-,GT,AG,1.0,1.0,0.09287407249212265,0.014958713203668594
NC_003070.9,5750407,5750506,JUNC_7568,1,-,GT,AG,0.9999993,0.99999905,0.22586825489997864,0.7570327520370483
NC_003070.9,5750777,5750932,JUNC_7569,1,-,GT,AG,0.9398588,0.9568947,0.000485968281282112,1.6723593944334425e-05
NC_003070.9,5751226,5751517,JUNC_7570,1,-,GT,AG,0.9958201,0.99693245,1.1359999916749075e-05,0.001990805147215724
NC_003070.9,5751655,5751782,JUNC_7571,1,-,GT,AG,0.99994004,0.9999405,0.015173055231571198,6.289370730883093e-07
NC_003070.9,5751891,5751990,JUNC_7572,1,-,GT,AG,0.99988985,0.9998444,6.539370133396005e-06,1.2824536987920965e-08
NC_003070.9,5752180,5752390,JUNC_14320,1,-,GT,AG,0.01640638,0.018526329,0.002375370357185602,6.696711352560669e-06
NC_003070.9,5752569,5752982,JUNC_7573,1,-,GT,AG,0.87920725,0.8105918,0.003564859041944146,7.836417807993712e-07
NC_003070.9,5753056,5753164,JUNC_7574,1,-,GT,AG,0.27128908,0.29006186,0.015559820458292961,0.0008825898403301835
NC_003070.9,5753287,5753393,JUNC_7575,1,-,GC,AG,0.32177272,0.45182028,0.9488589763641357,0.001263779355213046
NC_003070.9,5753524,5753610,JUNC_7576,1,-,GT,AG,0.73591596,0.8698897,0.12270744144916534,0.9690340757369995
NC_003070.9,5753759,5753864,JUNC_7577,1,-,GT,AG,0.9999654,0.999974,0.9864631295204163,0.9784404039382935
NC_003070.9,5754011,5754121,JUNC_7578,1,-,GT,AG,0.9983945,0.9988718,0.9836162328720093,0.9816409945487976
NC_003070.9,5754201,5754290,JUNC_7579,1,-,GT,AG,0.98116,0.9869659,0.9739717245101929,0.9648359417915344
NC_003070.9,5754407,5754610,JUNC_7580,1,-,GT,AG,0.9999999,0.9999999,0.9982068538665771,0.9908993244171143
NC_003070.9,5754995,5755135,JUNC_7581,1,-,GT,AG,0.013954257,0.043396,0.8591919541358948,0.8188488483428955
NC_003070.9,5755819,5756139,JUNC_17005,1,+,GT,AG,0.99998605,0.99987745,0.7937294244766235,0.0001421205379301682
NC_003070.9,5756297,5756407,JUNC_688,1,+,GT,AG,0.9999945,0.9999863,0.03634867072105408,0.004267973359674215
NC_003070.9,5762965,5763090,JUNC_10550,1,-,GT,AG,0.9692676,0.9727674,0.01574738882482052,0.0007990266312845051
NC_003070.9,5763190,5763578,JUNC_10551,1,-,GT,AG,0.9999962,0.999995,0.1377018690109253,0.008233809843659401
NC_003070.9,5767641,5768207,JUNC_9324,1,+,GT,AG,0.00065178215,0.0035545996,0.28345930576324463,0.9218993186950684
NC_003070.9,5769143,5769430,JUNC_9325,1,+,GT,AG,0.99838734,0.9978911,0.2275862991809845,0.7581810355186462
NC_003070.9,5769586,5769685,JUNC_9326,1,+,GT,AG,1.0,1.0,0.03364480286836624,0.03431761637330055
NC_003070.9,5769897,5769990,JUNC_9327,1,+,GT,AG,0.99364036,0.98554546,5.602660894510336e-05,0.005860993172973394
NC_003070.9,5776587,5776686,JUNC_4751,1,-,GT,AG,0.99218094,0.990022,0.025784986093640327,0.00016424612840637565
NC_003070.9,5776784,5776892,JUNC_4752,1,-,GT,AG,0.96877444,0.9542581,0.026235124096274376,0.14018800854682922
NC_003070.9,5776966,5777078,JUNC_4753,1,-,GT,AG,0.040141795,0.037750524,0.9938365817070007,0.7829425930976868
NC_003070.9,5777120,5777413,JUNC_4754,1,-,GT,AG,0.92756385,0.94085884,0.00031153790769167244,0.9914172291755676
NC_003070.9,5777472,5777851,JUNC_4755,1,-,GT,AG,0.9999974,0.99999475,0.9935467839241028,0.0005363575182855129
NC_003070.9,5777938,5778034,JUNC_4756,1,-,GT,AG,1.3978327e-05,3.067529e-05,0.6891823410987854,0.9352620840072632
NC_003070.9,5778089,5778291,JUNC_4757,1,-,GT,AG,0.98747313,0.98986745,0.8358551263809204,0.02288842760026455
NC_003070.9,5786895,5786983,JUNC_14925,1,-,GT,AG,0.9999958,0.99999213,0.6971036791801453,0.94430011510849
NC_003070.9,5793955,5794050,JUNC_2684,1,+,GT,AG,0.89383423,0.9262682,0.9757720828056335,0.5829257965087891
NC_003070.9,5807449,5807525,JUNC_10502,1,+,GT,AG,0.99703383,0.99247146,0.0005259952158667147,0.0004615791258402169
NC_003070.9,5807626,5807973,JUNC_10503,1,+,GT,AG,0.99995303,0.99986815,0.0001415308506693691,0.0020175150129944086
NC_003070.9,5808359,5808454,JUNC_10504,1,+,GT,AG,0.9999603,0.9999299,0.9890608787536621,0.6567890048027039
NC_003070.9,5808569,5808658,JUNC_10505,1,+,GT,AG,1.0,1.0,0.8952075839042664,0.9391445517539978
NC_003070.9,5808760,5808845,JUNC_10506,1,+,GT,AG,1.0,1.0,0.3706088662147522,0.8859500885009766
NC_003070.9,5808996,5809078,JUNC_10507,1,+,GT,AG,0.9999926,0.99998486,0.06195630878210068,0.17618323862552643
NC_003070.9,5809167,5809267,JUNC_10508,1,+,GT,AG,0.9999608,0.99985373,0.9797991514205933,0.5151646137237549
NC_003070.9,5809316,5809416,JUNC_10509,1,+,GT,AG,1.0,1.0,0.18311652541160583,0.9672096371650696
NC_003070.9,5809517,5809614,JUNC_10510,1,+,GT,AG,1.0,1.0,0.10034225136041641,0.504801332950592
NC_003070.9,5809802,5809887,JUNC_10511,1,+,GT,AG,0.9999461,0.9997801,0.7415518164634705,0.02196905016899109
NC_003070.9,5810005,5810112,JUNC_10512,1,+,GT,AG,0.99743766,0.9990533,0.78986656665802,0.836495041847229
NC_003070.9,5810271,5810345,JUNC_10513,1,+,GT,AG,0.9999876,0.9999871,0.9981575608253479,0.013575397431850433
NC_003070.9,5810468,5810720,JUNC_10514,1,+,GT,AG,0.9999994,0.99999976,0.04000123217701912,0.051640834659338
NC_003070.9,5810851,5810966,JUNC_10515,1,+,GT,AG,1.0,1.0,0.0009439708665013313,0.0024333614856004715
NC_003070.9,5825267,5825482,JUNC_14008,1,+,GT,AG,0.9999995,0.99999964,0.0011629584478214383,0.00018306805577594787
NC_003070.9,5825674,5825760,JUNC_14009,1,+,GT,AG,0.9998053,0.9995117,3.653757812571712e-05,0.8676644563674927
NC_003070.9,5825970,5826055,JUNC_14010,1,+,GT,AG,0.9999708,0.9999671,0.6555407643318176,0.0319928415119648
NC_003070.9,5826208,5826296,JUNC_14011,1,+,GT,AG,0.99999976,0.9999994,0.11091363430023193,0.11075635999441147
NC_003070.9,5826461,5826570,JUNC_14012,1,+,GT,AG,0.9992797,0.9988343,0.9981635212898254,0.9954702854156494
NC_003070.9,5826750,5826844,JUNC_14013,1,+,GT,AG,0.8598906,0.8947153,0.9862208366394043,0.9976316690444946
NC_003070.9,5827113,5827182,JUNC_14014,1,+,GT,AG,0.011475174,0.011319721,0.9826948046684265,0.9781438708305359
NC_003070.9,5827345,5827441,JUNC_14015,1,+,GT,AG,0.12016529,0.03928588,0.9950993657112122,0.6545122265815735
NC_003070.9,5827779,5827851,JUNC_14016,1,+,GT,AG,0.9999939,0.99999726,0.0046118781901896,0.03382033854722977
NC_003070.9,5827929,5828037,JUNC_14017,1,+,GT,AG,0.9999988,0.99999905,0.0074739172123372555,0.029443340376019478
NC_003070.9,5832607,5832660,JUNC_4595,1,+,GT,AG,0.00029276437,0.00074337475,0.0012935148552060127,0.007276415359228849
NC_003070.9,5832728,5832806,JUNC_4596,1,+,GT,AG,0.00093107147,0.006141528,0.6674153804779053,0.13534456491470337
NC_003070.9,5833003,5833036,JUNC_4597,1,+,GT,AG,0.06263392,0.07935689,0.9685230851173401,0.8130534291267395
NC_003070.9,5833070,5833284,JUNC_4598,1,+,GT,AG,0.6547758,0.6484208,0.42197084426879883,0.8982804417610168
NC_003070.9,5833388,5833815,JUNC_4599,1,+,GT,AG,3.5210687e-05,2.6312939e-05,0.8905525803565979,0.07401834428310394
NC_003070.9,5833858,5834019,JUNC_4600,1,+,GT,AG,4.3009482e-08,3.91119e-08,0.9877712726593018,0.9898590445518494
NC_003070.9,5842858,5843210,JUNC_9826,1,-,GT,AG,0.38076591,0.18622558,0.0017005122499540448,0.8994988799095154
NC_003070.9,5843267,5844151,JUNC_1531,1,-,GT,AG,0.97916037,0.98670435,0.10487934201955795,2.3362763386103325e-06
NC_003070.9,5854461,5854864,JUNC_16777,1,+,GT,AG,0.9999999,0.9999999,0.8042932152748108,1.45899650760839e-06
NC_003070.9,5855035,5855137,JUNC_16778,1,+,GT,AG,1.0,1.0,0.9896105527877808,0.008479814976453781
NC_003070.9,5855272,5855414,JUNC_16779,1,+,GT,AG,1.0,1.0,0.3409789502620697,5.912458072998561e-05
NC_003070.9,5855480,5855730,JUNC_16780,1,+,GT,AG,1.0,1.0,0.07289990037679672,0.9916093945503235
NC_003070.9,5855781,5855877,JUNC_16781,1,+,GT,AG,0.9999931,0.9999813,0.9971466660499573,0.9640868306159973
NC_003070.9,5856003,5856109,JUNC_16782,1,+,GT,AG,0.99999523,0.99998057,0.8332068920135498,0.003377664601430297
NC_003070.9,5856173,5856266,JUNC_16783,1,+,GT,AG,0.9663105,0.98120683,0.01327416393905878,0.5513139963150024
NC_003070.9,5868340,5868533,JUNC_9537,1,+,GT,AG,1.0,1.0,0.9887582063674927,0.9375109672546387
NC_003070.9,5868719,5868844,JUNC_9538,1,+,GT,AG,1.0,1.0,0.8914365768432617,0.004180082120001316
NC_003070.9,5869040,5869120,JUNC_9539,1,+,GT,AG,0.9597649,0.9046394,0.903020977973938,0.014853020198643208
NC_003070.9,5870209,5870349,JUNC_13524,1,+,GT,AG,0.9999999,0.99999964,0.18093834817409515,0.6130930781364441
NC_003070.9,5878710,5879396,JUNC_10958,1,+,GT,AG,0.99316406,0.9959766,0.3030312955379486,0.9943986535072327
NC_003070.9,5879517,5879595,JUNC_10959,1,+,GT,AG,0.9881677,0.97696996,0.9808261394500732,0.0007837031735107303
NC_003070.9,5886924,5887045,JUNC_15400,1,+,GT,AG,1.0,1.0,0.09650759398937225,0.007697609253227711
NC_003070.9,5887078,5887260,JUNC_15401,1,+,GT,AG,0.99999833,0.99998844,0.9958646297454834,0.0503217875957489
NC_003070.9,5887374,5887543,JUNC_15402,1,+,GT,AG,0.99999976,0.9999999,0.16109536588191986,1.3829927411279641e-05
NC_003070.9,5887693,5887763,JUNC_15403,1,+,GT,AG,0.9999913,0.9999924,0.0006142770871520042,0.9971920847892761
NC_003070.9,5887862,5887951,JUNC_15404,1,+,GT,AG,0.9999919,0.99998045,0.9948078989982605,0.9955999851226807
NC_003070.9,5888014,5888296,JUNC_15405,1,+,GT,AG,0.98808026,0.9789442,0.4803045690059662,0.14135657250881195
NC_003070.9,5888452,5888552,JUNC_15406,1,+,GT,AG,0.9999739,0.9999845,0.0838298574090004,0.5188860893249512
NC_003070.9,5888618,5888791,JUNC_15407,1,+,GT,AG,0.9998934,0.9999517,0.6470415592193604,0.1060691699385643
NC_003070.9,5889028,5889130,JUNC_15408,1,+,GT,AG,0.9999926,0.99995065,0.007825862616300583,0.00035220710560679436
NC_003070.9,5889406,5889668,JUNC_15409,1,+,GT,AG,0.9999999,0.9999999,0.05283196270465851,0.011682878248393536
NC_003070.9,5889857,5890009,JUNC_15410,1,+,GT,AG,0.9999672,0.99996126,0.10199752449989319,0.5795843601226807
NC_003070.9,5900025,5900133,JUNC_130,1,+,GT,AG,0.9936045,0.99563855,3.464580458967248e-06,5.665406206389889e-06
NC_003070.9,5900391,5900481,JUNC_131,1,+,GT,AG,0.99953985,0.99884504,0.28972530364990234,0.34266725182533264
NC_003070.9,5900655,5900736,JUNC_132,1,+,GT,AG,0.999998,0.99999595,0.03592905402183533,0.1157357320189476
NC_003070.9,5900886,5901161,JUNC_13871,1,+,GT,AG,0.6063621,0.66879123,0.7335805296897888,0.997150719165802
NC_003070.9,5917422,5917602,JUNC_11551,1,-,GT,AG,0.99994195,0.9995778,0.05152539536356926,0.4325169026851654
NC_003070.9,5917694,5917858,JUNC_11552,1,-,GT,AG,0.91007024,0.97274315,0.042267024517059326,0.8236234188079834
NC_003070.9,5917886,5917963,JUNC_11553,1,-,GT,AG,0.17191777,0.16823053,1.1969267688982654e-05,1.613191500382527e-07
NC_003070.9,5918003,5918087,JUNC_11554,1,-,GT,AG,0.78834295,0.7074835,0.0023342198692262173,0.0006186263635754585
NC_003070.9,5918149,5918249,JUNC_11555,1,-,GT,AG,0.9953585,0.9971332,0.06788533926010132,3.5745688364841044e-05
NC_003070.9,5918313,5918395,JUNC_11556,1,-,GT,AG,0.996851,0.9962076,0.03733215853571892,0.5079639554023743
NC_003070.9,5918434,5918847,JUNC_11557,1,-,GT,AG,0.9998561,0.99996054,0.19148409366607666,0.08651246875524521
NC_003070.9,5918902,5919105,JUNC_11558,1,-,GT,AG,0.9853231,0.97319514,0.5118182897567749,0.21905562281608582
NC_003070.9,5919197,5919978,JUNC_11559,1,-,GT,AG,0.99834764,0.9987072,0.6584480404853821,0.8691362142562866
NC_003070.9,5919745,5919978,JUNC_14583,1,-,GT,AG,0.011184652,0.00757172,0.6271765828132629,0.0004653934738598764
NC_003070.9,5920293,5920380,JUNC_14105,1,-,GT,AG,0.017567726,0.010999578,0.25922417640686035,0.9203689694404602
NC_003070.9,5921112,5921217,JUNC_2287,1,+,GT,AG,0.6804971,0.88627034,0.05713234096765518,0.14954660832881927
NC_003070.9,5927290,5927386,JUNC_17901,1,+,GT,AG,0.96479213,0.9719667,0.9944139719009399,0.3854762613773346
NC_003070.9,5930127,5930280,JUNC_4372,1,+,GT,AG,0.99735725,0.99464124,0.7009018063545227,0.0011493589263409376
NC_003070.9,5930311,5930403,JUNC_4373,1,+,GT,AG,0.664925,0.56502146,0.06174506992101669,0.5029486417770386
NC_003070.9,5930422,5930802,JUNC_4374,1,+,GT,AG,0.9997403,0.999778,0.7700605392456055,0.10190542042255402
NC_003070.9,5930900,5931026,JUNC_4375,1,+,GT,AG,0.99999917,0.9999976,0.7769757509231567,0.4090951681137085
NC_003070.9,5931125,5931256,JUNC_4376,1,+,GT,AG,1.0,1.0,0.8443439602851868,0.041870903223752975
NC_003070.9,5931429,5931508,JUNC_4377,1,+,GT,AG,0.9999937,0.99998283,0.07891518622636795,0.0002548588381614536
NC_003070.9,5941842,5942347,JUNC_13373,1,+,GT,AG,0.99997425,0.9999788,0.002984705613926053,0.28947383165359497
NC_003070.9,5942442,5942735,JUNC_2159,1,+,GT,AG,0.99984187,0.9999298,0.34980741143226624,0.4539300501346588
NC_003070.9,5942849,5943083,JUNC_2160,1,+,GT,AG,0.99937814,0.9995571,0.012386277318000793,0.005238862708210945
NC_003070.9,5943140,5943327,JUNC_2161,1,+,GT,AG,0.25750756,0.3901202,0.014414993114769459,8.549833000870422e-05
NC_003070.9,5943419,5943608,JUNC_2162,1,+,GT,AG,0.999998,0.99999285,1.0389369890617672e-05,0.00014027461293153465
NC_003070.9,5943689,5943780,JUNC_2163,1,+,GT,AG,0.99839634,0.99928886,0.00021143764024600387,0.048153240233659744
NC_003070.9,5943879,5944083,JUNC_2164,1,+,GC,AG,0.99917054,0.99900824,0.8288793563842773,0.032205238938331604
NC_003070.9,5952114,5952207,JUNC_10785,1,-,GT,AG,0.54383224,0.5763314,3.156922321068123e-05,0.8336337208747864
NC_003070.9,5952384,5952474,JUNC_10786,1,-,GT,AG,0.9999918,0.9999753,0.9627026915550232,0.9792836308479309
NC_003070.9,5952558,5952685,JUNC_10787,1,-,GT,AG,5.3284886e-05,2.035184e-05,0.9914087653160095,0.01109446119517088
NC_003070.9,5952798,5952911,JUNC_10788,1,-,GT,AG,0.99999714,0.9999937,0.006069199647754431,0.9975619316101074
NC_003070.9,5952942,5953034,JUNC_10789,1,-,GT,AG,0.9999765,0.999969,0.7348740100860596,0.001418193569406867
NC_003070.9,5953110,5953202,JUNC_10790,1,-,GT,AG,0.9927181,0.99198806,0.1033627912402153,0.886056125164032
NC_003070.9,5953290,5953384,JUNC_10791,1,-,GT,AG,0.98512554,0.9910347,0.23538440465927124,6.292572379607009e-06
NC_003070.9,5953446,5953546,JUNC_10792,1,-,GT,AG,0.4639477,0.26269966,0.005481664557009935,0.06873450428247452
NC_003070.9,5953623,5953739,JUNC_10793,1,-,GT,AG,0.99999976,0.99999905,4.877379979006946e-05,0.007512915879487991
NC_003070.9,5953842,5954217,JUNC_10794,1,-,GT,AG,0.99999785,0.9999995,0.006742744240909815,0.0016449856339022517
NC_003070.9,5954279,5954720,JUNC_10795,1,-,GT,AG,0.99994504,0.9999597,0.0035089256707578897,0.0007939577335491776
NC_003070.9,5960939,5961019,JUNC_4445,1,-,GT,AG,0.99389595,0.9969296,0.01681249402463436,0.34527185559272766
NC_003070.9,5961200,5961277,JUNC_4446,1,-,GT,AG,0.8572118,0.75598466,0.8450614213943481,0.6074216365814209
NC_003070.9,5961888,5962079,JUNC_4447,1,-,GT,AG,1.0,1.0,0.0806492418050766,0.14475899934768677
NC_003070.9,5962149,5962239,JUNC_4448,1,-,GT,AG,0.9999479,0.9998877,0.14462293684482574,0.0660778060555458
NC_003070.9,5968661,5968776,JUNC_9314,1,-,GT,AG,0.998102,0.99438864,0.5259226560592651,0.4197682738304138
NC_003070.9,5968886,5969057,JUNC_9315,1,-,GT,AG,0.9999975,0.9999962,0.004832788836210966,0.20161102712154388
NC_003070.9,5969165,5969262,JUNC_9316,1,-,GT,AG,0.99995625,0.99993575,0.4403579831123352,0.6534600257873535
NC_003070.9,5969479,5969712,JUNC_9317,1,-,GT,AG,0.99779105,0.9981539,0.8190134763717651,0.08168647438287735
NC_003070.9,5969487,5969712,JUNC_14076,1,-,GT,AG,0.9977296,0.9942246,0.6802808046340942,0.8817093372344971
NC_003070.9,5975299,5975391,JUNC_2873,1,-,GT,GT,0.599576,0.81996185,0.9692251682281494,0.46601906418800354
NC_003070.9,5984253,5984352,JUNC_17617,1,-,GT,AG,0.99042374,0.9885384,0.10322180390357971,0.6956886053085327
NC_003070.9,5984589,5984679,JUNC_8211,1,-,GT,AG,0.94639313,0.9726863,0.891676127910614,0.9791417717933655
NC_003070.9,5984715,5984854,JUNC_8212,1,-,GT,AG,0.84318125,0.8543316,0.906596839427948,0.3272399604320526
NC_003070.9,5984916,5985015,JUNC_8213,1,-,GT,AG,0.99772865,0.9981229,0.011542025953531265,0.00809782836586237
NC_003070.9,5985094,5985190,JUNC_8214,1,-,GT,AG,0.998677,0.9955042,0.8844346404075623,0.7085312008857727
NC_003070.9,5985265,5985353,JUNC_8215,1,-,GT,AG,0.7204065,0.6706191,0.7945619225502014,0.7381715178489685
NC_003070.9,5985968,5986446,JUNC_8216,1,-,GT,AG,0.99998283,0.99998176,0.9748539924621582,0.9396511912345886
NC_003070.9,5986659,5986874,JUNC_8217,1,-,GT,AG,0.686065,0.7054924,0.6838723421096802,0.9451996088027954
NC_003070.9,5997399,5997893,JUNC_15010,1,+,GT,AG,0.99345714,0.9948263,0.9930617213249207,0.7094662189483643
NC_003070.9,5998972,5999488,JUNC_13175,1,+,GT,AG,0.9988926,0.998931,0.9920273423194885,0.8609248399734497
NC_003070.9,5999638,5999776,JUNC_13176,1,+,GT,AG,0.9999994,0.99999785,0.24094557762145996,0.33053863048553467
NC_003070.9,5999951,6000286,JUNC_13177,1,+,GT,AG,1.0,0.9999999,0.718004584312439,0.001672383863478899
NC_003070.9,6000345,6000468,JUNC_13178,1,+,GT,AG,0.999869,0.9998635,0.25747328996658325,0.07171014696359634
NC_003070.9,6001320,6001533,JUNC_13179,1,+,GT,AG,0.99968505,0.99950755,0.1419360488653183,0.9787495732307434
NC_003070.9,6001668,6001908,JUNC_13180,1,+,GT,AG,1.0,1.0,0.9474467039108276,0.9341806769371033
NC_003070.9,6002184,6002265,JUNC_13181,1,+,GT,AG,0.9992193,0.99782693,0.967843770980835,0.9947652816772461
NC_003070.9,6002310,6002393,JUNC_13182,1,+,GT,AG,0.9959629,0.9950453,0.990287184715271,0.20983338356018066
NC_003070.9,6003008,6003419,JUNC_3808,1,+,GT,AG,0.0652316,0.031486697,0.23452986776828766,0.2745879590511322
NC_003070.9,6003511,6003746,JUNC_3809,1,+,GT,AG,0.9991408,0.9991861,0.5862889289855957,0.9959357976913452
NC_003070.9,6003814,6004120,JUNC_3810,1,+,GT,AG,0.94611305,0.9421708,0.21581806242465973,0.9932085871696472
NC_003070.9,6004197,6004328,JUNC_3811,1,+,GT,AG,0.95458007,0.976307,0.031312357634305954,0.004331916105002165
NC_003070.9,6004509,6004633,JUNC_3812,1,+,GT,AG,0.9999213,0.99991894,0.038828134536743164,0.9465289115905762
NC_003070.9,6004690,6004785,JUNC_3813,1,+,GT,AG,0.9999541,0.99993336,0.9735281467437744,0.843085527420044
NC_003070.9,6004860,6005013,JUNC_3814,1,+,GT,AG,0.99999213,0.9999877,0.9659423828125,0.3050290048122406
NC_003070.9,6005133,6005261,JUNC_3815,1,+,GT,AG,1.0,1.0,0.13468517363071442,0.002770102582871914
NC_003070.9,6005432,6005576,JUNC_3816,1,+,GT,AG,0.99999964,0.99999976,0.007691803388297558,0.00014795488095842302
NC_003070.9,6005690,6005775,JUNC_3817,1,+,GT,AG,0.9996395,0.9977855,0.032443568110466,0.0053610168397426605
NC_003070.9,6005946,6006059,JUNC_3818,1,+,GT,AG,0.9532205,0.961634,0.03795168921351433,0.8933094143867493
NC_003070.9,6007157,6007236,JUNC_8375,1,-,GT,AG,0.9999629,0.999907,0.442130982875824,0.25481316447257996
NC_003070.9,6007350,6007425,JUNC_8376,1,-,GT,AG,0.9999714,0.9998989,0.08335842192173004,0.009912097826600075
NC_003070.9,6007620,6007734,JUNC_8377,1,-,GT,AG,0.9999459,0.99994755,0.649016261100769,0.3661900460720062
NC_003070.9,6007995,6008069,JUNC_8378,1,-,GT,AG,0.957502,0.9555159,0.04596575349569321,0.5087472200393677
NC_003070.9,6023865,6024004,JUNC_4995,1,-,GT,AG,0.9999981,0.99999845,0.0011159852147102356,0.03925633057951927
NC_003070.9,6024990,6025092,JUNC_1234,1,-,GT,AG,0.9997155,0.99964786,0.912760853767395,0.0005098185501992702
NC_003070.9,6025378,6025522,JUNC_14882,1,-,GT,AG,0.0002929947,0.0008109585,0.10887876898050308,9.824341395869851e-05
NC_003070.9,6025609,6026077,JUNC_1236,1,-,GT,AG,0.9998291,0.9998433,0.39606061577796936,0.9844532608985901
NC_003070.9,6026162,6026292,JUNC_1237,1,-,GT,AG,0.99993706,0.99988854,0.15869522094726562,0.9932317733764648
NC_003070.9,6026528,6027074,JUNC_1238,1,-,GT,AG,0.9999994,0.9999964,0.11145159602165222,0.5023152232170105
NC_003070.9,6050852,6050931,JUNC_3863,1,-,GT,AG,0.999913,0.99972373,0.9993095397949219,0.6321755647659302
NC_003070.9,6051087,6051294,JUNC_3864,1,-,GT,AG,0.9999964,0.99999607,0.9964112639427185,0.9988007545471191
NC_003070.9,6051369,6051450,JUNC_3865,1,-,GT,AG,0.99987626,0.99991,0.9798222184181213,0.0010379392188042402
NC_003070.9,6051551,6051701,JUNC_3866,1,-,GT,AG,0.97299045,0.9507178,0.9758194088935852,0.9914982914924622
NC_003070.9,6052052,6052134,JUNC_3867,1,-,GT,AG,1.1835671e-05,2.0062604e-05,0.9886886477470398,0.8780437707901001
NC_003070.9,6053214,6053288,JUNC_10852,1,-,GT,AG,0.95072556,0.9179326,0.9820739030838013,0.975002646446228
NC_003070.9,6054380,6054504,JUNC_10853,1,-,GT,AG,0.99115014,0.99055475,7.737705163890496e-05,0.29555246233940125
NC_003070.9,6054807,6054907,JUNC_10854,1,-,GT,AG,0.9999989,0.9999981,0.0015325068961828947,0.9644995927810669
NC_003070.9,6055903,6056894,JUNC_2180,1,+,GT,GA,0.77134585,0.57620114,0.0002152278902940452,0.6833689212799072
NC_003070.9,6056009,6056108,JUNC_10855,1,-,GT,AG,0.9985984,0.9963463,0.997772753238678,0.0028041936457157135
NC_003070.9,6069758,6069848,JUNC_8282,1,-,GT,AG,0.9999938,0.99998903,0.06494539231061935,0.06154554709792137
NC_003070.9,6069953,6070029,JUNC_8283,1,-,GT,AG,0.9999976,0.99999535,0.004847870673984289,0.0002790298021864146
NC_003070.9,6070102,6070184,JUNC_8284,1,-,GT,AG,0.99998474,0.9999709,0.0019790183287113905,0.002302265027537942
NC_003070.9,6070255,6070343,JUNC_8285,1,-,GT,AG,0.9998579,0.99960274,0.00345327309332788,0.001967842923477292
NC_003070.9,6070396,6070558,JUNC_8286,1,-,GT,AG,0.9995502,0.99965394,0.001880204421468079,1.0845579708984587e-05
NC_003070.9,6070619,6070712,JUNC_8287,1,-,GT,AG,0.9999037,0.9997973,0.005184327717870474,0.09263895452022552
NC_003070.9,6070797,6070984,JUNC_8288,1,-,GT,AG,0.999747,0.99979764,0.3491726815700531,1.603808777872473e-05
NC_003070.9,6071040,6071127,JUNC_8289,1,-,GT,AG,0.99911803,0.99656683,0.21581076085567474,0.0004188490565866232
NC_003070.9,6071203,6071316,JUNC_8290,1,-,GT,AG,0.99999726,0.9999951,0.0015786063158884645,0.031187323853373528
NC_003070.9,6071382,6071499,JUNC_8291,1,-,GT,AG,0.9999125,0.99996233,0.10617423057556152,0.4561655819416046
NC_003070.9,6071581,6071780,JUNC_8292,1,-,GT,AG,0.13254483,0.6222154,0.5249497890472412,0.00014604821626562625
NC_003070.9,6071685,6071780,JUNC_13805,1,-,GT,AG,0.92452997,0.9087529,0.007534720469266176,0.07046594470739365
NC_003070.9,6123672,6124065,JUNC_2465,1,+,GT,AG,1.7219332e-07,8.2644846e-08,0.0008001008536666632,0.00564015656709671
NC_003070.9,6124157,6124253,JUNC_2466,1,+,GT,AG,0.999941,0.9999325,0.9630382061004639,0.718711793422699
NC_003070.9,6124629,6124721,JUNC_2467,1,+,GT,AG,1.0,1.0,0.2203698456287384,0.43217554688453674
NC_003070.9,6124876,6124968,JUNC_2468,1,+,GT,AG,0.999997,0.9999933,0.05700550973415375,0.190900519490242
NC_003070.9,6132425,6132514,JUNC_168,1,-,GT,AG,0.9983196,0.99632806,0.007138495333492756,0.002509827259927988
NC_003070.9,6132709,6132881,JUNC_169,1,-,GT,AG,0.35185412,0.35205996,0.8854523301124573,0.9677304625511169
NC_003070.9,6132976,6133121,JUNC_170,1,-,GC,AG,0.99998903,0.9999881,0.9765487909317017,0.7796008586883545
NC_003070.9,6133488,6133590,JUNC_171,1,-,GT,AG,0.999974,0.99996924,0.3157236576080322,0.9811573624610901
NC_003070.9,6134221,6134307,JUNC_172,1,-,GT,AG,0.9999988,0.99999857,0.9902440905570984,0.0009771845070645213
NC_003070.9,6134549,6134908,JUNC_173,1,-,GT,AG,1.0,1.0,0.8253391981124878,0.9713200926780701
NC_003070.9,6136386,6136514,JUNC_8618,1,-,GT,AG,0.9999796,0.9999634,0.9973022937774658,0.930886447429657
NC_003070.9,6136606,6136695,JUNC_8619,1,-,GT,AG,0.99990964,0.9998863,0.6517966985702515,0.9897524118423462
NC_003070.9,6136781,6136882,JUNC_8620,1,-,GT,AG,0.89004415,0.8983809,0.03811749443411827,0.4939709007740021
NC_003070.9,6137117,6137202,JUNC_8621,1,-,GT,AG,0.38006434,0.1987417,0.9653684496879578,0.008184997364878654
NC_003070.9,6137420,6138058,JUNC_8622,1,-,GT,AG,0.9999999,0.9999999,0.05689549446105957,0.8184740543365479
NC_003070.9,6146623,6146781,JUNC_4384,1,-,GT,AG,0.99999905,0.99999857,0.7654705047607422,0.6079826354980469
NC_003070.9,6147084,6147178,JUNC_4385,1,-,GT,AG,0.72741514,0.70508695,0.0004125492414459586,0.021856432780623436
NC_003070.9,6147282,6147445,JUNC_4386,1,-,GT,AG,0.9999472,0.9998692,0.11348840594291687,0.006390109658241272
NC_003070.9,6147537,6147774,JUNC_4387,1,-,GT,AG,0.99999857,0.999998,0.0005993696395307779,0.008885941468179226
NC_003070.9,6147937,6148046,JUNC_17649,1,-,GC,AG,0.999931,0.99996555,0.062318235635757446,0.00020168528135400265
NC_003070.9,6147937,6148052,JUNC_4388,1,-,GT,AG,0.0012184436,0.0002817715,0.17859740555286407,0.0006552139529958367
NC_003070.9,6148196,6148313,JUNC_4389,1,-,GT,AG,0.9756791,0.97115403,0.9993508458137512,0.9619069695472717
NC_003070.9,6148367,6148493,JUNC_4390,1,-,GT,AG,0.970153,0.9852213,0.00040655810153111815,0.06911168992519379
NC_003070.9,6152756,6152841,JUNC_10237,1,-,GT,AG,0.99999964,0.9999999,0.0016076271422207355,1.796054857550189e-05
NC_003070.9,6152880,6152973,JUNC_10238,1,-,GT,AG,0.9996014,0.9991622,0.031354501843452454,4.469982741284184e-06
NC_003070.9,6153030,6153119,JUNC_10239,1,-,GT,AG,0.9999988,0.99999666,0.9745607972145081,0.9593789577484131
NC_003070.9,6153268,6153357,JUNC_10240,1,-,GT,AG,0.99999297,0.9999863,0.9532137513160706,0.9490641355514526
NC_003070.9,6153425,6153865,JUNC_10241,1,-,GT,AG,0.7869247,0.4582988,0.9632190465927124,0.998525083065033
NC_003070.9,6155442,6155574,JUNC_4959,1,-,GT,AG,0.9971552,0.99847203,0.9949766397476196,0.8037418127059937
NC_003070.9,6162564,6162647,JUNC_14373,1,-,GT,AG,0.99999857,0.9999989,0.9855477809906006,0.8969560861587524
NC_003070.9,6162737,6162830,JUNC_14374,1,-,GT,AG,0.99953926,0.9992261,0.2907027304172516,2.6452840756974183e-05
NC_003070.9,6163093,6163170,JUNC_14375,1,-,GT,AG,0.97877115,0.97257525,0.702603280544281,0.4148107171058655
NC_003070.9,6163351,6163430,JUNC_14376,1,-,GT,AG,0.99998105,0.9999639,0.9855258464813232,0.9815977811813354
NC_003070.9,6163631,6163714,JUNC_14377,1,-,GT,AG,0.99975723,0.99974734,0.9781222343444824,0.1729860007762909
NC_003070.9,6163816,6163899,JUNC_14378,1,-,GT,AG,0.9989152,0.9978017,0.36424720287323,0.8754770755767822
NC_003070.9,6164355,6164444,JUNC_14379,1,-,GT,AG,0.9999982,0.9999962,0.921474277973175,0.044741883873939514
NC_003070.9,6164633,6164721,JUNC_14380,1,-,GT,AG,0.99999976,0.99999976,0.10923579335212708,0.7213416695594788
NC_003070.9,6164839,6164920,JUNC_14381,1,-,GT,AG,0.9999963,0.99999523,0.23974639177322388,0.14299610257148743
NC_003070.9,6166835,6166917,JUNC_17202,1,-,GT,AG,0.9999945,0.99998903,0.07672136276960373,0.001233487855643034
NC_003070.9,6167298,6167372,JUNC_17203,1,-,GT,AG,0.99991083,0.9999244,0.402971476316452,0.002499573864042759
NC_003070.9,6167525,6167631,JUNC_17204,1,-,GT,AG,0.9932121,0.98817784,0.6000745296478271,0.774969220161438
NC_003070.9,6168279,6168375,JUNC_17205,1,-,GT,AG,0.99720466,0.9984536,0.11590547114610672,0.006366030778735876
NC_003070.9,6169708,6169796,JUNC_9155,1,-,GT,AG,0.99998224,0.9999399,0.10819590836763382,0.7728525400161743
NC_003070.9,6169898,6169988,JUNC_9156,1,-,GT,AG,1.0,0.9999999,0.8534753918647766,0.10409803688526154
NC_003070.9,6170103,6170413,JUNC_9157,1,-,GT,AG,0.99999964,0.9999994,0.0006352956406772137,0.0001834006980061531
NC_003070.9,6170503,6170638,JUNC_9158,1,-,GT,AG,0.09522972,0.1787312,0.9830752611160278,0.7342295050621033
NC_003070.9,6170737,6170851,JUNC_9159,1,-,GT,AG,0.99957246,0.9987688,0.916690468788147,0.9959052801132202
NC_003070.9,6170918,6171021,JUNC_9160,1,-,GT,AG,0.99999404,0.9999925,0.9893437623977661,0.9861533641815186
NC_003070.9,6171118,6171257,JUNC_9161,1,-,GT,AG,0.99738294,0.9966425,0.8441213369369507,0.7584182024002075
NC_003070.9,6171396,6171475,JUNC_9162,1,-,GT,AG,0.0003319637,0.0004985499,0.8135960102081299,0.9681805968284607
NC_003070.9,6171534,6171621,JUNC_9163,1,-,GT,AG,0.0012790696,0.0010108226,0.9964115023612976,0.6848582029342651
NC_003070.9,6171696,6171788,JUNC_9164,1,-,GT,AG,0.93499184,0.9046081,0.5737959146499634,0.5396297574043274
NC_003070.9,6172056,6172463,JUNC_9165,1,-,GT,AG,0.9999703,0.9999443,0.05392744764685631,0.9214796423912048
NC_003070.9,6172499,6172714,JUNC_13115,1,-,GT,AG,0.17615776,0.24778399,0.9715943932533264,0.988673985004425
NC_003070.9,6172499,6173043,JUNC_9166,1,-,GT,AG,0.9998816,0.9998078,0.9886136054992676,0.9937475919723511
NC_003070.9,6192762,6192828,JUNC_8347,1,-,GT,AG,0.99998677,0.99998677,0.06671921908855438,0.0013125173281878233
NC_003070.9,6192990,6193091,JUNC_8348,1,-,GT,AG,0.9999733,0.99989605,0.9971035122871399,0.9988068342208862
NC_003070.9,6193222,6193317,JUNC_8349,1,-,GT,AG,0.92068493,0.94346815,0.6952340006828308,0.877422571182251
NC_003070.9,6193458,6193687,JUNC_8350,1,-,GT,AG,0.15755247,0.060519665,0.6804831027984619,0.2986129820346832
NC_003070.9,6249614,6249770,JUNC_8624,1,+,GT,AG,0.9999999,0.9999994,0.10735063254833221,0.0685025155544281
NC_003070.9,6250211,6250436,JUNC_8625,1,+,GT,AG,0.99982053,0.9996185,0.9099894762039185,0.9937481880187988
NC_003070.9,6250540,6250892,JUNC_8626,1,+,GT,AG,0.9999881,0.9999908,2.0979035980417393e-05,3.7295267247827724e-05
NC_003070.9,6252028,6252105,JUNC_8627,1,+,GT,AG,0.98774487,0.98963565,0.00010443792416481301,0.003955615684390068
NC_003070.9,6252146,6252252,JUNC_8628,1,+,GT,AG,0.9999695,0.9999665,0.017104797065258026,0.0006923730834387243
NC_003070.9,6252321,6252403,JUNC_8629,1,+,GT,AG,0.99781895,0.99586713,0.006255436688661575,0.02821958065032959
NC_003070.9,6252504,6252694,JUNC_8630,1,+,GT,AG,0.36900473,0.17949586,0.17027749121189117,0.8856790065765381
NC_003070.9,6252773,6252870,JUNC_8631,1,+,GT,AG,8.2549595e-06,1.3344652e-05,0.0035012869630008936,0.3602410852909088
NC_003070.9,6252969,6253039,JUNC_8632,1,+,GT,AG,0.23237029,0.1395794,0.026492860168218613,0.010077685117721558
NC_003070.9,6253108,6253308,JUNC_8633,1,+,GT,AG,0.9621345,0.941125,0.003996046259999275,0.8660728335380554
NC_003070.9,6253358,6253450,JUNC_8634,1,+,GT,AG,0.9896814,0.98664826,0.899064302444458,0.0503026582300663
NC_003070.9,6253627,6253711,JUNC_8635,1,+,GT,AG,0.99997413,0.99989796,0.0023545583244413137,0.0004534265899565071
NC_003070.9,6266662,6268215,JUNC_10732,1,-,GT,AG,0.9997439,0.9998765,0.0011997701367363334,0.00015197844186332077
NC_003070.9,6283816,6283969,JUNC_17647,1,-,GT,AG,0.99903023,0.9977993,0.007969469763338566,0.0005833180621266365
NC_003070.9,6284050,6284131,JUNC_14329,1,-,GT,AG,0.9999697,0.9999678,0.09040273725986481,0.08873315900564194
NC_003070.9,6284239,6284334,JUNC_14330,1,-,GT,AG,0.99999976,0.99999917,0.30218273401260376,0.9941380023956299
NC_003070.9,6284523,6284617,JUNC_14331,1,-,GT,AG,0.9993482,0.9998024,0.4586036801338196,0.02530602365732193
NC_003070.9,6284683,6284887,JUNC_14332,1,-,GT,AG,0.99840695,0.9983762,0.09131736308336258,0.014269971288740635
NC_003070.9,6284962,6285095,JUNC_14333,1,-,GT,AG,1.0,1.0,0.09405167400836945,0.997223973274231
NC_003070.9,6285206,6285278,JUNC_14334,1,-,GT,AG,1.0,1.0,0.9964039325714111,0.5143104195594788
NC_003070.9,6285364,6285446,JUNC_14335,1,-,GT,AG,0.9999969,0.9999939,0.3559620678424835,0.07291017472743988
NC_003070.9,6285591,6285728,JUNC_14336,1,-,GT,AG,0.9999993,0.9999988,0.5751562714576721,0.0011356372851878405
NC_003070.9,6285826,6285923,JUNC_14337,1,-,GT,AG,0.99913484,0.9976698,0.0005178977735340595,0.9572064280509949
NC_003070.9,6286065,6286158,JUNC_14338,1,-,GT,AG,0.9833355,0.9767253,0.8677449822425842,0.0038084243424236774
NC_003070.9,6286206,6286298,JUNC_14339,1,-,GT,AG,0.99981374,0.9996854,0.16268333792686462,0.0022080696653574705
NC_003070.9,6286469,6286590,JUNC_14340,1,-,GT,AG,0.9999999,0.9999999,0.06751890480518341,3.9952552469912916e-05
NC_003070.9,6286659,6286797,JUNC_14341,1,-,GT,AG,0.9999925,0.9999815,2.5220238967449404e-05,7.812897138137487e-07
NC_003070.9,6286917,6287004,JUNC_14342,1,-,GT,AG,0.97908896,0.9814384,4.083537987753516e-06,0.11615116894245148
NC_003070.9,6287077,6287198,JUNC_14343,1,-,GT,AG,0.99936,0.9993836,0.007586458697915077,0.0004665693559218198
NC_003070.9,6287317,6287423,JUNC_14344,1,-,GC,AG,0.9989366,0.99838233,0.0033819302916526794,1.1929930678888923e-06
NC_003070.9,6287543,6287667,JUNC_14345,1,-,GT,AG,0.77720785,0.7917663,0.0007460095221176744,0.9064921140670776
NC_003070.9,6287755,6287910,JUNC_14346,1,-,GT,AG,0.038481575,0.008516017,0.024546010419726372,0.8666950464248657
NC_003070.9,6288122,6288304,JUNC_14347,1,-,GT,AG,0.99999964,0.99999976,0.929948627948761,0.0019141200464218855
NC_003070.9,6288351,6288614,JUNC_14348,1,-,GT,AG,0.8783751,0.9507669,0.009615421295166016,0.2394745945930481
NC_003070.9,6288693,6288767,JUNC_14349,1,-,GT,AG,0.9999945,0.99998,0.7949727177619934,0.2056293487548828
NC_003070.9,6288849,6289111,JUNC_14350,1,-,GT,AG,1.0,0.9999999,0.9900700449943542,0.1690398007631302
NC_003070.9,6289249,6289349,JUNC_14351,1,-,GT,AG,0.9999589,0.9999521,0.13654035329818726,0.8367047905921936
NC_003070.9,6289398,6289485,JUNC_14352,1,-,GT,AG,0.9970495,0.9976309,0.6988377571105957,0.04640287160873413
NC_003070.9,6289540,6289603,JUNC_14353,1,-,GT,AG,0.9998852,0.99982995,0.22872722148895264,0.8234158158302307
NC_003070.9,6289680,6289864,JUNC_14354,1,-,GT,AG,0.99968874,0.9996762,0.41932395100593567,0.033383164554834366
NC_003070.9,6289945,6290020,JUNC_14355,1,-,GT,AG,0.99999976,0.9999995,0.7903847098350525,0.9884746670722961
NC_003070.9,6290101,6290244,JUNC_14356,1,-,GT,AG,0.9999882,0.9999788,0.7627478241920471,0.22479216754436493
NC_003070.9,6290320,6290743,JUNC_14357,1,-,GT,AG,0.9996582,0.99988425,4.687656655733008e-06,6.106678540618304e-08
NC_003070.9,6290938,6291072,JUNC_14358,1,-,GT,AG,0.004388716,0.008009704,1.6939569036367175e-07,0.0002143249730579555
NC_003070.9,6291119,6291207,JUNC_14359,1,-,GT,AG,0.26068282,0.11897835,3.080005262745544e-05,0.00024995405692607164
NC_003070.9,6291286,6291465,JUNC_14360,1,-,GT,AG,0.1316605,0.24667324,7.982752094903844e-07,0.0006522067706100643
NC_003070.9,6291544,6291924,JUNC_14361,1,-,GT,AG,0.9999927,0.99999464,0.31228891015052795,0.29021161794662476
NC_003070.9,6292062,6292305,JUNC_14362,1,-,GT,AG,0.9966735,0.9974643,0.9871757626533508,0.9892539978027344
NC_003070.9,6292354,6292447,JUNC_14363,1,-,GT,AG,0.99983054,0.9998994,0.7183551788330078,0.06942957639694214
NC_003070.9,6292502,6292629,JUNC_14364,1,-,GT,AG,0.9999347,0.9998135,0.6329835653305054,0.9267842769622803
NC_003070.9,6292706,6292811,JUNC_14365,1,-,GT,AG,0.9969136,0.99510163,0.9903959631919861,0.04412944242358208
NC_003070.9,6292892,6292979,JUNC_14366,1,-,GT,AG,0.9999924,0.99998987,0.015067399479448795,0.8150144815444946
NC_003070.9,6293060,6293295,JUNC_14367,1,-,GT,AG,0.999998,0.9999975,0.8844162821769714,0.9585980176925659
NC_003070.9,6293063,6293295,JUNC_17648,1,-,GT,AG,0.9999964,0.9999976,0.988122284412384,0.5220689177513123
NC_003070.9,6293371,6293676,JUNC_14368,1,-,GT,AG,0.9780578,0.9904677,0.9498096704483032,0.4359985291957855
NC_003070.9,6301385,6301422,JUNC_8479,1,-,GT,AG,6.1101535e-05,4.9573024e-05,0.014796762727200985,0.03482265770435333
NC_003070.9,6301578,6301782,JUNC_8480,1,-,GT,AG,0.9786285,0.98804665,0.36514538526535034,0.9955772161483765
NC_003070.9,6302669,6303164,JUNC_8481,1,-,GT,AG,7.3849037e-07,4.3912456e-07,0.28302183747291565,0.005370735190808773
NC_003070.9,6303490,6303561,JUNC_8482,1,-,GT,AG,1.26034845e-08,2.089595e-08,0.014367739669978619,0.003127654083073139
NC_003070.9,6306945,6307027,JUNC_17917,1,-,GT,AG,0.9999982,0.9999938,1.5186305972747505e-05,1.7598862541490234e-05
NC_003070.9,6307089,6307179,JUNC_17918,1,-,GT,AG,0.999275,0.99854994,0.04545817896723747,0.009195228107273579
NC_003070.9,6307291,6307382,JUNC_17919,1,-,GT,AG,0.9999995,0.9999995,0.008693975396454334,0.01131883729249239
NC_003070.9,6307487,6307628,JUNC_17920,1,-,GT,AG,0.9999999,0.9999999,0.04859272018074989,0.23887865245342255
NC_003070.9,6317397,6317486,JUNC_3747,1,-,GT,AG,0.9858951,0.9790292,0.6441214084625244,0.07968099415302277
NC_003070.9,6317579,6317653,JUNC_3748,1,-,GT,AG,0.9996898,0.9997379,0.1882198601961136,0.3428879976272583
NC_003070.9,6317743,6317838,JUNC_3749,1,-,GT,AG,0.6595725,0.77651435,0.0025274765212088823,0.0001933682942762971
NC_003070.9,6317903,6318003,JUNC_3750,1,-,GT,AG,0.97565347,0.9501163,0.9952321648597717,0.007498528808355331
NC_003070.9,6318074,6318157,JUNC_3751,1,-,GT,AG,0.27222937,0.1662057,0.9866859912872314,0.9756363034248352
NC_003070.9,6318196,6318815,JUNC_3752,1,-,GT,AG,0.9997874,0.99962497,0.949750542640686,0.9868056774139404
NC_003070.9,6326623,6328428,JUNC_9361,1,+,GT,AG,0.9999852,0.9999914,0.9914975762367249,0.9074121713638306
NC_003070.9,6328473,6328681,JUNC_9362,1,+,GT,AG,0.9999628,0.9999676,0.9621180295944214,0.995762825012207
NC_003070.9,6329319,6329419,JUNC_9363,1,+,GT,AG,0.9999993,0.9999982,0.7209434509277344,0.40211689472198486
NC_003070.9,6331820,6331923,JUNC_8929,1,+,GT,AG,0.9999001,0.999864,0.022446947172284126,0.7734163403511047
NC_003070.9,6332049,6332150,JUNC_8930,1,+,GT,AG,0.9998271,0.999897,0.9202245473861694,0.8885028958320618
NC_003070.9,6332216,6332646,JUNC_8931,1,+,GT,AG,0.99980134,0.99984473,0.9584672451019287,0.000196506007341668
NC_003070.9,6332715,6332999,JUNC_8932,1,+,GT,AG,0.99999964,0.9999999,0.6867423057556152,0.7251800894737244
NC_003070.9,6333077,6333489,JUNC_8933,1,+,GT,AG,0.9993044,0.99728966,0.9468610882759094,0.11937636137008667
NC_003070.9,6336604,6336716,JUNC_10766,1,-,GT,AG,0.9999739,0.9999821,0.752937912940979,0.997739315032959
NC_003070.9,6336835,6336926,JUNC_10767,1,-,GT,AG,0.98731846,0.9874693,0.6173375844955444,0.81275874376297
NC_003070.9,6337252,6337343,JUNC_10768,1,-,GT,AG,0.00046224328,0.00089707016,0.9987332224845886,0.08410815894603729
NC_003070.9,6337507,6337588,JUNC_10769,1,-,GT,AG,0.9772898,0.979571,0.7859293818473816,0.8712873458862305
NC_003070.9,6337842,6337963,JUNC_10770,1,-,GT,AG,0.99956626,0.99969804,0.5481225848197937,0.50599604845047
NC_003070.9,6338128,6338261,JUNC_10771,1,-,AT,AC,0.9999975,0.99999523,0.022226393222808838,0.00023899893858470023
NC_003070.9,6338440,6338524,JUNC_10772,1,-,GT,AG,0.95032424,0.8240763,0.005904697813093662,0.001814227201975882
NC_003070.9,6338631,6338751,JUNC_10773,1,-,GT,AG,0.9838906,0.98053396,0.9880772829055786,0.07257172465324402
NC_003070.9,6338931,6339011,JUNC_10774,1,-,GT,AG,0.9997609,0.99966073,0.9126865267753601,0.9456231594085693
NC_003070.9,6339107,6339210,JUNC_10775,1,-,GT,AG,0.9989643,0.9994784,0.5109891295433044,0.0251433327794075
NC_003070.9,6339292,6339368,JUNC_10776,1,-,GT,AG,0.9985769,0.9981154,0.6554185152053833,0.00015914833056740463
NC_003070.9,6340088,6340296,JUNC_10777,1,-,GT,AG,0.9920685,0.9740835,0.022376153618097305,0.1616176813840866
NC_003070.9,6340389,6340462,JUNC_10778,1,-,GT,AG,0.9999157,0.99992824,0.005268475040793419,0.00038778860471211374
NC_003070.9,6340540,6340668,JUNC_10779,1,-,GT,AG,0.12762769,0.16073285,0.23345738649368286,0.0005247190711088479
NC_003070.9,6340752,6340894,JUNC_10780,1,-,GT,AG,0.85510856,0.87589896,0.005146387033164501,1.0777480383694638e-05
NC_003070.9,6341022,6341105,JUNC_10781,1,-,GT,AG,0.9790608,0.9398757,0.11854641884565353,9.756642248248681e-05
NC_003070.9,6341228,6341539,JUNC_10782,1,-,GT,AG,0.925614,0.9387415,0.035122133791446686,0.2992217540740967
NC_003070.9,6341600,6341664,JUNC_10783,1,-,GT,AG,0.02395184,0.0038930129,0.9570010304450989,0.9936517477035522
NC_003070.9,6341730,6342100,JUNC_10784,1,-,GT,AG,0.021632515,0.027179718,0.02529919520020485,0.7964881062507629
NC_003070.9,6343511,6343665,JUNC_10108,1,+,GT,AG,0.9997216,0.99929726,8.416559285251424e-05,0.01360150333493948
NC_003070.9,6343895,6343982,JUNC_10109,1,+,GT,AG,0.9998228,0.99987304,0.004412100184708834,0.9311326146125793
NC_003070.9,6344120,6344214,JUNC_10110,1,+,GT,AG,0.8400671,0.8383852,0.9719131588935852,0.8436048030853271
NC_003070.9,6344484,6344575,JUNC_10111,1,+,GT,AG,0.997767,0.9957594,0.9649229645729065,0.4747648537158966
NC_003070.9,6344715,6344816,JUNC_10112,1,+,GT,AG,0.9812267,0.9920553,0.12033525109291077,0.0010013499995693564
NC_003070.9,6344963,6345050,JUNC_10113,1,+,GT,AG,0.024307031,0.1442849,0.0027436818927526474,0.5487669706344604
NC_003070.9,6346332,6346402,JUNC_9484,1,+,GT,AG,0.9999244,0.9998529,0.9926151037216187,0.7762432098388672
NC_003070.9,6346487,6346708,JUNC_9485,1,+,GT,AG,0.99994123,0.9998777,0.48444247245788574,0.018305309116840363
NC_003070.9,6346776,6346889,JUNC_9486,1,+,GT,AG,0.98019695,0.9834342,0.9998759031295776,0.9995424747467041
NC_003070.9,6346940,6347025,JUNC_9487,1,+,GT,AG,0.2133631,0.3397714,0.9991626739501953,0.9995912909507751
NC_003070.9,6347099,6347278,JUNC_9488,1,+,GT,AG,0.9987612,0.9984856,0.7934150695800781,0.9749284386634827
NC_003070.9,6347337,6347420,JUNC_9489,1,+,GT,AG,0.9999974,0.999997,0.7395418286323547,0.7311269640922546
NC_003070.9,6347497,6347572,JUNC_9490,1,+,GT,AG,0.9992085,0.9989097,0.6837865710258484,0.78944993019104
NC_003070.9,6348211,6348300,JUNC_10833,1,+,GT,AG,0.9999902,0.9999759,0.8507272601127625,0.823622465133667
NC_003070.9,6348392,6348507,JUNC_10834,1,+,GT,AG,1.0,1.0,0.9757192730903625,0.9323202967643738
NC_003070.9,6348672,6348749,JUNC_10835,1,+,GT,AG,1.0,0.9999999,0.5004886984825134,0.003862772835418582
NC_003070.9,6348823,6348898,JUNC_10836,1,+,GT,AG,0.9999995,0.99999845,0.008754102513194084,0.1835593432188034
NC_003070.9,6348979,6349069,JUNC_10837,1,+,GT,AG,0.99945194,0.99945563,0.9949535727500916,0.9404500722885132
NC_003070.9,6349130,6349267,JUNC_10838,1,+,GT,AG,0.7055314,0.7096551,0.01763596571981907,0.8295249342918396
NC_003070.9,6349317,6349459,JUNC_10839,1,+,GT,AG,0.99997795,0.99997926,0.6063686609268188,2.1867101168027148e-05
NC_003070.9,6349514,6349719,JUNC_10840,1,+,GT,AG,0.99999785,0.9999989,3.186186222592369e-05,0.6440876722335815
NC_003070.9,6349797,6349874,JUNC_10841,1,+,GT,AG,0.9999907,0.9999912,0.005603658501058817,0.10183487087488174
NC_003070.9,6349928,6350002,JUNC_10842,1,+,GT,AG,0.999686,0.9995214,0.0007626725709997118,0.0027113822288811207
NC_003070.9,6350056,6350125,JUNC_10843,1,+,GT,AG,0.99999547,0.99998724,0.0005710702389478683,0.0003598257026169449
NC_003070.9,6350186,6350341,JUNC_10844,1,+,GT,AG,0.9971547,0.9968527,0.03087012469768524,0.0005302809295244515
NC_003070.9,6350393,6350741,JUNC_10845,1,+,GT,AG,0.99999785,0.9999956,0.022742439061403275,0.022777697071433067
NC_003070.9,6350808,6350933,JUNC_10846,1,+,GT,AG,0.97423893,0.962822,0.9143560528755188,0.03998620808124542
NC_003070.9,6350996,6351080,JUNC_10847,1,+,GT,AG,0.99993396,0.99986136,0.9098237752914429,0.9966698288917542
NC_003070.9,6351143,6351239,JUNC_10848,1,+,GT,AG,0.99999964,0.9999987,0.9915698766708374,0.04429840296506882
NC_003070.9,6351302,6351397,JUNC_10849,1,+,GT,AG,0.9979767,0.9963326,0.8001566529273987,0.9888939261436462
NC_003070.9,6351462,6351550,JUNC_10850,1,+,GT,AG,0.01396346,0.036640823,0.42105627059936523,0.9296035766601562
NC_003070.9,6351619,6351720,JUNC_10851,1,+,GT,AG,0.25296438,0.28449845,0.9619977474212646,0.09146293997764587
NC_003070.9,6356485,6356675,JUNC_4469,1,-,GT,AG,0.9959409,0.9936842,0.9850767254829407,0.9496588110923767
NC_003070.9,6356755,6356854,JUNC_4470,1,-,GT,AG,0.96468276,0.9279941,0.9465115070343018,0.9738264083862305
NC_003070.9,6356935,6357079,JUNC_4471,1,-,GT,AG,0.999998,0.999998,0.651008129119873,9.495525773672853e-06
NC_003070.9,6357149,6357236,JUNC_4472,1,-,GT,AG,0.99431145,0.99343866,0.5128292441368103,0.0650850161910057
NC_003070.9,6357311,6357401,JUNC_4473,1,-,GT,AG,0.0038603367,0.004219389,0.5773624181747437,0.486113041639328
NC_003070.9,6357607,6357684,JUNC_4474,1,-,GT,AG,0.10079718,0.016039852,0.0003802258870564401,0.09452811628580093
NC_003070.9,6357934,6358045,JUNC_4475,1,-,GT,AG,0.9991586,0.9987479,0.001088800490833819,0.00020538634271360934
NC_003070.9,6358091,6358231,JUNC_4476,1,-,GT,AG,0.003839022,0.0041666,0.8226107954978943,0.254901260137558
NC_003070.9,6358301,6358625,JUNC_4477,1,-,GT,AG,0.99994934,0.9999001,0.4300794303417206,0.021128948777914047
NC_003070.9,6358695,6358781,JUNC_4478,1,-,GT,AG,0.9999963,0.99999535,0.023938190191984177,0.030910296365618706
NC_003070.9,6358866,6359158,JUNC_4479,1,-,GT,AG,0.9943921,0.9933444,0.03290335461497307,0.1748182624578476
NC_003070.9,6359243,6359343,JUNC_4480,1,-,GT,AG,0.99743634,0.99181414,0.0028279991820454597,0.00016241947014350444
NC_003070.9,6359434,6359941,JUNC_4481,1,-,GT,AG,0.36693257,0.6839744,0.06832137703895569,0.8744852542877197
NC_003070.9,6367311,6367734,JUNC_2197,1,+,GT,AG,0.99790967,0.9989613,0.3788040578365326,0.37007904052734375
NC_003070.9,6367886,6367970,JUNC_2198,1,+,GT,AG,0.99635255,0.9924521,0.08061424642801285,0.0024173392448574305
NC_003070.9,6368139,6368217,JUNC_2199,1,+,GT,AG,0.17684495,0.1647717,0.9971207976341248,0.9862754344940186
NC_003070.9,6368418,6368509,JUNC_2200,1,+,GT,AG,0.9866909,0.94608176,0.546892523765564,0.9907019138336182
NC_003070.9,6375557,6375869,JUNC_15438,1,+,GT,AG,0.9999751,0.999984,0.9978885054588318,0.9541156888008118
NC_003070.9,6377603,6377705,JUNC_17828,1,-,GT,AG,1.0,1.0,0.9979268312454224,0.9991348385810852
NC_003070.9,6377887,6377975,JUNC_17829,1,-,GT,AG,1.0,1.0,0.9580360651016235,0.9667129516601562
NC_003070.9,6378082,6378291,JUNC_17830,1,-,GT,AG,0.9999999,0.9999999,0.0009567801025696099,0.001527606975287199
NC_003070.9,6416649,6416732,JUNC_16429,1,-,GT,AG,0.9849304,0.980411,0.0006143255741335452,3.082854163949378e-05
NC_003070.9,6417021,6417140,JUNC_16430,1,-,GT,AG,0.9991077,0.99865335,0.6181142926216125,0.9675218462944031
NC_003070.9,6417234,6417501,JUNC_16431,1,-,GT,AG,0.9999783,0.9999753,0.03187240660190582,0.9446382522583008
NC_003070.9,6417609,6417701,JUNC_16432,1,-,GT,AG,0.99998844,0.9999931,0.042693983763456345,0.06378059834241867
NC_003070.9,6417834,6418022,JUNC_16433,1,-,GT,AG,0.9989755,0.99957055,0.9891265034675598,0.14674535393714905
NC_003070.9,6418256,6418558,JUNC_16434,1,-,GT,AG,0.76416945,0.7025033,5.280007258079422e-07,4.5909120672149584e-05
NC_003070.9,6419459,6419778,JUNC_5459,1,-,GT,AG,0.20487402,0.35893354,8.661473884785664e-07,1.5263096429407597e-05
NC_003070.9,6420018,6420361,JUNC_5460,1,-,GT,AG,0.9986796,0.9990368,8.123530506054522e-07,8.452870133623946e-06
NC_003070.9,6421303,6421397,JUNC_18360,1,+,GT,AG,0.9403898,0.9252246,0.9911293983459473,0.01567060686647892
NC_003070.9,6421501,6421643,JUNC_18361,1,+,GT,AG,1.0,1.0,0.4238941967487335,7.729806128509153e-08
NC_003070.9,6421745,6422097,JUNC_18362,1,+,GT,AG,1.0,0.9999999,0.007988669909536839,0.911264181137085
NC_003070.9,6422180,6422358,JUNC_18363,1,+,GT,AG,0.99998045,0.99997056,0.7777516841888428,0.5252999663352966
NC_003070.9,6422443,6422527,JUNC_18364,1,+,GT,AG,0.9953583,0.9954484,0.17729172110557556,0.0005852349568158388
NC_003070.9,6422614,6422728,JUNC_18365,1,+,GT,AG,0.9495498,0.93069583,0.3032509386539459,0.0028142959345132113
NC_003070.9,6422790,6422882,JUNC_18366,1,+,GT,AG,0.19838218,0.037149645,0.0006084652850404382,0.5168007612228394
NC_003070.9,6423073,6423159,JUNC_18367,1,+,GT,AG,0.9984213,0.9964231,0.01481527928262949,0.00020293575653340667
NC_003070.9,6423220,6423328,JUNC_18368,1,+,GT,AG,0.99999774,0.9999957,0.7370165586471558,0.0022849957458674908
NC_003070.9,6423506,6423838,JUNC_18369,1,+,GT,AG,0.99997556,0.9999552,0.680620014667511,0.8371945023536682
NC_003070.9,6423877,6423970,JUNC_18370,1,+,GT,AG,0.99535215,0.99616975,0.2200915813446045,1.5415785128425341e-06
NC_003070.9,6424032,6424135,JUNC_18371,1,+,GT,AG,0.9993944,0.99951684,0.00010628481686580926,0.0615161694586277
NC_003070.9,6424172,6424332,JUNC_18372,1,+,GT,AG,0.99908435,0.99908507,0.9527097344398499,3.207397821824998e-05
NC_003070.9,6424382,6424644,JUNC_18373,1,+,GT,AG,0.99995494,0.9999676,0.01616778038442135,0.0002876613289117813
NC_003070.9,6424711,6424792,JUNC_18374,1,+,GT,AG,0.99982375,0.99988866,0.14962613582611084,0.9719780683517456
NC_003070.9,6424871,6425192,JUNC_18375,1,+,GT,AG,0.99996305,0.9999882,0.9845368266105652,0.9875956773757935
NC_003070.9,6425272,6425345,JUNC_18376,1,+,GT,AG,0.9999993,0.9999982,0.2748849391937256,0.015600658021867275
NC_003070.9,6425414,6425505,JUNC_18377,1,+,GT,AG,0.94307876,0.9092204,0.6720691323280334,0.6718260049819946
NC_003070.9,6432275,6432916,JUNC_9430,1,-,GT,AG,1.0,1.0,0.896307110786438,0.005469076801091433
NC_003070.9,6433039,6433139,JUNC_9431,1,-,GT,AG,0.99982554,0.9998505,0.4383102357387543,0.8993271589279175
NC_003070.9,6433670,6434161,JUNC_3168,1,+,GT,AG,0.9999958,0.9999845,0.9950478076934814,0.9774930477142334
NC_003070.9,6434239,6434332,JUNC_3169,1,+,GT,AG,0.99999213,0.99997985,0.16971533000469208,0.052949875593185425
NC_003070.9,6434416,6434909,JUNC_13370,1,+,GT,AG,0.99991095,0.9999039,0.9554953575134277,0.06117711588740349
NC_003070.9,6437729,6437843,JUNC_13408,1,+,GT,AG,0.69484705,0.82942283,0.9910900592803955,0.9877111315727234
NC_003070.9,6437913,6438164,JUNC_13409,1,+,GT,AG,0.0033209147,0.004934872,0.0007804838242009282,0.9141832590103149
NC_003070.9,6438207,6438296,JUNC_13410,1,+,GT,AG,0.98625284,0.9903313,0.21583540737628937,0.5587338805198669
NC_003070.9,6438374,6438487,JUNC_13411,1,+,GT,AG,0.9999999,0.9999999,0.8608238697052002,0.19241295754909515
NC_003070.9,6438572,6438675,JUNC_13412,1,+,GT,AG,0.9998615,0.9999212,0.3223843574523926,0.8877933025360107
NC_003070.9,6438758,6439114,JUNC_13413,1,+,GT,AG,0.99823123,0.99315876,0.05324000120162964,0.030015526339411736
NC_003070.9,6439172,6439529,JUNC_13414,1,+,GT,AG,0.99984556,0.9998696,0.015037951990962029,4.526040720520541e-05
NC_003070.9,6439640,6439895,JUNC_13415,1,+,GT,AG,0.7737091,0.7730535,0.057173896580934525,0.01440515462309122
NC_003070.9,6439938,6440188,JUNC_13416,1,+,GT,AG,0.99980694,0.99871314,0.8387479782104492,0.3121146857738495
NC_003070.9,6440285,6440709,JUNC_13417,1,+,GT,AG,0.9944624,0.9526571,0.6899420619010925,0.6123769283294678
NC_003070.9,6440745,6440912,JUNC_13418,1,+,GT,AG,0.99747455,0.998555,0.0039094178937375546,0.0010590464808046818
NC_003070.9,6441049,6441207,JUNC_13419,1,+,GT,AG,0.9937297,0.9829621,0.009983145631849766,0.00010038636537501588
NC_003070.9,6441278,6441364,JUNC_13420,1,+,GT,AG,0.031044768,0.011547738,0.004920878913253546,0.2577776312828064
NC_003070.9,6441418,6441566,JUNC_13421,1,+,GT,AG,0.9999999,1.0,0.012408843263983727,0.00028849829686805606
NC_003070.9,6441709,6441802,JUNC_13422,1,+,GT,AG,0.99999964,0.99999845,0.0014945723814889789,0.10018998384475708
NC_003070.9,6441943,6442101,JUNC_13423,1,+,GT,AG,0.9989841,0.9994748,0.29861196875572205,0.007695293985307217
NC_003070.9,6442341,6442426,JUNC_13424,1,+,GT,AG,0.9999926,0.9999789,0.0023745244834572077,0.0017563459696248174
NC_003070.9,6442486,6442567,JUNC_13425,1,+,GT,AG,0.9999168,0.99984056,0.001556150964461267,0.0003485659253783524
NC_003070.9,6442825,6442905,JUNC_13426,1,+,GT,AG,0.99033326,0.9737985,0.000555310572963208,0.0011438372312113643
NC_003070.9,6443029,6443782,JUNC_13427,1,+,GT,AG,0.9736995,0.9887855,2.8839743038133747e-08,0.14558452367782593
NC_003070.9,6475019,6475107,JUNC_18195,1,+,GT,AG,0.99990296,0.9999329,4.1611744450165133e-07,1.0757588597698486e-06
NC_003070.9,6475215,6475380,JUNC_18196,1,+,GT,AG,0.98377985,0.9810317,0.682770848274231,0.9979206919670105
NC_003070.9,6479111,6479327,JUNC_16985,1,-,GT,AG,0.9998692,0.9998457,0.033639054745435715,8.14367740531452e-05
NC_003070.9,6479644,6479716,JUNC_16986,1,-,GT,AG,0.997503,0.99433,0.14112260937690735,0.9912044405937195
NC_003070.9,6479850,6479945,JUNC_16987,1,-,GT,AG,0.994564,0.98850226,0.9986026883125305,0.998578667640686
NC_003070.9,6481525,6481746,JUNC_3118,1,-,GT,AG,0.99999976,0.9999995,0.9982805252075195,0.00021826494776178151
NC_003070.9,6481794,6481890,JUNC_3119,1,-,GT,AG,1.0,0.99999976,0.000785362150054425,0.9417458772659302
NC_003070.9,6481950,6482036,JUNC_3120,1,-,GT,AG,0.9994903,0.9990399,0.22154821455478668,0.0035055233165621758
NC_003070.9,6482100,6482222,JUNC_3121,1,-,GT,AG,0.9992544,0.9988944,0.11089377105236053,0.5798479914665222
NC_003070.9,6482284,6482376,JUNC_3122,1,-,GT,AG,0.9999734,0.9999746,0.9795224666595459,0.9891582727432251
NC_003070.9,6482490,6482613,JUNC_3123,1,-,GT,AG,0.9999316,0.99978894,0.09367562085390091,0.00018138728046324104
NC_003070.9,6482685,6482773,JUNC_3124,1,-,GT,AG,0.9923787,0.98656076,0.5323571562767029,0.005465542897582054
NC_003070.9,6482824,6482919,JUNC_3125,1,-,GT,AG,0.9999337,0.99985707,0.4851665198802948,0.29625236988067627
NC_003070.9,6483042,6483346,JUNC_3126,1,-,GT,AG,1.0,1.0,0.00814581848680973,0.09993307292461395
NC_003070.9,6489604,6489692,JUNC_6457,1,+,GT,AG,0.9999584,0.99980456,0.029439222067594528,0.009108271449804306
NC_003070.9,6489747,6489832,JUNC_6458,1,+,GT,AG,0.99989784,0.9998934,0.8267537355422974,0.045469775795936584
NC_003070.9,6489949,6490030,JUNC_6459,1,+,GT,AG,0.8758836,0.8728524,0.14241018891334534,0.9931528568267822
NC_003070.9,6490127,6490223,JUNC_6460,1,+,GT,AG,0.99991035,0.9999374,0.9959253072738647,0.9939132332801819
NC_003070.9,6490260,6490356,JUNC_6461,1,+,GT,AG,0.9957321,0.996135,0.987322986125946,0.8924915194511414
NC_003070.9,6490456,6490541,JUNC_6462,1,+,GT,AG,0.3245998,0.41006112,0.9494630098342896,0.999247670173645
NC_003070.9,6490599,6490677,JUNC_6463,1,+,GT,AG,0.8956614,0.9538363,0.9971402883529663,0.9703736901283264
NC_003070.9,6490775,6490882,JUNC_6464,1,+,GT,AG,0.9999801,0.99993145,0.6656731963157654,0.9743756055831909
NC_003070.9,6491002,6491236,JUNC_6465,1,+,GT,AG,0.99992025,0.9998304,0.9843927621841431,0.9573031067848206
NC_003070.9,6491279,6491383,JUNC_14022,1,+,GT,AG,0.033427946,0.048331678,0.986933708190918,0.9274613857269287
NC_003070.9,6491487,6491573,JUNC_6467,1,+,GT,AG,0.9990219,0.9978569,0.40531298518180847,0.000367815577192232
NC_003070.9,6491701,6491796,JUNC_6468,1,+,GT,AG,0.9985221,0.9913278,0.021446924656629562,0.18672363460063934
NC_003070.9,6492196,6492286,JUNC_6469,1,+,GT,AG,0.9999988,0.99999917,0.16116943955421448,0.008406548760831356
NC_003070.9,6492379,6492485,JUNC_6470,1,+,GT,AG,1.0,1.0,0.41675230860710144,0.19151504337787628
NC_003070.9,6492671,6492759,JUNC_6471,1,+,GT,AG,0.99999976,0.99999964,0.3361273407936096,0.2676337659358978
NC_003070.9,6492973,6493066,JUNC_6472,1,+,GT,AG,0.99998796,0.9999732,8.310518751386553e-05,0.003793412121012807
NC_003070.9,6493128,6493207,JUNC_6473,1,+,GT,AG,0.99999964,0.9999994,0.0008088582544587553,0.00040736867231316864
NC_003070.9,6493342,6493429,JUNC_6474,1,+,GT,AG,0.9996538,0.99904996,0.0008800770156085491,7.325521437451243e-05
NC_003070.9,6493640,6493772,JUNC_6475,1,+,GT,AG,0.999987,0.9999225,0.6227722764015198,0.5932143330574036
NC_003070.9,6494017,6494125,JUNC_6476,1,+,GT,AG,0.9999956,0.9999852,0.5559961795806885,0.9738714098930359
NC_003070.9,6506161,6506324,JUNC_4333,1,-,GT,AG,1.0,0.9999999,0.2979079484939575,0.19209744036197662
NC_003070.9,6515910,6516503,JUNC_9259,1,+,GT,AG,0.99880385,0.9997181,0.017272837460041046,0.09509453922510147
NC_003070.9,6516739,6516832,JUNC_9260,1,+,GT,AG,0.9999969,0.9999957,0.00047519581858068705,0.007846749387681484
NC_003070.9,6516950,6517029,JUNC_9261,1,+,GT,AG,0.9999993,0.9999993,0.08912985771894455,0.00010857547022169456
NC_003070.9,6517146,6517225,JUNC_9262,1,+,GT,AG,1.0,1.0,0.4720986783504486,0.23551589250564575
NC_003070.9,6517372,6517449,JUNC_9263,1,+,GT,AG,0.99647427,0.9898268,0.006127599161118269,0.1558709293603897
NC_003070.9,6517524,6517624,JUNC_9264,1,+,GT,AG,0.9448031,0.9419206,0.13644663989543915,0.0006680793594568968
NC_003070.9,6517693,6517789,JUNC_9265,1,+,GT,AG,0.65422094,0.8329616,0.8126624226570129,0.0035861600190401077
NC_003070.9,6517908,6518003,JUNC_9266,1,+,GT,AG,0.1553242,0.03983166,0.017700761556625366,0.9766567945480347
NC_003070.9,6518061,6518227,JUNC_9267,1,+,GT,AG,0.99995184,0.9999577,0.9848564267158508,0.040743421763181686
NC_003070.9,6518338,6518541,JUNC_9268,1,+,GT,AG,0.9887034,0.9876309,0.9832768440246582,0.9531486630439758
NC_003070.9,6518626,6518760,JUNC_9269,1,+,GT,AG,0.99862885,0.9956713,0.0004745506448671222,0.9372121095657349
NC_003070.9,6518858,6518940,JUNC_9270,1,+,GT,AG,0.99866664,0.9977755,0.4894464910030365,0.5403520464897156
NC_003070.9,6519033,6519128,JUNC_9271,1,+,GT,AG,0.98067504,0.97965276,0.7729184031486511,0.5947287678718567
NC_003070.9,6520890,6521394,JUNC_14185,1,+,GT,AG,0.9999995,0.9999995,0.9942080974578857,0.9871765971183777
NC_003070.9,6521612,6521709,JUNC_14186,1,+,GT,AG,0.9997727,0.9997259,0.9916039109230042,0.7927776575088501
NC_003070.9,6522263,6522340,JUNC_14187,1,+,GT,AG,0.9999559,0.9999256,0.11175959557294846,0.9717195630073547
NC_003070.9,6523641,6523758,JUNC_17395,1,-,GT,AG,0.9999924,0.9999634,0.9057576060295105,1.1205702321603894e-05
NC_003070.9,6523989,6524081,JUNC_17396,1,-,GT,AG,0.9999124,0.9998865,3.098307570326142e-05,7.524859938712325e-06
NC_003070.9,6524249,6524357,JUNC_17397,1,-,GT,AG,1.0,1.0,0.32580360770225525,0.05490393936634064
NC_003070.9,6524473,6524562,JUNC_17398,1,-,GT,AG,1.0,1.0,0.9960858821868896,0.9938116073608398
NC_003070.9,6524715,6524807,JUNC_17399,1,-,GT,AG,0.99908376,0.99736065,0.9861352443695068,0.9831284284591675
NC_003070.9,6524951,6525084,JUNC_17400,1,-,GT,AG,0.99876595,0.9985399,0.9989848732948303,0.953926146030426
NC_003070.9,6544328,6544488,JUNC_8814,1,+,GT,AG,0.9999999,0.99999964,0.9781885147094727,0.9929465651512146
NC_003070.9,6554849,6557449,JUNC_2736,1,+,GT,AG,1.9783392e-11,1.7705882e-09,0.04282709211111069,0.1580090969800949
NC_003070.9,6569123,6569197,JUNC_14239,1,+,GT,AG,0.2220226,0.23428288,7.515033595417719e-10,2.3788961698301136e-06
NC_003070.9,6569303,6569379,JUNC_14240,1,+,GT,AG,0.11937635,0.20408738,0.9946500658988953,0.31162029504776
NC_003070.9,6569600,6569681,JUNC_14241,1,+,GT,AG,0.99388784,0.99392235,0.0003075512940995395,0.00767242768779397
NC_003070.9,6571418,6571975,JUNC_17131,1,+,GT,AG,0.03663258,0.052511983,0.14840157330036163,0.0014018674846738577
NC_003070.9,6584354,6584425,JUNC_9219,1,+,GT,AG,0.14825441,0.10906898,0.8909339308738708,1.571639222675003e-05
NC_003070.9,6584556,6585036,JUNC_9220,1,+,GT,AG,0.0034311558,0.0026636946,0.001717001898214221,0.02615673467516899
NC_003070.9,6585131,6585213,JUNC_9221,1,+,GT,AG,0.67178494,0.42198092,2.4865141313057393e-05,0.14346852898597717
NC_003070.9,6585282,6585372,JUNC_9222,1,+,GT,AG,0.999767,0.99988437,3.2687903512851335e-06,0.00020491841132752597
NC_003070.9,6585473,6585672,JUNC_9223,1,+,GT,AG,0.99915075,0.9993507,0.07247350364923477,0.0004967487184330821
NC_003070.9,6585765,6585951,JUNC_9224,1,+,GT,AG,0.9999666,0.99997723,0.001055459608323872,0.4556286036968231
NC_003070.9,6586091,6586198,JUNC_9225,1,+,GT,AG,0.45033067,0.71999246,0.002402775688096881,0.34630513191223145
NC_003070.9,6588575,6588651,JUNC_10076,1,+,GT,AG,0.9998902,0.9999119,0.9395186901092529,0.004296582657843828
NC_003070.9,6588819,6588918,JUNC_10077,1,+,GT,AG,0.9999999,0.99999964,0.0064177969470620155,0.9946708083152771
NC_003070.9,6589004,6589082,JUNC_10078,1,+,GT,AG,0.9999026,0.9998433,0.9986525774002075,0.9962367415428162
NC_003070.9,6608348,6608496,JUNC_15074,1,+,GT,AG,0.35837525,0.5602507,0.9686561822891235,0.48266375064849854
NC_003070.9,6608565,6608652,JUNC_15075,1,+,GT,AG,0.9993642,0.99872667,0.42934539914131165,0.5746920704841614
NC_003070.9,6608768,6608871,JUNC_15076,1,+,GT,AG,1.0,1.0,0.00011695445573423058,0.0028217786457389593
NC_003070.9,6608934,6609084,JUNC_15077,1,+,GT,AG,0.99263614,0.99811685,0.9452756643295288,0.008246970362961292
NC_003070.9,6611136,6611237,JUNC_226,1,-,GT,AG,0.5892213,0.57962686,0.0048543550074100494,0.9345694780349731
NC_003070.9,6611311,6611397,JUNC_17471,1,-,GT,AG,0.9924015,0.98851776,0.024675654247403145,0.8959960341453552
NC_003070.9,6611569,6611649,JUNC_228,1,-,GT,AG,0.9997421,0.9996296,0.9958273768424988,7.445319351973012e-05
NC_003070.9,6611811,6611919,JUNC_229,1,-,GT,AG,0.9999002,0.99969566,0.003417912172153592,0.0006227099220268428
NC_003070.9,6612027,6612105,JUNC_230,1,-,GT,AG,0.9891929,0.9790086,0.01387027744203806,0.18750236928462982
NC_003070.9,6644864,6644936,JUNC_5208,1,+,GT,AG,0.9999993,0.99999905,0.06975403428077698,0.9818097352981567
NC_003070.9,6645096,6646069,JUNC_5209,1,+,GT,AG,0.99999917,0.99999857,0.8866791129112244,0.20531699061393738
NC_003070.9,6646118,6646200,JUNC_5210,1,+,GT,AG,0.9999813,0.9999683,0.13915137946605682,0.6811205148696899
NC_003070.9,6646314,6646391,JUNC_5211,1,+,GT,AG,0.999984,0.99997926,0.6382693648338318,0.2127777338027954
NC_003070.9,6646476,6646554,JUNC_5212,1,+,GT,AG,4.989895e-05,0.00055968924,0.10257755219936371,0.8043586611747742
NC_003070.9,6646817,6646912,JUNC_5213,1,+,GT,AG,0.99996066,0.9999287,0.01986534334719181,0.031271133571863174
NC_003070.9,6647296,6647388,JUNC_5214,1,+,GT,AG,0.97745925,0.94084924,0.019544528797268867,0.04413623362779617
NC_003070.9,6647484,6647574,JUNC_5215,1,+,GC,AG,0.088426515,0.28876865,0.5719085931777954,0.17878705263137817
NC_003070.9,6647690,6647771,JUNC_5216,1,+,GT,AG,0.97240835,0.9841092,0.20371702313423157,0.3276568353176117
NC_003070.9,6647945,6648027,JUNC_5217,1,+,GT,AG,0.9149291,0.89562315,0.9915207028388977,0.15857793390750885
NC_003070.9,6648181,6648266,JUNC_5218,1,+,GT,AG,0.9997496,0.99793875,0.0035807795356959105,3.892339009325951e-05
NC_003070.9,6648458,6648550,JUNC_5219,1,+,GT,AG,0.23399979,0.17711942,0.7144758105278015,0.9973618388175964
NC_003070.9,6648679,6648760,JUNC_5220,1,+,GT,AG,0.99753916,0.99780554,0.9980029463768005,0.5072091221809387
NC_003070.9,6648839,6649039,JUNC_5221,1,+,GT,AG,0.029650446,0.031932272,0.9705786108970642,0.0008378212805837393
NC_003070.9,6663024,6663286,JUNC_8508,1,+,GT,AG,0.9458008,0.98872864,0.045668791979551315,0.884368360042572
NC_003070.9,6663512,6663621,JUNC_8509,1,+,GT,AG,1.0,1.0,0.4453311860561371,0.942025363445282
NC_003070.9,6663715,6663822,JUNC_8510,1,+,GT,AG,0.99999964,0.99999905,0.9351411461830139,0.05757230892777443
NC_003070.9,6664051,6664150,JUNC_8511,1,+,GT,AG,0.9969638,0.991058,0.02588883973658085,0.565933108329773
NC_003070.9,6664271,6664369,JUNC_8512,1,+,GT,AG,0.9998859,0.99974126,0.4981250464916229,0.489949494600296
NC_003070.9,6664453,6664582,JUNC_8513,1,+,GT,AG,0.9942983,0.99501747,1.932050736286328e-06,3.891652340826113e-06
NC_003070.9,6664702,6664804,JUNC_8514,1,+,GT,AG,0.9906254,0.99205834,3.0350508950505173e-06,0.9979550838470459
NC_003070.9,6665017,6665117,JUNC_8515,1,+,GT,AG,0.98399734,0.96575236,0.7039229869842529,6.115347787272185e-05
NC_003070.9,6665296,6665378,JUNC_8516,1,+,GT,AG,0.98856944,0.98924035,0.1161399632692337,0.17830400168895721
NC_003070.9,6665437,6665531,JUNC_8517,1,+,GT,AG,0.99997294,0.999925,0.6383123993873596,0.7936192154884338
NC_003070.9,6669266,6669375,JUNC_18380,1,+,GT,AG,0.99996936,0.99996054,7.012483547441661e-05,0.15632449090480804
NC_003070.9,6685293,6685371,JUNC_5251,1,+,GT,AG,0.9994554,0.99876165,2.2649799120699754e-06,0.862289309501648
NC_003070.9,6685502,6685617,JUNC_5252,1,+,GT,AG,0.99983746,0.9998696,0.3461776375770569,0.8192591071128845
NC_003070.9,6685651,6685809,JUNC_5253,1,+,GT,AG,0.9999696,0.99992275,0.0012755069183185697,0.0003155288577545434
NC_003070.9,6685885,6685973,JUNC_5254,1,+,GT,AG,0.999209,0.9996494,0.0017624737229198217,0.03732537850737572
NC_003070.9,6686151,6686244,JUNC_5255,1,+,GT,AG,0.9998298,0.9998753,9.142517228610814e-05,0.02469785138964653
NC_003070.9,6686334,6686419,JUNC_5256,1,+,GT,AG,0.9999567,0.9999405,0.11855529248714447,0.004684110637754202
NC_003070.9,6686519,6686658,JUNC_5257,1,+,GT,AG,0.98966414,0.96545523,0.12908805906772614,0.0005078003159724176
NC_003070.9,6688738,6688825,JUNC_16776,1,+,GT,AG,0.53503174,0.47879997,0.029364649206399918,0.2743149697780609
NC_003070.9,6688738,6688833,JUNC_14272,1,+,GT,AG,0.19345663,0.102471165,0.38101065158843994,0.0007776184938848019
NC_003070.9,6689104,6689421,JUNC_5930,1,+,GT,AG,0.9999857,0.9999442,0.11174958944320679,0.1492762565612793
NC_003070.9,6691787,6692040,JUNC_17137,1,-,GT,AG,1.0,1.0,0.08933718502521515,0.0746183767914772
NC_003070.9,6698344,6698434,JUNC_10725,1,+,GT,AG,0.9999553,0.99996495,0.02199604921042919,0.07751450687646866
NC_003070.9,6709783,6709888,JUNC_14300,1,+,GT,AG,0.9999759,0.99998295,0.04972197115421295,0.258088618516922
NC_003070.9,6709958,6710467,JUNC_14301,1,+,GT,AG,0.99988365,0.9999635,0.9897526502609253,0.9992523789405823
NC_003070.9,6712437,6712535,JUNC_17371,1,-,GT,AG,0.71097255,0.9606778,0.01812056265771389,0.000868947128765285
NC_003070.9,6712437,6712980,JUNC_2724,1,-,GT,AG,0.99999964,0.9999999,0.003120026085525751,0.9526386260986328
NC_003070.9,6713787,6714085,JUNC_9592,1,-,GT,AG,0.1267372,0.055647414,0.0047472515143454075,0.03324784338474274
NC_003070.9,6713787,6714168,JUNC_6703,1,-,GT,AG,0.904262,0.9349966,0.9591516256332397,0.9214211702346802
NC_003070.9,6714632,6714788,JUNC_9124,1,-,GT,AG,0.29194158,0.3359862,6.04917929081239e-08,0.009547549299895763
NC_003070.9,6714920,6715000,JUNC_9125,1,-,GT,AG,0.8761393,0.87437505,0.03201479837298393,0.0004563452093861997
NC_003070.9,6715138,6715227,JUNC_9126,1,-,GT,AG,0.95051825,0.9330043,0.9856761693954468,0.801129162311554
NC_003070.9,6715268,6715506,JUNC_9127,1,-,GT,AG,4.333119e-06,1.6550288e-05,0.9782570600509644,0.766429603099823
NC_003070.9,6716249,6716326,JUNC_9128,1,-,GT,AG,2.4031197e-06,3.758897e-06,0.9062812328338623,0.8138471245765686
NC_003070.9,6745649,6746125,JUNC_14299,1,+,GT,AG,0.99999225,0.99998426,0.01691395603120327,0.911666989326477
NC_003070.9,6754973,6755315,JUNC_18186,1,-,GT,AG,0.9994911,0.99884015,0.7748644351959229,0.007051992695778608
NC_003070.9,6765889,6766211,JUNC_4677,1,+,GT,AG,0.99983674,0.999721,0.07698078453540802,0.9472661018371582
NC_003070.9,6766352,6766444,JUNC_4678,1,+,GT,AG,0.99999225,0.9999746,0.9665353894233704,0.9872515201568604
NC_003070.9,6766688,6766774,JUNC_4679,1,+,GT,AG,0.9980185,0.99842143,0.44814175367355347,0.7358027100563049
NC_003070.9,6767710,6767781,JUNC_4780,1,-,GT,AG,0.97686577,0.93939453,0.49406731128692627,0.30545029044151306
NC_003070.9,6785523,6785609,JUNC_14612,1,-,GT,AG,0.027327416,0.035585474,0.15307830274105072,0.0024571919348090887
NC_003070.9,6785728,6785824,JUNC_14613,1,-,GT,AG,0.9999702,0.99993896,0.856846272945404,0.9646903872489929
NC_003070.9,6785931,6786043,JUNC_14614,1,-,GT,AG,0.9998542,0.99996793,0.0060847485437989235,0.8971885442733765
NC_003070.9,6786122,6786204,JUNC_14615,1,-,GT,AG,0.9999232,0.99973136,0.08133041113615036,0.003918459638953209
NC_003070.9,6786291,6786462,JUNC_14616,1,-,GT,AG,0.9995165,0.99986255,0.3444666564464569,0.1442011594772339
NC_003070.9,6786542,6786714,JUNC_14617,1,-,GT,AG,0.9911979,0.9858278,0.2636779546737671,0.10239142179489136
NC_003070.9,6786892,6787000,JUNC_14618,1,-,GT,AG,0.9804653,0.974019,0.08009610325098038,0.12634584307670593
NC_003070.9,6787150,6787359,JUNC_14619,1,-,GT,AG,0.9997837,0.99978834,0.0002317875623703003,0.04553139582276344
NC_003070.9,6787681,6787755,JUNC_14620,1,-,GT,AG,0.99999785,0.9999968,0.00011649506632238626,0.02139180898666382
NC_003070.9,6796451,6796528,JUNC_5258,1,-,GT,AG,0.0010156191,0.0003260847,0.07973489910364151,1.9567737297165877e-07
NC_003070.9,6796603,6796699,JUNC_5259,1,-,GT,AG,0.99998367,0.9999604,0.014116632752120495,0.0650879517197609
NC_003070.9,6797091,6797196,JUNC_5260,1,-,GT,AG,0.99819034,0.9986482,0.021448781713843346,0.5637969374656677
NC_003070.9,6797311,6797409,JUNC_5261,1,-,GT,AG,0.9999994,0.99999976,0.002549862489104271,0.09830064326524734
NC_003070.9,6797523,6797616,JUNC_5262,1,-,GT,AG,0.99999964,0.9999993,0.03101162053644657,0.23744098842144012
NC_003070.9,6797709,6797823,JUNC_5263,1,-,GT,AG,0.70314074,0.8854543,0.004725075792521238,0.020388394594192505
NC_003070.9,6797923,6798013,JUNC_5264,1,-,GT,AG,0.9985764,0.99922323,0.0779356062412262,0.002977407071739435
NC_003070.9,6798063,6798143,JUNC_5265,1,-,GT,AG,0.009130119,0.017168136,0.0010151459136977792,0.0005570264765992761
NC_003070.9,6798245,6798326,JUNC_5266,1,-,GT,AG,0.005280412,0.0023748435,0.0031186160631477833,0.01257345825433731
NC_003070.9,6798404,6798498,JUNC_5267,1,-,GT,AG,0.98668045,0.9889655,0.0008064405992627144,0.00012880234862677753
NC_003070.9,6798765,6798853,JUNC_5268,1,-,GT,AG,0.9998857,0.9997774,0.08259084820747375,0.08066356927156448
NC_003070.9,6798953,6799098,JUNC_5269,1,-,GT,AG,0.99561644,0.9970884,0.0005055295769125223,0.0352969691157341
NC_003070.9,6799384,6799503,JUNC_5270,1,-,GT,AG,0.9997855,0.9998863,0.05508793890476227,0.008893383666872978
NC_003070.9,6800268,6800357,JUNC_6344,1,-,GT,AG,0.99751556,0.997473,0.0014205131446942687,0.051170557737350464
NC_003070.9,6800643,6800732,JUNC_6346,1,-,GT,AG,0.9999995,0.9999994,0.04666493833065033,0.007226115558296442
NC_003070.9,6800851,6800988,JUNC_6347,1,-,GT,AG,0.056260392,0.3931992,0.8693292140960693,0.8269851803779602
NC_003070.9,6801063,6801200,JUNC_6348,1,-,GT,AG,0.9762804,0.97548646,0.001054286491125822,0.0021917899139225483
NC_003070.9,6801266,6801368,JUNC_6349,1,-,GT,AG,0.9927355,0.9937833,0.013275671750307083,0.0003041760646738112
NC_003070.9,6801425,6801522,JUNC_6350,1,-,GT,AG,0.80072594,0.83381414,0.6720932722091675,0.22924429178237915
NC_003070.9,6801572,6801671,JUNC_6351,1,-,GT,AG,0.999605,0.99932504,0.2220739871263504,0.6701608896255493
NC_003070.9,6801842,6801942,JUNC_6352,1,-,GT,AG,0.99955,0.99924994,0.7236605286598206,0.22438344359397888
NC_003070.9,6802247,6802561,JUNC_6353,1,-,GT,AG,0.9999342,0.99971753,0.9705538153648376,0.02196584641933441
NC_003070.9,6804500,6804653,JUNC_15347,1,-,GT,AG,0.9976488,0.996261,0.9952937960624695,0.9765966534614563
NC_003070.9,6815187,6815256,JUNC_3859,1,+,GT,AG,0.7240335,0.7815778,0.0016233357600867748,0.980406641960144
NC_003070.9,6815399,6815483,JUNC_3860,1,+,GT,AG,0.9999981,0.99999464,0.7647712230682373,0.6440102458000183
NC_003070.9,6815755,6815847,JUNC_3861,1,+,GT,AG,0.76194084,0.7249545,0.23270714282989502,0.05864524468779564
NC_003070.9,6816002,6816114,JUNC_3862,1,+,GT,AG,0.9999943,0.99998796,0.04129389300942421,0.04929863288998604
NC_003070.9,6817233,6817323,JUNC_5144,1,-,GT,AG,0.944858,0.9278151,0.20008710026741028,0.024231325834989548
NC_003070.9,6817548,6817794,JUNC_5145,1,-,GT,AG,0.9999982,0.9999975,0.07666673511266708,0.9743080139160156
NC_003070.9,6818169,6818249,JUNC_5146,1,-,GT,AG,0.99984485,0.99991965,0.9644174575805664,0.0008636452839709818
NC_003070.9,6818483,6818581,JUNC_5147,1,-,GT,AG,0.9999975,0.99999106,0.9306974411010742,0.9651302099227905
NC_003070.9,6819028,6819109,JUNC_5148,1,-,GT,AG,0.99999905,0.99999547,0.017474200576543808,0.6847548484802246
NC_003070.9,6827577,6827665,JUNC_13004,1,+,GT,AG,0.9999999,0.99999976,5.888693704036996e-05,0.7813595533370972
NC_003070.9,6827825,6828005,JUNC_13005,1,+,GT,AG,0.98742783,0.9782592,0.0018380623077973723,0.9996854066848755
NC_003070.9,6828187,6828916,JUNC_13006,1,+,GT,AG,0.10982846,0.089647345,0.03575267642736435,0.017035702243447304
NC_003070.9,6829154,6829405,JUNC_13007,1,+,GT,AG,0.9999455,0.99987984,0.132599338889122,0.005237837787717581
NC_003070.9,6829560,6829648,JUNC_13008,1,+,GT,AG,0.9974458,0.9950831,0.019164782017469406,0.5157866477966309
NC_003070.9,6829738,6829846,JUNC_13009,1,+,GT,AG,0.99979955,0.9997998,0.35388895869255066,0.9442834258079529
NC_003070.9,6829918,6830016,JUNC_13010,1,+,GT,AG,0.94448495,0.9667045,0.9875795245170593,0.9752375483512878
NC_003070.9,6832468,6832563,JUNC_15990,1,+,GT,AG,0.99963224,0.99962854,0.5783106088638306,0.34730684757232666
NC_003070.9,6846470,6846730,JUNC_16165,1,+,GT,AG,0.9997578,0.9995303,0.9494416117668152,0.42154592275619507
NC_003070.9,6846628,6846730,JUNC_2801,1,+,GT,AG,0.9236672,0.8322344,0.43944600224494934,0.3448580801486969
NC_003070.9,6846858,6846948,JUNC_2802,1,+,GT,AG,0.999666,0.99784,0.0007851129048503935,0.04588507488369942
NC_003070.9,6856568,6856662,JUNC_13502,1,-,GT,AG,0.99999833,0.9999969,0.8623031377792358,0.9041619896888733
NC_003070.9,6856720,6856802,JUNC_13503,1,-,GT,AG,0.99932265,0.99951434,0.4258159101009369,0.4742778241634369
NC_003070.9,6859041,6859118,JUNC_13504,1,-,GT,AG,1.0,1.0,0.005683257710188627,0.25115343928337097
NC_003070.9,6859338,6859438,JUNC_13505,1,-,GT,AG,0.9999708,0.9997725,0.014368584379553795,6.945621134946123e-05
NC_003070.9,6859513,6859698,JUNC_13506,1,-,GT,AG,0.99952185,0.99830556,0.9914087653160095,0.01109446119517088
NC_003070.9,6859513,6860097,JUNC_14372,1,-,GT,AG,0.9986128,0.99807656,0.006069199647754431,0.9975619316101074
NC_003070.9,6860198,6860383,JUNC_13507,1,-,GT,AG,2.6222068e-07,3.565467e-07,0.7348740100860596,0.001418193569406867
NC_003070.9,6905105,6905219,JUNC_3682,1,+,GT,AG,0.99999976,0.9999994,0.9396024346351624,0.9934410452842712
NC_003070.9,6905299,6905397,JUNC_3683,1,+,GT,AG,0.999987,0.9999074,0.1033627912402153,0.886056125164032
NC_003070.9,6905488,6905621,JUNC_3684,1,+,GT,AG,0.9997696,0.9995296,0.2985910475254059,0.39598193764686584
NC_003070.9,6937420,6937574,JUNC_5250,1,-,GT,AG,0.99816746,0.96771765,0.03838317468762398,0.0003087256627622992
NC_003070.9,6949301,6949439,JUNC_17002,1,+,GT,AG,0.29223987,0.063350454,0.09095446765422821,0.0050254566594958305
NC_003070.9,6949580,6949666,JUNC_17003,1,+,GT,AG,0.9999865,0.99998355,0.9561530351638794,0.9705225825309753
NC_003070.9,6949775,6949855,JUNC_17004,1,+,GT,AG,0.99999976,0.9999993,0.16786862909793854,0.026221485808491707
NC_003070.9,6956623,6956964,JUNC_10079,1,+,GT,AG,0.99990535,0.99987507,0.0502229742705822,0.8035978078842163
NC_003070.9,6957090,6957190,JUNC_10080,1,+,GT,AG,0.999887,0.99963725,0.7395800352096558,0.05245588347315788
NC_003070.9,6957231,6957528,JUNC_10081,1,+,GT,AG,0.82620335,0.8111075,0.7688109874725342,0.945098876953125
NC_003070.9,6962072,6962186,JUNC_14958,1,+,GT,AG,0.9201418,0.8335124,0.9279658198356628,0.9762790203094482
NC_003070.9,6962346,6962532,JUNC_1948,1,+,GC,AG,0.9999931,0.999998,0.16266773641109467,0.008937716484069824
NC_003070.9,6962631,6962716,JUNC_1949,1,+,GT,AG,0.9999759,0.99998116,0.9898014664649963,0.4557708501815796
NC_003070.9,6962767,6962868,JUNC_1950,1,+,GT,AG,0.9999877,0.99998593,0.9221075773239136,0.9719405770301819
NC_003070.9,6962992,6963085,JUNC_1951,1,+,GT,AG,0.9999963,0.99999726,0.6584858298301697,0.8789961934089661
NC_003070.9,6963204,6963277,JUNC_1952,1,+,GT,AG,0.917735,0.8148004,0.06553701311349869,0.4006880521774292
NC_003070.9,6963379,6963459,JUNC_1953,1,+,GT,AG,0.99955434,0.99962217,0.7158461809158325,0.1247909739613533
NC_003070.9,6963534,6963638,JUNC_1954,1,+,GT,AG,0.99926287,0.99945813,0.9052859544754028,0.49473345279693604
NC_003070.9,6963715,6963801,JUNC_1955,1,+,GT,AG,0.99992704,0.99993217,0.5417420864105225,0.5244254469871521
NC_003070.9,6964048,6964126,JUNC_1956,1,+,GT,AG,0.9999976,0.9999957,0.10306254774332047,0.17787182331085205
NC_003070.9,6964477,6964561,JUNC_1957,1,+,GT,AG,0.9998989,0.99936956,0.009224826470017433,7.550672307843342e-05
NC_003070.9,6964687,6964780,JUNC_1958,1,+,GT,AG,0.99999785,0.9999975,0.006347386632114649,0.040159836411476135
NC_003070.9,6969819,6969908,JUNC_15900,1,-,GT,AG,0.99999905,0.99999595,0.002127287210896611,0.018973790109157562
NC_003070.9,6970179,6970618,JUNC_15901,1,-,GT,AG,0.9997198,0.9991766,0.008054601028561592,0.000869886891450733
NC_003070.9,6975891,6976029,JUNC_5124,1,+,GT,AG,0.99817014,0.9961833,0.19427739083766937,0.0049142008647322655
NC_003070.9,6976160,6976262,JUNC_5125,1,+,GT,AG,0.99897027,0.9978902,0.3310841917991638,0.13277770578861237
NC_003070.9,6976496,6976581,JUNC_5126,1,+,GT,AG,0.9991678,0.9981553,0.4644731879234314,0.2625027000904083
NC_003070.9,6976837,6976923,JUNC_5127,1,+,GT,AG,0.95359856,0.98230815,0.013008789159357548,0.7310659289360046
NC_003070.9,6977803,6977931,JUNC_4770,1,+,GT,AG,0.91164637,0.64264786,0.9888353943824768,0.9584652781486511
NC_003070.9,6977956,6978046,JUNC_4771,1,+,GT,AG,0.0009022501,0.004889497,0.10925678163766861,0.9763927459716797
NC_003070.9,6978704,6978869,JUNC_4772,1,+,GT,AG,0.9999995,0.9999994,0.05529184266924858,0.13663984835147858
NC_003070.9,6979000,6979089,JUNC_4773,1,+,GT,AG,0.9999995,0.99999964,0.05292412266135216,0.04427157714962959
NC_003070.9,6979353,6979471,JUNC_4774,1,+,GT,AG,0.99999726,0.99999726,0.997760534286499,0.254309743642807
NC_003070.9,6979718,6979806,JUNC_4775,1,+,GT,AG,0.16015117,0.11389753,0.9777522683143616,0.9729831218719482
NC_003070.9,6987927,6988006,JUNC_10350,1,-,GT,AG,0.94407016,0.9386926,0.9952261447906494,0.7757670879364014
NC_003070.9,6988217,6988303,JUNC_10351,1,-,GT,AG,0.35103124,0.19085102,0.6089886426925659,0.997620165348053
NC_003070.9,6988418,6988529,JUNC_10352,1,-,GT,AG,0.5800954,0.4810993,0.005862763617187738,0.017266100272536278
NC_003070.9,6988772,6988850,JUNC_10353,1,-,GT,AG,0.99773955,0.9980735,0.1067822054028511,2.460650648572482e-06
NC_003070.9,6988951,6989020,JUNC_10354,1,-,GT,AG,0.9995993,0.9995982,0.0013466525124385953,0.040889620780944824
NC_003070.9,6989534,6989616,JUNC_10355,1,-,GT,AG,0.023916153,0.0710035,0.009047404862940311,0.6965270042419434
NC_003070.9,6989734,6989830,JUNC_10356,1,-,GT,AG,0.15547338,0.16036879,0.0004757582792080939,0.003338561626151204
NC_003070.9,6990096,6990182,JUNC_10357,1,-,GT,AG,0.0011045937,0.00031685963,0.06341403722763062,0.0027244205120950937
NC_003070.9,6991426,6991506,JUNC_3984,1,-,GT,AG,0.99472576,0.99459827,3.1667292205384e-05,0.46543917059898376
NC_003070.9,6991717,6991790,JUNC_3985,1,-,GT,AG,0.99142355,0.99140304,0.9654751420021057,1.9738663468160667e-05
NC_003070.9,6991905,6991986,JUNC_3986,1,-,GT,AG,0.98410654,0.9841636,0.9991505146026611,8.50664855533978e-06
NC_003070.9,6992229,6992337,JUNC_3987,1,-,GT,AG,0.996714,0.99464756,0.014186017215251923,0.0014604100724682212
NC_003070.9,6992438,6992515,JUNC_3988,1,-,GT,AG,0.9844701,0.9854483,0.4499600827693939,0.0007269061752595007
NC_003070.9,6993029,6993112,JUNC_3989,1,-,GT,AG,0.2528948,0.30998126,0.0008092285133898258,0.0052793994545936584
NC_003070.9,6993224,6993328,JUNC_3990,1,-,GT,AG,0.08144084,0.13118263,0.08882023394107819,0.900513768196106
NC_003070.9,6993582,6993669,JUNC_3991,1,-,GT,AG,0.7134699,0.7768674,0.8144834041595459,0.9603450298309326
NC_003070.9,6993784,6993897,JUNC_4468,1,-,GT,AG,0.6372169,0.621647,0.6956868171691895,0.00416815560311079
NC_003070.9,7001921,7002271,JUNC_18259,1,-,GT,AG,0.9995555,0.99940395,0.10506179928779602,0.0003236664633732289
NC_003070.9,7002511,7002878,JUNC_18260,1,-,GT,AG,0.99810106,0.99926716,0.01592717133462429,0.00031113860313780606
NC_003070.9,7002989,7003077,JUNC_18261,1,-,GT,AG,0.9987223,0.99844426,0.980853259563446,0.564150333404541
NC_003070.9,7003132,7003233,JUNC_18262,1,-,GT,AG,0.99999976,0.9999993,0.1742858588695526,0.9558215141296387
NC_003070.9,7003370,7003459,JUNC_18263,1,-,GT,AG,1.0,1.0,0.9467146992683411,0.9686384201049805
NC_003070.9,7003600,7003791,JUNC_18264,1,-,GT,AG,0.9999999,0.99999964,0.9270731806755066,0.9891272187232971
NC_003070.9,7003982,7004075,JUNC_18265,1,-,GT,AG,0.99999976,0.99999976,0.0001642515417188406,0.006322740111500025
NC_003070.9,7004175,7004310,JUNC_18266,1,-,GT,AG,0.9967847,0.99254006,0.03276820108294487,0.013030916452407837
NC_003070.9,7013094,7014497,JUNC_2063,1,-,GT,AG,0.21398282,0.45274785,0.09741699695587158,0.06918132305145264
NC_003070.9,7052269,7052362,JUNC_10682,1,-,GT,AG,0.9999994,0.9999962,0.00029508929583244026,0.0038536880165338516
NC_003070.9,7079124,7079224,JUNC_15965,1,-,GT,AG,0.8532348,0.7830377,0.026978475973010063,8.327535761054605e-05
NC_003070.9,7079280,7079353,JUNC_15966,1,-,GT,AG,0.004137118,0.004407649,0.9239010810852051,0.9628420472145081
NC_003070.9,7079414,7079507,JUNC_15967,1,-,GT,AG,0.99878174,0.9965564,0.019391952082514763,0.009594148956239223
NC_003070.9,7079581,7079701,JUNC_15968,1,-,GT,AG,1.0,1.0,0.21535193920135498,0.6027411818504333
NC_003070.9,7079782,7079892,JUNC_15969,1,-,GT,AG,0.9999988,0.9999981,0.00019759114366024733,0.10368360579013824
NC_003070.9,7079967,7080054,JUNC_15970,1,-,GT,AG,0.98425335,0.96456826,0.5793660283088684,0.00014372079749591649
NC_003070.9,7080174,7080251,JUNC_15971,1,-,GT,AG,0.99999964,0.9999987,0.0006716782809235156,1.546691419207491e-05
NC_003070.9,7080332,7080419,JUNC_15972,1,-,GT,AG,0.9999932,0.9999832,1.135454931500135e-05,0.0007435128791257739
NC_003070.9,7080488,7080652,JUNC_15973,1,-,GT,AG,0.9999912,0.9999794,0.07002575695514679,0.050507690757513046
NC_003070.9,7080724,7080851,JUNC_15974,1,-,GT,AG,0.9997886,0.9998403,0.13718409836292267,0.013204743154346943
NC_003070.9,7080898,7081406,JUNC_15975,1,-,GT,AG,0.9999442,0.99992096,0.9994134902954102,0.25144630670547485
NC_003070.9,7081518,7081689,JUNC_15976,1,-,GT,AG,0.99998283,0.9999933,0.9982779026031494,0.9989508390426636
NC_003070.9,7081798,7081891,JUNC_15977,1,-,GT,AG,1.0,1.0,0.9663575887680054,0.9985402822494507
NC_003070.9,7081968,7082066,JUNC_15978,1,-,GT,AG,0.021759702,0.008539288,0.9982813596725464,0.9380554556846619
NC_003070.9,7082226,7082357,JUNC_15979,1,-,GT,AG,0.9999442,0.9999796,0.9989590644836426,0.9960099458694458
NC_003070.9,7088674,7088767,JUNC_3781,1,-,GT,AG,0.01296952,0.0021900802,0.9961234927177429,0.9978399276733398
NC_003070.9,7088687,7088777,JUNC_9429,1,-,GT,AG,0.9999999,0.9999995,0.7065465450286865,0.9859246611595154
NC_003070.9,7100615,7100732,JUNC_9061,1,-,GT,AG,0.99993396,0.9999063,0.7244359254837036,0.024699917063117027
NC_003070.9,7100835,7100950,JUNC_9062,1,-,GT,AG,0.1119227,0.31380996,0.9872961044311523,0.970110297203064
NC_003070.9,7101018,7101102,JUNC_9063,1,-,GT,AG,0.52439195,0.56980455,0.9725675582885742,0.9880268573760986
NC_003070.9,7101248,7101625,JUNC_9064,1,-,GT,AG,0.99284863,0.9868014,0.995759904384613,0.8092617392539978
NC_003070.9,7104010,7104418,JUNC_3166,1,-,GT,AG,0.9999989,0.99999785,0.09628992527723312,0.9131945371627808
NC_003070.9,7104564,7104652,JUNC_3167,1,-,GT,AG,0.99995375,0.9999726,0.6223693490028381,0.0008043366833589971
NC_003070.9,7122140,7122218,JUNC_9290,1,-,GT,AG,0.9820002,0.96667,0.7577553391456604,0.12172107398509979
NC_003070.9,7122392,7122473,JUNC_9291,1,-,GT,AG,0.95839846,0.9673277,0.06838381290435791,0.974152684211731
NC_003070.9,7122605,7122735,JUNC_9292,1,-,GT,AG,0.99999917,0.99999833,0.6528090238571167,0.8031379580497742
NC_003070.9,7122834,7123004,JUNC_9293,1,-,GT,AG,0.9976037,0.9969649,0.7559119462966919,0.9821614027023315
NC_003070.9,7123076,7123153,JUNC_9294,1,-,GT,AG,0.9999498,0.99980897,0.8323244452476501,0.21666564047336578
NC_003070.9,7123210,7123311,JUNC_9295,1,-,GT,AG,0.99999857,0.99999726,0.7949689626693726,0.31317487359046936
NC_003070.9,7123506,7123673,JUNC_9296,1,-,GT,AG,0.99999833,0.9999962,0.4071863889694214,0.7583210468292236
NC_003070.9,7123768,7123844,JUNC_9297,1,-,GT,AG,0.9992121,0.9973086,0.3026622533798218,0.0025453674606978893
NC_003070.9,7123944,7124028,JUNC_9298,1,-,GT,AG,0.26437593,0.10987994,0.015874233096837997,0.006688342895358801
NC_003070.9,7124181,7124282,JUNC_9299,1,-,GT,AG,0.00020899682,0.00016628132,0.01199704222381115,0.021498875692486763
NC_003070.9,7125266,7125432,JUNC_9300,1,-,GT,AG,0.9999994,0.9999982,0.038379717618227005,2.840895831468515e-05
NC_003070.9,7125543,7125625,JUNC_9301,1,-,GT,AG,0.00055880693,0.0009484972,6.160692282719538e-05,0.0025122056249529123
NC_003070.9,7125797,7125895,JUNC_9302,1,-,GT,AG,0.9999999,1.0,0.1414089947938919,0.06228885054588318
NC_003070.9,7125993,7126088,JUNC_9303,1,-,GC,AG,0.99997604,0.9999881,0.00019249501929152757,0.14152804017066956
NC_003070.9,7126349,7126427,JUNC_9304,1,-,GT,AG,0.05741743,0.029719606,0.008852507919073105,0.7166958451271057
NC_003070.9,7129137,7129778,JUNC_8882,1,+,GT,AG,0.9999999,0.99999976,0.830213725566864,0.005728438030928373
NC_003070.9,7129831,7129924,JUNC_8883,1,+,GT,AG,0.99996376,0.99977714,0.03309445455670357,0.7188398241996765
NC_003070.9,7129991,7130087,JUNC_8884,1,+,GT,AG,0.99871826,0.9985899,0.18797381222248077,0.7466716170310974
NC_003070.9,7130141,7130308,JUNC_8885,1,+,GT,AG,0.9560537,0.9675289,0.161171555519104,0.037979014217853546
NC_003070.9,7133752,7134165,JUNC_8803,1,+,GT,AG,0.050006043,0.07410841,0.8932083249092102,0.1627456545829773
NC_003070.9,7143156,7144206,JUNC_8967,1,+,GT,AG,0.99662024,0.99807364,0.9513270854949951,0.8384459614753723
NC_003070.9,7144303,7144458,JUNC_8968,1,+,GT,AG,0.9996488,0.99980015,5.009800929656194e-07,5.338043820302119e-07
NC_003070.9,7144736,7144828,JUNC_8969,1,+,GT,AG,0.99999976,0.99999964,0.9734261631965637,0.04436763375997543
NC_003070.9,7145605,7145690,JUNC_8970,1,+,GT,AG,0.9991786,0.9985109,0.0034684031270444393,5.639667506329715e-05
NC_003070.9,7145780,7145879,JUNC_8971,1,+,GT,AG,0.97419447,0.94941485,0.0037884702906012535,0.00389767624437809
NC_003070.9,7146041,7146133,JUNC_8972,1,+,GT,AG,0.24449274,0.3192013,0.0010860313195735216,0.00407910393550992
NC_003070.9,7154549,7154757,JUNC_2679,1,+,GT,AG,0.38887316,0.17568812,0.0004341365129221231,0.45285943150520325
NC_003070.9,7154829,7155169,JUNC_2680,1,+,GT,AG,0.9987274,0.9902154,0.2606090009212494,0.7210464477539062
NC_003070.9,7155089,7155169,JUNC_8712,1,+,GT,AG,0.18120404,0.15099163,0.004968026652932167,6.1089695009286515e-06
NC_003070.9,7155980,7156061,JUNC_2681,1,+,GT,AG,0.99999213,0.9999683,6.156080780783668e-05,0.14150016009807587
NC_003070.9,7156109,7156183,JUNC_2682,1,+,GT,AG,1.0,0.9999999,0.9675182700157166,0.9969215989112854
NC_003070.9,7157096,7157192,JUNC_2683,1,+,GT,AG,0.9999999,0.99999917,0.007535374257713556,0.04498228803277016
NC_003070.9,7158682,7158764,JUNC_3783,1,-,GT,AG,0.9999932,0.9999974,0.005591272376477718,0.006235435605049133
NC_003070.9,7159156,7159256,JUNC_3784,1,-,GT,AG,0.99992883,0.99993205,9.146502270596102e-05,2.6278116820321884e-06
NC_003070.9,7159446,7159539,JUNC_3785,1,-,GT,AG,0.8047473,0.84921795,0.03148321062326431,0.08343791216611862
NC_003070.9,7159694,7159784,JUNC_3786,1,-,GT,AG,0.9999933,0.9999844,0.9825786352157593,0.7076271772384644
NC_003070.9,7159832,7159922,JUNC_3787,1,-,GT,AG,0.9999734,0.99995816,0.7432481646537781,0.9854921698570251
NC_003070.9,7169464,7169575,JUNC_8457,1,+,GC,AG,0.9197296,0.88088936,0.9885407090187073,0.46585366129875183
NC_003070.9,7169498,7169565,JUNC_8114,1,+,GT,AG,8.7707456e-05,1.9200961e-05,0.9972547888755798,0.9894943833351135
NC_003070.9,7169762,7169845,JUNC_8115,1,+,GT,AG,0.9999988,0.9999975,0.0021472065709531307,0.008185033686459064
NC_003070.9,7170070,7170208,JUNC_8116,1,+,GT,AG,0.999998,0.99999666,0.0014189430512487888,0.682280957698822
NC_003070.9,7170367,7170449,JUNC_8117,1,+,GT,AG,0.99996984,0.99995756,0.9707550406455994,5.906507431063801e-05
NC_003070.9,7173134,7173223,JUNC_18163,1,+,GT,AG,0.999987,0.9999906,0.000840292836073786,0.9383333325386047
NC_003070.9,7179625,7179816,JUNC_17056,1,+,GT,AG,0.5370637,0.24086903,0.9049786329269409,0.5051072239875793
NC_003070.9,7179865,7179998,JUNC_17057,1,+,GT,AG,0.99879533,0.9976623,0.9890962243080139,0.9967344403266907
NC_003070.9,7180094,7180367,JUNC_17058,1,+,GT,AG,0.99998856,0.9999938,0.9963052272796631,0.950401246547699
NC_003070.9,7180425,7180536,JUNC_17059,1,+,GT,AG,0.999995,0.99999034,0.9856113195419312,0.9504361152648926
NC_003070.9,7180581,7180673,JUNC_17060,1,+,GT,AG,0.9999982,0.9999896,0.8819677829742432,0.9570688605308533
NC_003070.9,7181069,7181156,JUNC_17061,1,+,GT,AG,0.99999714,0.9999931,0.6433208584785461,0.7973698973655701
NC_003070.9,7200457,7200501,JUNC_3874,1,+,GT,AG,1.3128712e-08,1.8322226e-08,0.9956130981445312,0.9084102511405945
NC_003070.9,7200728,7200806,JUNC_3875,1,+,GT,AG,0.9997516,0.999681,0.9151738286018372,0.9525494575500488
NC_003070.9,7201031,7201145,JUNC_3876,1,+,GT,AG,1.0,1.0,0.9568988680839539,0.6124353408813477
NC_003070.9,7201289,7201397,JUNC_3877,1,+,GT,AG,0.9999995,0.9999982,0.033430326730012894,0.054078176617622375
NC_003070.9,7224017,7224175,JUNC_16266,1,+,TT,CT,1.1896558e-11,2.0653787e-10,0.010550576262176037,0.0007770591764710844
NC_003070.9,7225424,7225469,JUNC_4454,1,-,GT,GT,0.047712043,0.07602365,0.0018406339222565293,0.005531288217753172
NC_003070.9,7233906,7234274,JUNC_2884,1,+,GT,AG,0.99698776,0.9991872,0.21357294917106628,0.0006373202777467668
NC_003070.9,7234349,7234429,JUNC_2885,1,+,GT,AG,0.99888045,0.99828565,0.02181931585073471,0.0027039519045501947
NC_003070.9,7234582,7234670,JUNC_2886,1,+,GT,AG,1.0,1.0,0.8340939283370972,0.9668614864349365
NC_003070.9,7234769,7234857,JUNC_2887,1,+,GT,AG,0.9999999,0.99999976,0.003927777986973524,0.6116527318954468
NC_003070.9,7243384,7243753,JUNC_3717,1,+,GT,AG,0.9999682,0.99998295,0.9838089346885681,0.0005393779138103127
NC_003070.9,7243926,7244094,JUNC_3718,1,+,GT,AG,0.9995301,0.99956983,0.9660474061965942,0.9861960411071777
NC_003070.9,7244482,7244577,JUNC_3719,1,+,GT,AG,0.99995315,0.99995756,0.055056702345609665,0.8605774641036987
NC_003070.9,7262592,7262673,JUNC_18297,1,-,GT,AG,0.9750131,0.9922661,0.9759595990180969,0.6622695922851562
NC_003070.9,7262757,7262873,JUNC_18298,1,-,GT,AG,0.16464312,0.46215513,0.9326930642127991,0.9611703157424927
NC_003070.9,7263181,7263284,JUNC_18299,1,-,GT,AG,0.9995691,0.9987515,0.0006943999323993921,0.0074342163279652596
NC_003070.9,7263327,7263870,JUNC_18300,1,-,GT,AG,0.9999962,0.9999982,0.03888130187988281,0.0028745108284056187
NC_003070.9,7263997,7264139,JUNC_18301,1,-,GT,AG,0.99879533,0.9984059,0.07219888269901276,0.0006070806412026286
NC_003070.9,7264284,7264627,JUNC_18302,1,-,GT,AG,0.9999944,0.9999893,0.0019107797415927052,0.011916198767721653
NC_003070.9,7285435,7285560,JUNC_16296,1,+,GT,AG,0.00014004891,3.8118265e-05,0.019589992240071297,0.027192894369363785
NC_003070.9,7288843,7288999,JUNC_16297,1,+,GT,AG,0.9974579,0.99861395,0.0035546179860830307,0.024760117754340172
NC_003070.9,7337925,7338006,JUNC_15342,1,+,GT,AG,0.025106084,0.100039735,0.9259999990463257,0.9905565977096558
NC_003070.9,7338210,7338297,JUNC_15343,1,+,GT,AG,0.9998535,0.9996779,0.0006524519412778318,0.6482737064361572
NC_003070.9,7338513,7338770,JUNC_15344,1,+,GT,AG,0.9989618,0.9992774,0.38777557015419006,0.47055330872535706
NC_003070.9,7371857,7371946,JUNC_594,1,+,GT,AG,0.99285674,0.9965257,0.9908973574638367,0.3522328734397888
NC_003070.9,7372013,7372133,JUNC_13553,1,+,GT,AG,0.21938333,0.32289785,0.4328639507293701,0.993744432926178
NC_003070.9,7372160,7372247,JUNC_596,1,+,GT,AG,0.9999168,0.99991226,0.007388168480247259,0.0001092418169719167
NC_003070.9,7372532,7372609,JUNC_597,1,+,GT,AG,0.7222002,0.5827838,0.030888298526406288,0.00027323217364028096
NC_003070.9,7372959,7373054,JUNC_598,1,+,GT,AG,0.99932015,0.99793935,0.00019543089729268104,0.000646536354906857
NC_003070.9,7373154,7373237,JUNC_599,1,+,GT,AG,0.9999969,0.99999666,0.003697281703352928,0.00014845778059680015
NC_003070.9,7373291,7373370,JUNC_600,1,+,GT,AG,0.9985576,0.9988945,0.004677535034716129,0.041126739233732224
NC_003070.9,7373457,7373542,JUNC_601,1,+,GT,AG,0.9757042,0.9749976,0.018292900174856186,0.9098494648933411
NC_003070.9,7373671,7373761,JUNC_602,1,+,GT,AG,0.999879,0.9999366,0.9400205612182617,0.5592436790466309
NC_003070.9,7374503,7374622,JUNC_10919,1,+,GT,AG,0.1892664,0.2953195,0.7818729877471924,0.00037985967355780303
NC_003070.9,7374683,7374793,JUNC_10920,1,+,GT,AG,0.99993265,0.9999708,0.004590698517858982,0.7087138891220093
NC_003070.9,7374888,7374967,JUNC_10921,1,+,GT,AG,0.9999999,0.9999999,0.0010165850399062037,7.03722980688326e-05
NC_003070.9,7375001,7375165,JUNC_10922,1,+,GT,AG,0.99857557,0.9993686,0.004191604442894459,0.00012929647346027195
NC_003070.9,7375220,7375319,JUNC_10923,1,+,GT,AG,0.99999535,0.9999893,0.1702415943145752,0.00020668262732215226
NC_003070.9,7375362,7375572,JUNC_10924,1,+,GT,AG,0.096921265,0.26822788,0.0005005795392207801,0.0019798462744802237
NC_003070.9,7390409,7390502,JUNC_17161,1,-,GT,AG,0.9999876,0.9999871,6.371442577801645e-05,4.283207601929462e-07
NC_003070.9,7390875,7390970,JUNC_17162,1,-,GT,AG,0.9999858,0.99997246,4.980324206371733e-07,0.003084629774093628
NC_003070.9,7445828,7445902,JUNC_16997,1,+,GT,AG,0.9999975,0.9999969,0.01717861369252205,5.469102688948624e-06
NC_003070.9,7446073,7446149,JUNC_16998,1,+,GT,AG,0.9995127,0.99718213,0.14152704179286957,0.9830684065818787
NC_003070.9,7462934,7463140,JUNC_14131,1,-,GT,AG,0.9995363,0.99979573,0.6012937426567078,0.07821623235940933
NC_003070.9,7463222,7463319,JUNC_14132,1,-,GT,AG,0.4355704,0.3185368,0.16343696415424347,0.026974869892001152
NC_003070.9,7463381,7463466,JUNC_14133,1,-,GT,AG,0.94582874,0.97769505,0.09297093003988266,0.2460446059703827
NC_003070.9,7463752,7463836,JUNC_14134,1,-,GT,AG,0.9999287,0.99976724,0.914478600025177,0.02737809158861637
NC_003070.9,7463970,7466067,JUNC_17081,1,-,GT,AG,0.99998796,0.99999225,0.38441088795661926,0.5884389281272888
NC_003070.9,7481533,7481679,JUNC_10189,1,+,GT,AG,0.9961079,0.9966072,0.037490230053663254,0.4292711913585663
NC_003070.9,7481735,7482134,JUNC_10190,1,+,GT,AG,0.9862941,0.9882188,0.00366614549420774,0.009592561051249504
NC_003070.9,7482265,7482598,JUNC_10191,1,+,GT,AG,0.9996718,0.99973994,0.878511905670166,0.9942250847816467
NC_003070.9,7482734,7482911,JUNC_10192,1,+,GT,AG,0.99999976,0.99999917,0.002106746891513467,0.39082926511764526
NC_003070.9,7483055,7483201,JUNC_10193,1,+,GT,AG,0.99999976,0.99999976,0.9960355162620544,0.0022872374393045902
NC_003070.9,7483997,7484177,JUNC_15956,1,+,GT,AG,0.64900357,0.79745156,2.0166526155662723e-05,0.9924799203872681
NC_003070.9,7484838,7484919,JUNC_15957,1,+,GT,AG,0.98016363,0.9962633,0.10950198024511337,0.8781932592391968
NC_003070.9,7485041,7485133,JUNC_15958,1,+,GT,AG,0.9966774,0.99390876,0.23089025914669037,1.877864087873604e-05
NC_003070.9,7489481,7489904,JUNC_17475,1,-,GT,AG,0.998546,0.99958533,0.00034556325408630073,0.996657133102417
NC_003070.9,7493725,7494443,JUNC_5360,1,+,GT,AG,0.99999964,0.99999917,0.9983373880386353,9.333919479104225e-06
NC_003070.9,7494581,7494662,JUNC_5361,1,+,GT,AG,0.94394267,0.9260266,0.9916039109230042,0.7927776575088501
NC_003070.9,7494845,7494922,JUNC_5362,1,+,GT,AG,0.9968219,0.9956702,0.09188928455114365,0.7294752597808838
NC_003070.9,7495080,7495166,JUNC_5363,1,+,GT,AG,0.99900526,0.9992436,0.66305011510849,0.45074963569641113
NC_003070.9,7495266,7495365,JUNC_5364,1,+,GT,AG,0.9997832,0.99987113,0.9754971265792847,0.9080658555030823
NC_003070.9,7495477,7495571,JUNC_5365,1,+,GT,AG,0.99998295,0.9999596,0.0820927619934082,0.25485676527023315
NC_003070.9,7495711,7495800,JUNC_5366,1,+,GT,AG,0.99999976,0.9999994,0.967303991317749,0.7972763776779175
NC_003070.9,7495986,7496072,JUNC_5367,1,+,GT,AG,0.9999999,0.9999995,0.9656792879104614,0.8725858330726624
NC_003070.9,7497234,7497440,JUNC_4616,1,+,GT,AG,0.99987614,0.99965394,0.0553291030228138,0.9967043995857239
NC_003070.9,7497696,7498244,JUNC_4617,1,+,GT,AG,0.9999112,0.99995935,0.0018462345469743013,0.019529689103364944
NC_003070.9,7498593,7498697,JUNC_4618,1,+,GT,AG,0.23268637,0.20151573,0.06460268795490265,0.917294442653656
NC_003070.9,7498839,7499012,JUNC_4619,1,+,GT,AG,0.17978114,0.28888133,0.27382561564445496,0.0009887898340821266
NC_003070.9,7512206,7512293,JUNC_17000,1,-,GT,AG,0.9937593,0.99618644,0.0037358971312642097,0.1444493681192398
NC_003070.9,7512413,7512506,JUNC_8108,1,-,GT,AG,0.9946374,0.9948236,0.043060917407274246,0.0016521133948117495
NC_003070.9,7512786,7512882,JUNC_8109,1,-,GT,AG,0.9924942,0.98840487,0.0202002115547657,0.029001997783780098
NC_003070.9,7512978,7513093,JUNC_8110,1,-,GT,AG,0.9842383,0.982948,0.9949711561203003,0.0035095163621008396
NC_003070.9,7513130,7513247,JUNC_8111,1,-,GT,AG,0.99359673,0.9886651,0.0016540908254683018,0.3288222551345825
NC_003070.9,7516410,7516519,JUNC_16298,1,-,GT,AG,0.99999774,0.9999982,0.6548284888267517,0.005362883675843477
NC_003070.9,7516635,7516721,JUNC_16299,1,-,GT,AG,0.9996119,0.9998596,0.03265432268381119,0.997772753238678
NC_003070.9,7519345,7519445,JUNC_16865,1,-,GT,AG,0.99766135,0.9934954,0.3000178337097168,0.0005327614489942789
NC_003070.9,7519581,7519675,JUNC_16866,1,-,GT,AG,0.86504894,0.8842868,0.32408612966537476,0.33132049441337585
NC_003070.9,7519819,7519954,JUNC_16867,1,-,GT,AG,0.99154836,0.9798353,0.9977113008499146,0.8791996240615845
NC_003070.9,7520173,7520430,JUNC_16868,1,-,GT,AG,0.99958616,0.99960476,0.8355908989906311,0.9989784955978394
NC_003070.9,7520500,7520599,JUNC_16869,1,-,GT,AG,0.9998422,0.9997749,0.9998188614845276,0.9970410466194153
NC_003070.9,7520664,7520771,JUNC_16870,1,-,GT,AG,0.9995121,0.99880505,0.9988651275634766,0.9832982420921326
NC_003070.9,7520918,7521048,JUNC_16871,1,-,GT,AG,0.9983114,0.9937676,0.9571641683578491,0.9762638807296753
NC_003070.9,7530302,7530829,JUNC_3607,1,-,GT,AG,0.99989486,0.99992454,0.9970101118087769,0.8821520805358887
NC_003070.9,7545900,7546042,JUNC_17633,1,-,GT,AG,0.034943715,0.015793703,0.0004079279606230557,0.028378188610076904
NC_003070.9,7554858,7554932,JUNC_16618,1,+,GT,AG,0.30792698,0.47325757,6.864837632747367e-05,0.055098243057727814
NC_003070.9,7554975,7555182,JUNC_1579,1,+,GT,AG,0.9999944,0.9999801,0.0009344595018774271,0.0009218404884450138
NC_003070.9,7555007,7555369,JUNC_3777,1,+,GT,AG,0.99993527,0.9999459,0.6625638008117676,0.2601434886455536
NC_003070.9,7556032,7556131,JUNC_1580,1,+,GT,AG,0.99998367,0.9999485,0.02665828727185726,6.445611688832287e-06
NC_003070.9,7556348,7556539,JUNC_1581,1,+,GT,AG,0.9999635,0.9999653,0.029998663812875748,0.6023373603820801
NC_003070.9,7556628,7556720,JUNC_1582,1,+,GT,AG,0.9999269,0.99989283,0.7041484117507935,0.8485803604125977
NC_003070.9,7558211,7558474,JUNC_9335,1,-,GT,AG,0.004967122,0.0045486395,0.01144237071275711,0.9929285645484924
NC_003070.9,7559031,7559114,JUNC_9336,1,-,GT,AG,0.999995,0.9999887,0.9989399313926697,0.7931696772575378
NC_003070.9,7559205,7559438,JUNC_9337,1,-,GT,AG,0.9992891,0.9994149,0.11960506439208984,0.32445481419563293
NC_003070.9,7559513,7559648,JUNC_9338,1,-,GT,AG,0.99999,0.9999796,0.288982629776001,0.053348608314991
NC_003070.9,7559745,7559849,JUNC_9339,1,-,GT,AG,0.2898927,0.394834,0.026589464396238327,0.04826517403125763
NC_003070.9,7560000,7560092,JUNC_9340,1,-,GT,AG,0.65426356,0.6759492,0.031069139018654823,9.170023258775473e-05
NC_003070.9,7560288,7560572,JUNC_9341,1,-,GT,AG,0.9999856,0.99992764,1.53185010276502e-06,0.0016473035793751478
NC_003070.9,7574343,7574955,JUNC_2139,1,+,GT,AG,0.9999995,0.9999988,0.31219401955604553,0.8392854928970337
NC_003070.9,7575042,7575192,JUNC_2140,1,+,GT,AG,0.16147074,0.6869739,0.6221787333488464,0.019833020865917206
NC_003070.9,7575285,7575358,JUNC_2141,1,+,GT,AG,0.9998828,0.9998777,0.9199826717376709,0.021132590249180794
NC_003070.9,7575435,7575830,JUNC_2142,1,+,GT,AG,0.9999993,0.9999994,0.048088520765304565,0.17426052689552307
NC_003070.9,7575957,7576038,JUNC_2143,1,+,GT,AG,0.99154574,0.9744485,0.9887002110481262,0.9456722140312195
NC_003070.9,7576380,7576584,JUNC_2144,1,+,GT,AG,0.9999759,0.9999864,0.5088258385658264,0.8108714818954468
NC_003070.9,7576666,7576751,JUNC_2145,1,+,GT,AG,0.9923293,0.99638677,0.17562077939510345,0.9792161583900452
NC_003070.9,7576864,7576951,JUNC_2146,1,+,GT,AG,0.7653779,0.307736,0.08556833118200302,0.06153477728366852
NC_003070.9,7577035,7577220,JUNC_2147,1,+,GT,AG,0.99911267,0.9996395,0.009057234972715378,9.341005352325737e-06
NC_003070.9,7577346,7577627,JUNC_2148,1,+,GT,AG,0.9999999,0.9999999,0.019325023517012596,0.15790295600891113
NC_003070.9,7577896,7578051,JUNC_2149,1,+,GT,AG,0.9999995,0.9999981,0.27709317207336426,0.00181152846198529
NC_003070.9,7578162,7578250,JUNC_2150,1,+,GT,AG,0.9999591,0.9997904,0.009409816935658455,0.8920731544494629
NC_003070.9,7581603,7582230,JUNC_4247,1,+,GT,AG,0.9999981,0.9999924,0.8562549352645874,0.7200531363487244
NC_003070.9,7583461,7583755,JUNC_4248,1,+,GT,AG,0.7631148,0.7918953,0.7691718339920044,0.2511647045612335
NC_003070.9,7583974,7584052,JUNC_4249,1,+,GT,AG,0.99872434,0.99588877,0.0005489892209880054,0.0014184381579980254
NC_003070.9,7584276,7584340,JUNC_10335,1,+,GC,AG,0.33222145,0.23639677,0.9547009468078613,0.9698379039764404
NC_003070.9,7584430,7584694,JUNC_10336,1,+,GT,AG,0.9854822,0.97290254,0.9612582921981812,0.9983177185058594
NC_003070.9,7584769,7585018,JUNC_4251,1,+,GT,AG,1.0,1.0,0.9961987137794495,0.00163481873460114
NC_003070.9,7585090,7585175,JUNC_4252,1,+,GT,AG,0.99976164,0.99970853,0.9908064007759094,0.9230566620826721
NC_003070.9,7585274,7585377,JUNC_4253,1,+,GT,AG,1.0,0.9999999,0.894836962223053,0.9647765755653381
NC_003070.9,7585449,7585523,JUNC_10337,1,+,GT,AG,0.99554545,0.98311305,0.6436659693717957,0.9061655402183533
NC_003070.9,7585635,7585907,JUNC_4255,1,+,GT,AG,0.99999857,0.99999785,0.5161843299865723,0.9234223961830139
NC_003070.9,7585976,7586162,JUNC_4256,1,+,GT,AG,1.0,1.0,0.9958207607269287,0.3802312910556793
NC_003070.9,7586463,7586628,JUNC_4257,1,+,GT,AG,1.0,1.0,0.9548131227493286,0.9805906414985657
NC_003070.9,7586740,7586875,JUNC_4258,1,+,GT,AG,1.0,1.0,0.9967198967933655,0.9780895113945007
NC_003070.9,7615718,7615804,JUNC_1068,1,+,GT,AG,0.5351121,0.35398743,0.6268346309661865,0.9759584665298462
NC_003070.9,7615847,7616027,JUNC_9535,1,+,GT,AG,0.99913687,0.9993881,0.9760901927947998,0.47977539896965027
NC_003070.9,7616107,7616603,JUNC_1070,1,+,GT,AG,0.99975866,0.9998142,0.9599515795707703,0.9944106936454773
NC_003070.9,7616726,7616815,JUNC_1071,1,+,GT,AG,0.9967824,0.9963482,0.9987974166870117,0.7027461528778076
NC_003070.9,7616885,7616966,JUNC_1072,1,+,GT,AG,0.9984243,0.9964384,0.12353364378213882,3.071135142818093e-05
NC_003070.9,7617040,7617241,JUNC_1073,1,+,GT,AG,0.9995489,0.9992135,0.9098490476608276,0.9029537439346313
NC_003070.9,7617362,7617440,JUNC_1074,1,+,GT,AG,0.99999213,0.99996173,0.023125626146793365,0.8272834420204163
NC_003070.9,7617503,7617588,JUNC_1075,1,+,GT,AG,0.9528081,0.9511029,0.714697539806366,0.004268934018909931
NC_003070.9,7617648,7617747,JUNC_1076,1,+,GT,AG,0.9883519,0.9814657,0.00011890906898770481,0.3206363320350647
NC_003070.9,7617873,7617956,JUNC_1077,1,+,GT,AG,0.99962926,0.99928254,3.879817813867703e-05,0.051311224699020386
NC_003070.9,7618043,7618269,JUNC_9536,1,+,GT,AG,0.9999938,0.9999927,2.5721503789100097e-06,3.5793837014352903e-06
NC_003070.9,7620731,7620827,JUNC_18276,1,-,GT,AG,0.9971422,0.9816035,0.3088721036911011,0.0267468448728323
NC_003070.9,7621003,7621104,JUNC_18277,1,-,GT,AG,0.99997663,0.99997365,0.0070349667221307755,0.4767643213272095
NC_003070.9,7621172,7621267,JUNC_18278,1,-,GT,AG,0.9998242,0.9996984,0.9869949221611023,0.8514923453330994
NC_003070.9,7621353,7621548,JUNC_18279,1,-,GT,AG,0.99984497,0.99997175,0.9847840070724487,0.0017685964703559875
NC_003070.9,7621622,7621714,JUNC_18280,1,-,GT,AG,0.86426616,0.9347229,0.013756051659584045,0.032310210168361664
NC_003070.9,7622072,7622228,JUNC_18281,1,-,GT,AG,0.9980673,0.99880373,0.1206151694059372,2.772929292405024e-06
NC_003070.9,7622767,7623293,JUNC_18282,1,-,GT,AG,0.9994267,0.99961823,0.12112928926944733,5.88542825425975e-05
NC_003070.9,7623824,7623962,JUNC_18283,1,-,GT,AG,0.9995434,0.9996001,3.5532386846170994e-06,0.06283450871706009
NC_003070.9,7645939,7646329,JUNC_2008,1,+,GT,AG,0.99999344,0.99999344,0.08929307758808136,8.137271265695745e-07
NC_003070.9,7646360,7646470,JUNC_2009,1,+,GT,AG,0.9999994,0.9999994,0.010098465718328953,0.15925952792167664
NC_003070.9,7646758,7646850,JUNC_2010,1,+,GT,AG,1.0,1.0,0.8321304321289062,0.19823671877384186
NC_003070.9,7647039,7647115,JUNC_2011,1,+,GT,AG,1.0,1.0,0.9828610420227051,0.8758588433265686
NC_003070.9,7647241,7647552,JUNC_2012,1,+,GT,AG,1.0,1.0,0.6813509464263916,0.9925859570503235
NC_003070.9,7647690,7647786,JUNC_2013,1,+,GT,AG,0.99999666,0.9999858,0.9495388865470886,0.3362000584602356
NC_003070.9,7648024,7648115,JUNC_2014,1,+,GT,AG,1.0,1.0,0.2592252492904663,0.9605229496955872
NC_003070.9,7648228,7648304,JUNC_2015,1,+,GT,AG,0.99999976,0.9999989,0.9966728687286377,0.4821060597896576
NC_003070.9,7648411,7648634,JUNC_3302,1,+,GA,AG,7.173705e-08,9.4531764e-08,0.9990372657775879,0.996103048324585
NC_003070.9,7649521,7649719,JUNC_17811,1,+,GT,AG,0.97972953,0.9822144,0.9939070343971252,0.9796878695487976
NC_003070.9,7649803,7649895,JUNC_7042,1,+,GT,AG,0.9980818,0.9956317,0.015532998368144035,0.0013542391825467348
NC_003070.9,7650008,7650102,JUNC_7043,1,+,GT,AG,0.97285503,0.955357,8.332743163919076e-05,0.0033750226721167564
NC_003070.9,7650316,7650450,JUNC_7044,1,+,GT,AG,0.96342313,0.9641467,0.003903005039319396,0.000934427254833281
NC_003070.9,7650524,7650618,JUNC_7045,1,+,GT,AG,0.99944407,0.9995528,0.0005636802525259554,0.0013621564721688628
NC_003070.9,7650672,7650767,JUNC_7046,1,+,GT,AG,0.999987,0.99999,0.0005139214335940778,0.024611886590719223
NC_003070.9,7650875,7650963,JUNC_7047,1,+,GT,AG,0.9999989,0.9999995,0.9984704852104187,2.6766745577333495e-05
NC_003070.9,7651022,7651253,JUNC_7048,1,+,GT,AG,0.9999999,0.99999976,0.33787447214126587,0.8778212070465088
NC_003070.9,7651464,7651553,JUNC_7049,1,+,GT,AG,0.9999994,0.9999995,0.08945824205875397,0.425997793674469
NC_003070.9,7652275,7652373,JUNC_4303,1,+,GT,AG,3.7821264e-06,3.5801734e-06,0.0008811645093373954,0.0001753023243509233
NC_003070.9,7652588,7652667,JUNC_4304,1,+,GT,AG,0.9999995,0.99999917,0.00010825345816556364,0.0009108916856348515
NC_003070.9,7652813,7653053,JUNC_4305,1,+,GT,AG,0.99999917,0.9999993,0.5946998000144958,0.0026372610591351986
NC_003070.9,7653169,7653260,JUNC_4306,1,+,GT,AG,0.9985588,0.99863595,0.0018787195440381765,0.9489703178405762
NC_003070.9,7654615,7654892,JUNC_2054,1,+,GT,AG,0.088179775,0.060617313,0.9996484518051147,0.9146450161933899
NC_003070.9,7655170,7655361,JUNC_2055,1,+,GT,AG,0.2475734,0.1259813,0.9863676428794861,0.9977107048034668
NC_003070.9,7656964,7657050,JUNC_10116,1,-,GT,AG,1.0,1.0,0.5464421510696411,0.00012214339221827686
NC_003070.9,7658456,7658540,JUNC_10117,1,-,GT,AG,1.0,1.0,0.00249954080209136,0.21064649522304535
NC_003070.9,7704612,7704689,JUNC_14137,1,-,GT,AG,0.99998915,0.9999676,0.9938282370567322,0.6284928917884827
NC_003070.9,7704918,7705000,JUNC_14138,1,-,GT,AG,0.7944469,0.68135387,0.9241681694984436,0.9752011299133301
NC_003070.9,7759987,7760064,JUNC_13797,1,-,GT,AG,0.10092804,0.07594581,0.004713625181466341,0.006429034750908613
NC_003070.9,7768051,7768345,JUNC_9032,1,+,GT,AG,0.9994103,0.9997485,0.017643893137574196,0.004083774518221617
NC_003070.9,7792412,7792627,JUNC_10494,1,-,GT,AG,0.99909174,0.9974457,0.19044184684753418,0.9276713132858276
NC_003070.9,7792715,7792789,JUNC_10495,1,-,GT,AG,0.9985378,0.9955856,0.012156159617006779,0.0019417180446907878
NC_003070.9,7792977,7793224,JUNC_10496,1,-,GT,AG,0.99997926,0.99997973,0.9361222982406616,0.9609386324882507
NC_003070.9,7793312,7793388,JUNC_10497,1,-,GT,AG,0.9999751,0.9999639,0.6415481567382812,0.9007595777511597
NC_003070.9,7793735,7793810,JUNC_10498,1,-,GT,AG,0.99999774,0.99999666,0.5492037534713745,0.39931294322013855
NC_003070.9,7794281,7794360,JUNC_10499,1,-,GT,AG,0.9995547,0.9987959,0.9716923236846924,0.420708566904068
NC_003070.9,7794629,7794738,JUNC_10500,1,-,GT,AG,0.019023295,0.038418293,0.863008975982666,0.9877558946609497
NC_003070.9,7795774,7795882,JUNC_4680,1,+,GT,AG,0.99943066,0.9994431,0.9246242046356201,0.6713511943817139
NC_003070.9,7796032,7796132,JUNC_4681,1,+,GT,AG,0.99999976,0.9999995,0.01513652503490448,0.9960971474647522
NC_003070.9,7796319,7796405,JUNC_4682,1,+,GT,AG,0.9999887,0.9999751,0.020005034282803535,0.06380831450223923
NC_003070.9,7796527,7796676,JUNC_4683,1,+,GT,AG,1.0,1.0,0.45686274766921997,0.9764018654823303
NC_003070.9,7796763,7796862,JUNC_4684,1,+,GT,AG,0.9999889,0.9999875,0.22556188702583313,0.04335501790046692
NC_003070.9,7802475,7802589,JUNC_16147,1,-,GC,AG,0.60715306,0.6527184,0.6441214084625244,0.07968099415302277
NC_003070.9,7802696,7803873,JUNC_16148,1,-,GT,AG,0.9846522,0.9947784,0.1882198601961136,0.3428879976272583
NC_003070.9,7828784,7828866,JUNC_14107,1,-,GT,AG,0.99999833,0.9999875,0.14379209280014038,0.004257050342857838
NC_003070.9,7829109,7829190,JUNC_14108,1,-,GT,AG,0.9997336,0.9997119,0.867205023765564,0.00013395493442658335
NC_003070.9,7829289,7829379,JUNC_14109,1,-,GT,AG,0.9995065,0.99922895,0.01138958428055048,0.002258219989016652
NC_003070.9,7829556,7829670,JUNC_14110,1,-,GT,AG,0.9999738,0.9999393,0.04435024410486221,0.050587743520736694
NC_003070.9,7853943,7854026,JUNC_8428,1,+,GT,AG,0.99999905,0.99999774,0.0783340334892273,0.937412679195404
NC_003070.9,7854189,7854269,JUNC_8429,1,+,GT,AG,0.5684369,0.6988006,0.8596416115760803,0.9756984114646912
NC_003070.9,7854433,7854512,JUNC_8430,1,+,GT,AG,0.9943135,0.9973142,0.14984244108200073,0.0039050793275237083
NC_003070.9,7854768,7854858,JUNC_8431,1,+,GT,AG,0.20844884,0.053132847,0.9964929223060608,0.99164879322052
NC_003070.9,7859844,7860144,JUNC_16312,1,-,GT,AG,0.0032344176,0.010593377,0.9988389611244202,0.9890208840370178
NC_003070.9,7860261,7860658,JUNC_16313,1,-,GT,AG,0.98938286,0.9977049,0.9970903396606445,0.9624918103218079
NC_003070.9,7860718,7860791,JUNC_16314,1,-,GT,AG,0.8029602,0.87751395,0.9981310963630676,0.9988308548927307
NC_003070.9,7860875,7860956,JUNC_16315,1,-,GT,AG,0.9994772,0.99888605,0.9983707070350647,0.9073458909988403
NC_003070.9,7861070,7861160,JUNC_16316,1,-,GT,AG,0.9999918,0.9999918,0.9486272931098938,0.9841372966766357
NC_003070.9,7861247,7861401,JUNC_16317,1,-,GT,AG,0.96364737,0.948482,0.9981333613395691,0.01961500570178032
NC_003070.9,7861488,7861557,JUNC_16318,1,-,GT,AG,0.99994504,0.999925,0.1819816678762436,0.00014318474859464914
NC_003070.9,7861668,7861752,JUNC_16319,1,-,GT,AG,0.99999475,0.9999887,0.12427724897861481,0.9978971481323242
NC_003070.9,7861860,7862273,JUNC_16320,1,-,GT,AG,0.98568106,0.97933584,0.9991506338119507,0.003746198257431388
NC_003070.9,7862384,7862456,JUNC_16321,1,-,GT,AG,0.9999994,0.9999989,0.04529939219355583,0.839766800403595
NC_003070.9,7862525,7862648,JUNC_16322,1,-,GT,AG,0.99998915,0.99996567,0.36378321051597595,0.9960522055625916
NC_003070.9,7862777,7862861,JUNC_16323,1,-,GT,AG,0.9995451,0.999539,0.9975042939186096,0.7799764275550842
NC_003070.9,7863110,7863189,JUNC_16324,1,-,GT,AG,0.9999981,0.99999535,0.4649299085140228,0.5744926333427429
NC_003070.9,7863866,7864050,JUNC_16325,1,-,GT,AG,0.9999982,0.9999951,0.18796466290950775,0.2207394540309906
NC_003070.9,7864149,7864230,JUNC_16326,1,-,GT,AG,0.99999654,0.99999464,0.7685999274253845,0.15794751048088074
NC_003070.9,7864356,7864448,JUNC_16327,1,-,GT,AG,0.9996543,0.9997998,0.5517717003822327,0.9846811294555664
NC_003070.9,7864656,7864866,JUNC_16328,1,-,GT,AG,0.7387442,0.88479763,0.9159988164901733,0.10260497778654099
NC_003070.9,7864916,7864997,JUNC_16329,1,-,GT,AG,0.9852261,0.97101474,0.6383862495422363,0.9881693124771118
NC_003070.9,7867389,7867470,JUNC_5073,1,+,GT,AG,0.95751816,0.95791036,0.009682311676442623,0.011844649910926819
NC_003070.9,7867520,7867766,JUNC_5074,1,+,GT,AG,0.9995401,0.99957484,0.9303865432739258,0.015008565969765186
NC_003070.9,7867974,7868066,JUNC_5075,1,+,GT,AG,0.999908,0.9999075,0.003944525960832834,0.0009086570353247225
NC_003070.9,7868192,7868274,JUNC_5076,1,+,GT,AG,0.99991834,0.99991333,0.0010675780940800905,0.021722223609685898
NC_003070.9,7868373,7868577,JUNC_5077,1,+,GT,AG,0.99795026,0.9968713,0.0011549291666597128,0.00028476063744165003
NC_003070.9,7869254,7869333,JUNC_5078,1,+,GT,AG,0.9999987,0.99999833,0.9862729907035828,0.9844947457313538
NC_003070.9,7869582,7869653,JUNC_5079,1,+,GT,AG,0.99965465,0.99951875,0.9743446111679077,0.9915198683738708
NC_003070.9,7869782,7869905,JUNC_5080,1,+,GT,AG,0.99351996,0.9811132,0.9931454658508301,0.8492939472198486
NC_003070.9,7869974,7870047,JUNC_5081,1,+,GT,AG,0.9999914,0.99997723,0.5590320229530334,0.33281567692756653
NC_003070.9,7870158,7870458,JUNC_5082,1,+,GT,AG,0.9642046,0.9704086,0.6892812848091125,0.9928968548774719
NC_003070.9,7870566,7870650,JUNC_16393,1,+,GT,AG,1.0,0.9999999,0.9547240138053894,0.8945462107658386
NC_003070.9,7870761,7870829,JUNC_16394,1,+,GT,AG,0.9974777,0.99867284,0.7168346047401428,0.2804509997367859
NC_003070.9,7870916,7871061,JUNC_16395,1,+,GT,AG,0.74967694,0.7441252,0.9992114305496216,0.997930645942688
NC_003070.9,7871133,7871249,JUNC_16396,1,+,GT,AG,0.9951308,0.9930789,0.9745607972145081,0.9593789577484131
NC_003070.9,7871330,7871402,JUNC_16397,1,+,GT,AG,0.9604761,0.93895566,0.9532137513160706,0.2561521828174591
NC_003070.9,7871486,7871552,JUNC_16398,1,+,GT,AG,0.99687403,0.9978656,0.42289963364601135,0.9964656829833984
NC_003070.9,7871615,7871964,JUNC_16399,1,+,GT,AG,0.9978733,0.99880445,0.035756245255470276,0.05347881093621254
NC_003070.9,7872081,7872442,JUNC_16400,1,+,GT,AG,0.002021954,0.014971674,0.003855910850688815,0.20109109580516815
NC_003070.9,7876897,7876973,JUNC_15306,1,-,GT,AG,4.792819e-05,4.5071058e-05,0.034891825169324875,0.3167799413204193
NC_003070.9,7877026,7877122,JUNC_15307,1,-,GT,AG,0.9141052,0.93195605,0.007542521692812443,0.08584946393966675
NC_003070.9,7877199,7877306,JUNC_15308,1,-,GT,AG,0.9388279,0.9111724,0.783527672290802,0.1451594978570938
NC_003070.9,7877373,7877452,JUNC_15309,1,-,GT,AG,0.999895,0.99993277,0.21339859068393707,0.979633092880249
NC_003070.9,7877771,7877848,JUNC_15310,1,-,GT,AG,0.8593256,0.8227634,0.9942942261695862,0.5513404607772827
NC_003070.9,7882179,7882535,JUNC_15082,1,-,GT,AG,0.9947891,0.9983057,0.7870278358459473,0.017828278243541718
NC_003070.9,7883125,7883196,JUNC_15083,1,-,GT,AG,0.98194665,0.95011294,0.02216796763241291,0.9612523317337036
NC_003070.9,7893819,7893981,JUNC_15852,1,-,GT,AG,0.999534,0.9976501,0.6795952320098877,0.0012578717432916164
NC_003070.9,7896005,7897019,JUNC_5479,1,-,GT,AG,1.0,1.0,0.0006187577964738011,0.687160313129425
NC_003070.9,7919426,7919508,JUNC_13879,1,+,GT,AG,0.966845,0.9606294,0.8892927765846252,8.824172255117446e-05
NC_003070.9,7919555,7919705,JUNC_13880,1,+,GT,AG,0.9999993,0.9999995,0.5379744172096252,0.03193763270974159
NC_003070.9,7920034,7920183,JUNC_13881,1,+,GT,AG,0.9999902,0.9999654,0.9279724955558777,0.728740930557251
NC_003070.9,7920266,7920422,JUNC_13882,1,+,GT,AG,0.99994445,0.9997843,0.8609669208526611,0.991213858127594
NC_003070.9,7920498,7920827,JUNC_13883,1,+,GT,AG,0.9996551,0.9997367,0.9675871133804321,0.8963618874549866
NC_003070.9,7920892,7921032,JUNC_16506,1,+,GT,AG,0.9960336,0.997837,0.9429730176925659,0.9907956719398499
NC_003070.9,7921128,7921224,JUNC_13884,1,+,GT,AG,0.50023407,0.506023,0.983673095703125,0.9645002484321594
NC_003070.9,7921386,7921477,JUNC_13885,1,+,GT,AG,0.9829913,0.97410125,0.012138978578150272,0.008228013291954994
NC_003070.9,7951115,7951216,JUNC_18381,1,-,GT,AG,0.40504614,0.4837928,0.992697536945343,0.03478548303246498
NC_003070.9,7951268,7951412,JUNC_18382,1,-,GT,AG,0.99983793,0.99985874,0.9934537410736084,0.9745521545410156
NC_003070.9,7951514,7951964,JUNC_18383,1,-,GT,AG,1.0,1.0,0.23290076851844788,0.9592199921607971
NC_003070.9,7952164,7952506,JUNC_18384,1,-,GT,AG,0.99946195,0.99969065,0.9957905411720276,0.6489788889884949
NC_003070.9,7953313,7953808,JUNC_8411,1,-,GT,AG,1.0,1.0,0.4868263602256775,0.24868111312389374
NC_003070.9,7953963,7954174,JUNC_1714,1,-,GT,AG,0.99936,0.99983686,0.4337775707244873,0.2237808108329773
NC_003070.9,7956018,7956350,JUNC_14499,1,-,GT,AG,1.0,0.99999976,0.08173035830259323,0.14879876375198364
NC_003070.9,7956486,7956580,JUNC_14500,1,-,GT,AG,0.9999275,0.9999256,0.9954765439033508,0.9324705004692078
NC_003070.9,7956708,7956784,JUNC_14501,1,-,GT,AG,0.9998233,0.9987764,0.682665228843689,0.9238241910934448
NC_003070.9,7957549,7957651,JUNC_14502,1,-,GT,AG,0.010162486,0.0018194993,0.9952084422111511,0.8911009430885315
NC_003070.9,7977415,7977494,JUNC_13886,1,-,GT,AG,0.9999826,0.99991536,0.6295058131217957,0.995543897151947
NC_003070.9,7978054,7978150,JUNC_13887,1,-,GT,AG,0.05005301,0.07193641,0.37274935841560364,7.729015123913996e-06
NC_003070.9,7981874,7982044,JUNC_14426,1,+,GT,AG,0.99999607,0.99999595,0.19577907025814056,0.930737316608429
NC_003070.9,7982113,7983719,JUNC_14427,1,+,GT,AG,0.9999671,0.9999292,0.8238908052444458,0.1825391948223114
NC_003070.9,7987580,7988302,JUNC_14219,1,-,GT,AG,1.0,0.9999999,0.12779836356639862,0.16308994591236115
NC_003070.9,8006421,8006498,JUNC_14591,1,+,GT,AG,0.9463234,0.92632866,0.04076389595866203,3.647470293799415e-05
NC_003070.9,8006628,8006708,JUNC_14592,1,+,GT,AG,0.9992186,0.99931514,0.009081685915589333,0.0021630225237458944
NC_003070.9,8013821,8014119,JUNC_16057,1,-,GT,AG,0.9999783,0.99994826,0.3916778862476349,0.053030405193567276
NC_003070.9,8014678,8014798,JUNC_9593,1,-,GT,AG,0.9996718,0.99975604,0.872725248336792,0.5591003894805908
NC_003070.9,8015230,8015326,JUNC_9594,1,-,GT,AG,0.9999869,0.99998474,0.00419331481680274,0.005003869533538818
NC_003070.9,8015684,8015911,JUNC_9595,1,-,GT,AG,0.99983054,0.99980646,0.18947508931159973,0.9575399160385132
NC_003070.9,8027390,8027481,JUNC_15488,1,+,GT,AG,0.2885554,0.2786805,0.9454064965248108,0.04674261435866356
NC_003070.9,8027535,8027623,JUNC_15489,1,+,GT,AG,0.296185,0.2454953,0.4774174094200134,0.00026562210405245423
NC_003070.9,8027684,8027779,JUNC_15490,1,+,GT,AG,0.980078,0.9841107,0.7394106388092041,0.002944415668025613
NC_003070.9,8028059,8028131,JUNC_16889,1,+,GT,AG,2.9638711e-12,5.8172347e-12,0.0031873504631221294,0.012563729658722878
NC_003070.9,8028607,8028686,JUNC_3216,1,-,GT,AG,0.9999995,0.9999988,0.177899569272995,0.07238300889730453
NC_003070.9,8028833,8029085,JUNC_3217,1,-,GT,AG,0.9999999,0.99999976,0.8834054470062256,0.7018238306045532
NC_003070.9,8029384,8029487,JUNC_3218,1,-,GT,AG,0.9901992,0.9945352,0.04262368381023407,0.811799943447113
NC_003070.9,8029399,8029487,JUNC_16679,1,-,GT,AG,0.08890452,0.28082067,0.02420426905155182,0.03241671249270439
NC_003070.9,8029524,8029755,JUNC_3219,1,-,GT,AG,0.07246817,0.14080596,0.0945844054222107,0.03787928447127342
NC_003070.9,8029528,8029755,JUNC_8711,1,-,GT,AG,0.07640294,0.09315856,0.9976054430007935,0.9979512095451355
NC_003070.9,8046286,8046426,JUNC_14153,1,+,GT,AG,0.98975885,0.993141,0.004863915964961052,0.0032275053672492504
NC_003070.9,8046655,8046740,JUNC_14154,1,+,GT,AG,0.99929065,0.9988286,0.573246419429779,0.8497815728187561
NC_003070.9,8046814,8046906,JUNC_14155,1,+,GT,AG,0.9999999,0.99999964,0.2597488760948181,0.9839312434196472
NC_003070.9,8049299,8049392,JUNC_2406,1,+,GT,AG,0.2090712,0.30705446,0.9607377648353577,0.1663997620344162
NC_003070.9,8049419,8049539,JUNC_2407,1,+,GT,AG,0.9999994,0.9999993,3.1034317089506658e-06,0.005357231013476849
NC_003070.9,8049639,8049737,JUNC_2408,1,+,GT,AG,0.9999924,0.9999825,1.979190346901305e-05,0.9716780185699463
NC_003070.9,8049884,8049980,JUNC_2409,1,+,GT,AG,0.8242086,0.8786469,0.012631257995963097,0.19145560264587402
NC_003070.9,8050061,8050144,JUNC_2410,1,+,GT,AG,0.9999999,0.9999999,0.02383526787161827,0.8526124358177185
NC_003070.9,8050290,8050436,JUNC_2411,1,+,GT,AG,0.9894405,0.9916711,0.0006012645899318159,0.00046493022819049656
NC_003070.9,8051044,8051147,JUNC_9956,1,+,GT,AG,0.0401556,0.03991633,0.9967610239982605,0.9479699730873108
NC_003070.9,8051199,8051287,JUNC_9957,1,+,GT,AG,0.9990706,0.9987123,0.9897159934043884,0.4112495183944702
NC_003070.9,8051361,8051454,JUNC_9958,1,+,GT,AG,0.99999833,0.99999547,0.8612757325172424,0.9863137006759644
NC_003070.9,8051556,8051829,JUNC_9959,1,+,GT,AG,0.999998,0.999998,0.029862917959690094,0.9089275002479553
NC_003070.9,8051973,8052061,JUNC_9960,1,+,GT,AG,0.9276379,0.9720824,0.19542895257472992,0.3862146735191345
NC_003070.9,8052113,8052232,JUNC_9961,1,+,GT,AG,0.9985076,0.9990318,0.46996861696243286,0.939676821231842
NC_003070.9,8052306,8052390,JUNC_9962,1,+,GT,AG,0.9666564,0.9611589,0.9036852121353149,0.6342255473136902
NC_003070.9,8052480,8052662,JUNC_9963,1,+,GT,AG,0.7590096,0.83572084,0.09070069342851639,0.9749535918235779
NC_003070.9,8055902,8056416,JUNC_10466,1,+,GT,AG,0.9988814,0.9991135,0.9715202450752258,0.04495844617486
NC_003070.9,8057198,8057290,JUNC_10467,1,+,GT,AG,0.9999875,0.9999784,0.87839275598526,0.9852358102798462
NC_003070.9,8057368,8057454,JUNC_10468,1,+,GT,AG,0.8459252,0.80305636,0.08278894424438477,0.050830110907554626
NC_003070.9,8057544,8057635,JUNC_10469,1,+,GT,AG,0.9968359,0.99463016,0.053226664662361145,0.008362464606761932
NC_003070.9,8057932,8058003,JUNC_10470,1,+,GT,AG,0.46311527,0.33288267,0.37508827447891235,0.05466502532362938
NC_003070.9,8058219,8058583,JUNC_10471,1,+,GT,AG,0.17340931,0.08030664,0.11050636321306229,0.10418180376291275
NC_003070.9,8061981,8062190,JUNC_16104,1,+,GT,AG,0.0038394795,0.00449563,0.013457808643579483,0.049517277628183365
NC_003070.9,8062562,8062642,JUNC_16105,1,+,GT,AG,0.9999794,0.9998852,0.00046138372272253036,0.06858477741479874
NC_003070.9,8062697,8062775,JUNC_16106,1,+,GT,AG,0.99720794,0.9971012,0.00017448021390009671,0.012625698931515217
NC_003070.9,8062918,8063002,JUNC_16107,1,+,GT,AG,0.9810932,0.9897175,1.6168211232070462e-06,0.0010316824773326516
NC_003070.9,8063274,8063420,JUNC_16108,1,+,GT,AG,0.9999974,0.99999833,0.014725131914019585,0.005623749922960997
NC_003070.9,8063476,8063645,JUNC_16109,1,+,GT,AG,0.9999925,0.99998784,0.2599439024925232,0.002391593996435404
NC_003070.9,8063883,8064009,JUNC_16110,1,+,GT,AG,0.99987483,0.9998346,0.047799523919820786,0.3246232867240906
NC_003070.9,8064160,8064286,JUNC_16111,1,+,GT,AG,0.99909055,0.99833053,0.5167548060417175,0.9862534403800964
NC_003070.9,8064496,8064596,JUNC_16112,1,+,GC,AG,0.99991727,0.9998716,0.9781578183174133,0.9737985134124756
NC_003070.9,8066129,8066241,JUNC_16113,1,+,GT,AG,0.9998696,0.9998543,0.9019474983215332,0.16457243263721466
NC_003070.9,8066310,8066611,JUNC_16114,1,+,GT,AG,1.0,1.0,0.2099166214466095,0.00021188028040342033
NC_003070.9,8066830,8066922,JUNC_16115,1,+,GT,AG,0.99999964,0.9999994,1.4672606994281523e-05,0.6234327554702759
NC_003070.9,8067015,8067129,JUNC_16116,1,+,GT,AG,0.9999794,0.999894,0.9185388088226318,0.024313434958457947
NC_003070.9,8069641,8070164,JUNC_16759,1,+,GT,AG,0.95471126,0.87279356,0.02101997099816799,0.013709732331335545
NC_003070.9,8070851,8071222,JUNC_16760,1,+,GT,AG,0.9999443,0.9999589,0.1331392526626587,0.008671357296407223
NC_003070.9,8096549,8096636,JUNC_4696,1,+,GT,AG,0.9999207,0.99955887,0.00010921670764219016,0.0009060727315954864
NC_003070.9,8096786,8096864,JUNC_4697,1,+,GT,AG,0.45092082,0.19983713,0.7621533274650574,0.3176175355911255
NC_003070.9,8096976,8097045,JUNC_4698,1,+,GT,AG,0.6466491,0.31573793,0.04879575967788696,0.006419055629521608
NC_003070.9,8101713,8102032,JUNC_17372,1,+,GT,AG,0.9994444,0.9998534,0.007088301703333855,0.002107674954459071
NC_003070.9,8105981,8106105,JUNC_9844,1,+,GT,AG,0.5879395,0.94174504,0.00024585789651609957,0.19082392752170563
NC_003070.9,8106238,8106533,JUNC_9845,1,+,GT,AG,0.0005859904,0.0020212543,0.98267662525177,0.49546104669570923
NC_003070.9,8106660,8107107,JUNC_9846,1,+,GT,AG,8.07855e-07,7.718699e-07,0.00013446935918182135,0.47077476978302
NC_003070.9,8107147,8107290,JUNC_9847,1,+,GT,AG,0.00028884862,5.601468e-05,0.18622829020023346,0.7849360108375549
NC_003070.9,8107519,8107592,JUNC_9848,1,+,GT,AG,0.0045137587,0.0013647792,0.4851055443286896,0.058929961174726486
NC_003070.9,8107519,8107612,JUNC_11672,1,+,GT,AG,0.12627277,0.17999865,0.2759700417518616,0.032689157873392105
NC_003070.9,8107523,8107612,JUNC_17974,1,+,GT,AG,2.2269274e-08,1.4053587e-07,0.9863888621330261,0.03374277055263519
NC_003070.9,8109971,8110069,JUNC_9422,1,-,GT,AG,0.99999475,0.9999951,0.8573231101036072,0.0003565439546946436
NC_003070.9,8110147,8110673,JUNC_9423,1,-,GT,AG,0.99969554,0.9995347,0.007825862616300583,0.00035220710560679436
NC_003070.9,8110759,8110862,JUNC_9424,1,-,GT,AG,0.91352206,0.9360234,2.8594067771336995e-06,0.002179741859436035
NC_003070.9,8111010,8111096,JUNC_9425,1,-,GT,AG,0.99999905,0.9999981,0.0015273598255589604,0.017611384391784668
NC_003070.9,8111378,8111505,JUNC_9426,1,-,GT,AG,0.99997056,0.999749,0.00505462009459734,0.8281617164611816
NC_003070.9,8117947,8118023,JUNC_16496,1,+,GT,AG,0.9999931,0.9999844,0.996315062046051,0.30793777108192444
NC_003070.9,8118468,8118553,JUNC_16497,1,+,GT,AG,1.0,1.0,0.9936572909355164,0.9788894653320312
NC_003070.9,8118669,8118751,JUNC_16498,1,+,GT,AG,0.9999999,0.99999976,0.9880867004394531,0.9983360171318054
NC_003070.9,8119505,8119583,JUNC_16499,1,+,GT,AG,0.99999905,0.99999857,0.9965768456459045,0.5761317014694214
NC_003070.9,8120012,8120110,JUNC_16500,1,+,GT,AG,1.0,1.0,0.05205735191702843,0.12926915287971497
NC_003070.9,8120299,8120388,JUNC_16501,1,+,GT,AG,0.9999989,0.9999988,0.028872357681393623,0.04888942465186119
NC_003070.9,8120616,8120749,JUNC_16502,1,+,GT,AG,0.9999999,0.9999995,0.035318523645401,0.0043534887954592705
NC_003070.9,8121068,8121162,JUNC_16503,1,+,GT,AG,0.33191338,0.20134287,0.12253134697675705,0.02417878247797489
NC_003070.9,8121343,8121427,JUNC_16504,1,+,GT,AG,0.9927241,0.97933793,5.003418118576519e-05,0.9774914979934692
NC_003070.9,8127861,8127955,JUNC_18034,1,-,GT,AG,0.67259455,0.15961239,0.2829422950744629,0.19887784123420715
NC_003070.9,8131534,8131653,JUNC_5271,1,-,GT,AG,0.9999484,0.9999424,0.03839471563696861,0.9308131337165833
NC_003070.9,8131863,8131945,JUNC_5272,1,-,GT,AG,0.97128445,0.9263295,0.9788216352462769,0.9978862404823303
NC_003070.9,8132039,8132124,JUNC_17703,1,-,GT,AG,0.9999893,0.99992275,0.008672683499753475,0.0555526502430439
NC_003070.9,8132690,8132774,JUNC_2238,1,-,GT,AG,0.99999917,0.9999944,0.00534661952406168,0.004323311150074005
NC_003070.9,8133433,8133603,JUNC_2239,1,-,GT,AG,0.9895635,0.97614986,0.9842941164970398,0.9597259163856506
NC_003070.9,8133813,8133906,JUNC_2240,1,-,GT,AG,0.99904084,0.99885213,0.9880906343460083,0.9660471677780151
NC_003070.9,8134000,8134090,JUNC_2241,1,-,GT,AG,0.246054,0.14536501,0.9941565990447998,0.9991206526756287
NC_003070.9,8143519,8143611,JUNC_15302,1,+,GC,AG,0.5845436,0.4510548,0.9972852468490601,0.9864641427993774
NC_003070.9,8143652,8143740,JUNC_15303,1,+,GT,AG,6.777218e-05,7.149729e-05,0.06909599155187607,0.9953634738922119
NC_003070.9,8143816,8143903,JUNC_15304,1,+,GT,AG,0.987696,0.9827024,0.3418099582195282,0.07778123021125793
NC_003070.9,8147583,8147905,JUNC_3400,1,+,GT,AG,0.99990904,0.9997923,0.04488286003470421,0.07977870106697083
NC_003070.9,8149030,8149103,JUNC_3401,1,+,GT,AG,0.99994636,0.999928,0.7876554131507874,0.05058637633919716
NC_003070.9,8149439,8149526,JUNC_3402,1,+,GT,AG,0.9561038,0.9608912,0.0008372105075977743,0.9869770407676697
NC_003070.9,8150326,8150428,JUNC_8579,1,-,GT,AG,0.99999905,0.9999994,0.9778693318367004,8.338546467712149e-05
NC_003070.9,8151081,8151172,JUNC_8580,1,-,GT,AG,0.63489145,0.7391374,0.003393165534362197,0.5965538620948792
NC_003070.9,8151416,8151499,JUNC_8581,1,-,GT,AG,0.9999416,0.9998031,0.0009439708665013313,0.0024333614856004715
NC_003070.9,8151827,8152033,JUNC_8582,1,-,GT,AG,0.99762636,0.9982279,0.0011629584478214383,0.00018306805577594787
NC_003070.9,8152268,8152669,JUNC_8583,1,-,GT,AG,0.87898076,0.83322513,0.03663112595677376,0.018123546615242958
NC_003070.9,8152873,8152967,JUNC_8584,1,-,GT,AG,0.4044778,0.35040206,0.2873460054397583,0.01718202233314514
NC_003070.9,8153070,8153179,JUNC_8585,1,-,GT,AG,0.99987185,0.9996427,0.04044664651155472,0.08472774922847748
NC_003070.9,8157023,8157199,JUNC_9112,1,+,GT,AG,0.9995426,0.9996294,0.11276862025260925,0.4058789312839508
NC_003070.9,8157712,8157795,JUNC_9113,1,+,GT,AG,0.9993079,0.9992291,0.11345640569925308,0.9322011470794678
NC_003070.9,8165501,8166451,JUNC_2949,1,+,GT,AG,0.36508512,0.33235717,0.007445027120411396,0.0006411155336536467
NC_003070.9,8165501,8166460,JUNC_16545,1,+,GT,AG,0.044235893,0.03853734,0.11398201435804367,0.00024195737205445766
NC_003070.9,8171272,8171363,JUNC_2597,1,-,GT,AG,0.99992204,0.99983925,0.027044232934713364,0.001958573702722788
NC_003070.9,8171532,8171618,JUNC_2598,1,-,GT,AG,0.99999976,0.9999994,0.08214784413576126,0.001404769136570394
NC_003070.9,8172184,8172394,JUNC_2599,1,-,GT,AG,0.017708,0.03677907,0.9427367448806763,0.7307187914848328
NC_003070.9,8172184,8172697,JUNC_7267,1,-,GT,AG,0.93810534,0.93621707,0.9714568853378296,0.9734956622123718
NC_003070.9,8172747,8172843,JUNC_10584,1,-,GT,AG,0.029790435,0.009212199,0.9277554750442505,0.9408955574035645
NC_003070.9,8174400,8174521,JUNC_13455,1,-,GT,AG,0.44743302,0.28291526,0.024802928790450096,0.8464369177818298
NC_003070.9,8174771,8174851,JUNC_13456,1,-,GT,AG,0.978408,0.95872074,0.9806312322616577,0.4021718204021454
NC_003070.9,8174940,8175014,JUNC_13457,1,-,GT,AG,0.89451724,0.921982,0.711572527885437,0.8270183205604553
NC_003070.9,8175193,8175279,JUNC_13458,1,-,GT,AG,0.9999478,0.99969006,0.46070587635040283,0.5977944731712341
NC_003070.9,8175388,8175467,JUNC_13459,1,-,GT,AG,0.9982889,0.9938393,0.8955308794975281,0.48355069756507874
NC_003070.9,8175524,8175620,JUNC_13460,1,-,GT,AG,0.5330478,0.8326477,0.3360336422920227,0.5761087536811829
NC_003070.9,8180335,8180452,JUNC_13379,1,-,GT,AG,0.9715638,0.976036,0.6280579566955566,0.039185285568237305
NC_003070.9,8180834,8180925,JUNC_13380,1,-,GT,AG,0.9999877,0.9999902,0.1798456311225891,0.8951699137687683
NC_003070.9,8181002,8181082,JUNC_13381,1,-,GT,AG,0.99999785,0.9999976,0.11518533527851105,0.7550739049911499
NC_003070.9,8181240,8181681,JUNC_13382,1,-,GT,AG,0.12796219,0.41557372,0.17187215387821198,0.08951644599437714
NC_003070.9,8181767,8181857,JUNC_13383,1,-,GT,AG,0.03354538,0.06064538,0.5532792210578918,0.01232311874628067
NC_003070.9,8182128,8182205,JUNC_16577,1,-,GT,AG,0.99999475,0.99998915,0.01729946956038475,0.000150549880345352
NC_003070.9,8182128,8182217,JUNC_13384,1,-,GT,AG,0.9999999,0.9999999,0.027526257559657097,5.77312421228271e-05
NC_003070.9,8185390,8185485,JUNC_10127,1,-,GT,AG,0.9911602,0.98972964,0.9019474983215332,0.16457243263721466
NC_003070.9,8185562,8185727,JUNC_10128,1,-,GT,AG,0.9999999,0.9999999,0.11663690209388733,0.05309484153985977
NC_003070.9,8185813,8186021,JUNC_10129,1,-,GT,AG,0.99998987,0.99998164,0.9613865613937378,0.9899436235427856
NC_003070.9,8186626,8186812,JUNC_10130,1,-,GT,AG,0.9999987,0.9999919,0.7600757479667664,0.0002438767987769097
NC_003070.9,8186929,8187016,JUNC_10131,1,-,GT,AG,0.9999603,0.9999671,0.035584110766649246,0.9406732320785522
NC_003070.9,8187130,8187395,JUNC_10132,1,-,GT,AG,0.08790844,0.1376222,0.7546640038490295,0.08536741882562637
NC_003070.9,8187461,8187538,JUNC_10133,1,-,GT,AG,0.33367816,0.18060364,0.9940372705459595,0.9878913164138794
NC_003070.9,8187710,8188247,JUNC_10134,1,-,GT,AG,0.98159206,0.98245376,0.9865754246711731,0.9623399972915649
NC_003070.9,8188455,8188540,JUNC_14229,1,-,GT,AG,0.7243185,0.8045044,0.1460346132516861,0.8832492828369141
NC_003070.9,8188589,8188705,JUNC_10135,1,-,GT,AG,0.0005642436,0.00081030413,0.836638867855072,0.21360979974269867
NC_003070.9,8196913,8196992,JUNC_4168,1,-,GT,AG,0.2178579,0.10047537,0.023577289655804634,0.867348849773407
NC_003070.9,8197131,8197198,JUNC_4169,1,-,GT,AG,0.998718,0.9986236,0.9964311122894287,0.937679648399353
NC_003070.9,8197277,8197363,JUNC_4170,1,-,GT,AG,0.0009618895,0.0043611797,0.011259341612458229,0.13608914613723755
NC_003070.9,8197419,8197498,JUNC_4171,1,-,GT,AG,0.96687955,0.9830276,0.6019063591957092,0.001115240971557796
NC_003070.9,8197747,8197847,JUNC_13569,1,-,GT,AG,0.22878183,0.13025685,0.009561843238770962,0.5434904098510742
NC_003070.9,8198962,8199087,JUNC_13888,1,+,GT,AG,1.0,1.0,0.015187502838671207,0.02409968711435795
NC_003070.9,8213230,8213570,JUNC_15943,1,+,GT,AG,0.9999999,0.9999999,0.0033728634007275105,0.003916642162948847
NC_003070.9,8213759,8213965,JUNC_15944,1,+,GT,AG,0.9999231,0.99974483,0.7899007797241211,0.08686978369951248
NC_003070.9,8214103,8214212,JUNC_15945,1,+,GT,AG,0.99999607,0.99999094,0.9905667901039124,0.9115384221076965
NC_003070.9,8214331,8214409,JUNC_15946,1,+,GT,AG,0.9999925,0.99999285,0.1964518278837204,0.5341135859489441
NC_003070.9,8214542,8214622,JUNC_15947,1,+,GT,AG,0.99914515,0.998601,0.00557828089222312,3.644936441560276e-05
NC_003070.9,8214752,8214834,JUNC_15948,1,+,GT,AG,0.9612558,0.9729893,0.00015510994126088917,0.005478169769048691
NC_003070.9,8214914,8215004,JUNC_15949,1,+,GT,AG,0.908303,0.96370417,0.00451678317040205,0.03382619470357895
NC_003070.9,8215145,8215243,JUNC_15950,1,+,GT,AG,0.9999145,0.99896765,0.007546873297542334,0.0720726028084755
NC_003070.9,8257264,8257450,JUNC_9942,1,-,GT,AG,0.9941017,0.98584116,0.00667350459843874,0.009276000782847404
NC_003070.9,8257577,8257669,JUNC_9943,1,-,GT,AG,0.99999964,0.99999976,0.013131837360560894,4.239317786414176e-05
NC_003070.9,8257795,8258184,JUNC_9944,1,-,GT,AG,0.99999964,0.9999975,0.002049096394330263,0.04572230204939842
NC_003070.9,8258324,8258545,JUNC_9945,1,-,GT,AG,0.99999714,0.9999918,8.65409765538061e-06,3.074428889249248e-08
NC_003070.9,8268849,8268930,JUNC_16191,1,-,GT,AG,0.9995888,0.9990129,0.0014802069636061788,2.124880325027334e-07
NC_003070.9,8269087,8269185,JUNC_16192,1,-,GT,AG,0.996076,0.9866622,0.0003058893489651382,7.646592166565824e-06
NC_003070.9,8269277,8269355,JUNC_16193,1,-,GT,AG,0.99997413,0.9999796,0.8816664218902588,0.9015252590179443
NC_003070.9,8269420,8269503,JUNC_16194,1,-,GT,AG,0.99996865,0.9999542,0.2650708556175232,0.008413306437432766
NC_003070.9,8269569,8269648,JUNC_16195,1,-,GT,AG,0.9887079,0.9902776,0.0017054155468940735,0.10412110388278961
NC_003070.9,8269780,8269868,JUNC_16196,1,-,GT,AG,0.9999924,0.999984,0.9645009636878967,0.011927870102226734
NC_003070.9,8270042,8270128,JUNC_16197,1,-,GT,AG,0.99999714,0.99999785,0.02515331469476223,0.006650931667536497
NC_003070.9,8270287,8270370,JUNC_16198,1,-,GT,AG,0.9973919,0.9929027,0.32463303208351135,0.02985866367816925
NC_003070.9,8270458,8270541,JUNC_16199,1,-,GT,AG,0.9999999,0.99999976,0.00035663697053678334,0.6168830990791321
NC_003070.9,8270623,8270710,JUNC_16200,1,-,GT,AG,0.9999989,0.9999988,0.8740918636322021,0.0342281199991703
NC_003070.9,8270828,8270911,JUNC_16201,1,-,GT,AG,0.99859315,0.9979796,4.477613401832059e-06,0.985111653804779
NC_003070.9,8270977,8271212,JUNC_16202,1,-,GT,AG,0.9999527,0.9998926,1.0756642723208643e-06,2.0560302800731733e-05
NC_003070.9,8271373,8271641,JUNC_16203,1,-,GT,AG,0.9999993,0.9999988,0.039165008813142776,0.18239779770374298
NC_003070.9,8283664,8284119,JUNC_15836,1,-,GT,AG,3.6298925e-10,3.7385078e-10,4.796972348231066e-07,8.640046189611894e-08
NC_003070.9,8284535,8284976,JUNC_15837,1,-,GT,AG,0.94820505,0.9008489,0.012137687765061855,0.0011834854958578944
NC_003070.9,8285123,8285236,JUNC_586,1,-,GT,AG,0.9999918,0.9999807,0.9548131227493286,0.9805906414985657
NC_003070.9,8285290,8285400,JUNC_587,1,-,GC,AG,0.9983058,0.9991683,0.9967198967933655,0.9780895113945007
NC_003070.9,8285565,8285852,JUNC_588,1,-,GT,AG,0.9983504,0.99807644,0.6268346309661865,0.9759584665298462
NC_003070.9,8286062,8286166,JUNC_589,1,-,GT,AG,0.8387949,0.9079286,0.9760901927947998,0.47977539896965027
NC_003070.9,8286253,8286339,JUNC_590,1,-,GT,AG,0.9927286,0.99212813,0.9911965131759644,0.6307302117347717
NC_003070.9,8326881,8327415,JUNC_14970,1,+,GT,AG,0.99995506,0.99997354,0.9717282056808472,0.9645279049873352
NC_003070.9,8327633,8327843,JUNC_14971,1,+,GT,AG,0.7734926,0.8750381,0.03999004885554314,0.8620606660842896
NC_003070.9,8327972,8328065,JUNC_14972,1,+,GT,AG,0.98437023,0.9776552,0.7663998603820801,0.6396512389183044
NC_003070.9,8328236,8328336,JUNC_14973,1,+,GT,AG,0.998621,0.99927,0.9695537090301514,0.008555963635444641
NC_003070.9,8328357,8328456,JUNC_14974,1,+,GT,AG,0.9999137,0.9999192,0.22010645270347595,0.19629134237766266
NC_003070.9,8328664,8328755,JUNC_14975,1,+,GT,AG,0.9886891,0.962258,0.971284806728363,0.20589402318000793
NC_003070.9,8328837,8328905,JUNC_14976,1,+,GT,AG,0.48099315,0.33637792,0.0005851879832334816,0.0073391166515648365
NC_003070.9,8329014,8329107,JUNC_14977,1,+,GT,AG,0.99854183,0.99749386,0.8793364763259888,0.0018733914475888014
NC_003070.9,8329224,8329328,JUNC_14978,1,+,GT,AG,0.99987817,0.99966943,0.9603406190872192,0.33080124855041504
NC_003070.9,8343879,8343988,JUNC_5132,1,-,GT,AG,0.99991035,0.9998395,0.14267463982105255,0.14279872179031372
NC_003070.9,8344118,8344217,JUNC_5133,1,-,GT,AG,0.9996505,0.99963415,0.16021886467933655,0.0016876698937267065
NC_003070.9,8344496,8344615,JUNC_5134,1,-,GT,AG,0.9990847,0.9986614,0.10737670958042145,0.7597576379776001
NC_003070.9,8353242,8353324,JUNC_2300,1,-,GT,AG,0.95476466,0.9804002,0.3576846420764923,0.02417348511517048
NC_003070.9,8353468,8353551,JUNC_2301,1,-,GT,AG,0.9999975,0.99999666,0.0005350756691768765,0.07487645000219345
NC_003070.9,8353674,8353762,JUNC_2302,1,-,GT,AG,0.99999595,0.99999726,0.9416086673736572,0.9461105465888977
NC_003070.9,8353924,8354016,JUNC_2303,1,-,GT,AG,0.99730176,0.9948271,0.6174383163452148,0.7784477472305298
NC_003070.9,8354152,8354324,JUNC_2780,1,-,GT,AG,0.9770225,0.99021167,0.9728562831878662,0.9803143739700317
NC_003070.9,8361515,8361607,JUNC_1120,1,-,GT,AG,0.99999666,0.999998,0.9796333312988281,0.030177034437656403
NC_003070.9,8361751,8362071,JUNC_2872,1,-,GT,AG,0.9992643,0.9991364,0.8930197954177856,3.237492194330116e-07
NC_003070.9,8362224,8362298,JUNC_1123,1,-,GT,AG,0.99473286,0.9908738,0.8457328081130981,0.12321221083402634
NC_003070.9,8365056,8365169,JUNC_13951,1,-,GT,AG,0.999936,0.9996598,0.6294931769371033,0.17299506068229675
NC_003070.9,8365536,8366075,JUNC_13952,1,-,GT,AG,0.9999999,0.99999905,0.03268798813223839,0.7229123711585999
NC_003070.9,8366240,8366320,JUNC_13953,1,-,GT,AG,1.0,1.0,0.0006856707623228431,2.9771637855446897e-05
NC_003070.9,8369877,8369986,JUNC_8526,1,-,GT,AG,0.9999865,0.9999672,4.580612585414201e-05,0.0006190987769514322
NC_003070.9,8370148,8370220,JUNC_8527,1,-,GT,AG,0.999997,0.9999945,0.038177963346242905,0.0015796481166034937
NC_003070.9,8376928,8376958,JUNC_13461,1,-,GT,AG,0.9993969,0.9998523,0.0037552218418568373,0.012569935992360115
NC_003070.9,8377094,8377135,JUNC_13462,1,-,GT,AG,1.0320792e-06,1.483766e-06,0.9962289929389954,0.0013562446692958474
NC_003070.9,8377741,8377835,JUNC_6830,1,-,GT,AG,0.0070930785,0.019502858,0.9205288290977478,0.9799777865409851
NC_003070.9,8377979,8378065,JUNC_6831,1,-,GT,AG,0.5090601,0.40221068,0.8840383291244507,0.8930904865264893
NC_003070.9,8379251,8379339,JUNC_13463,1,-,GT,AG,0.14442521,0.09528347,0.9974850416183472,0.983474850654602
NC_003070.9,8379391,8379479,JUNC_13464,1,-,GT,AG,0.26545444,0.18404837,0.9418463110923767,0.5013471841812134
NC_003070.9,8379532,8379616,JUNC_13465,1,-,GT,AG,0.060939346,0.10318107,0.9662075042724609,0.45134592056274414
NC_003070.9,8379777,8379870,JUNC_13466,1,-,GT,AG,0.9607061,0.9594992,0.5704149007797241,0.4061374068260193
NC_003070.9,8379987,8380109,JUNC_13467,1,-,GT,AG,0.99992037,0.9998975,0.007897459901869297,0.07490731030702591
NC_003070.9,8380226,8380410,JUNC_13468,1,-,GT,AG,0.99343187,0.9706791,0.0015631136484444141,0.013199987821280956
NC_003070.9,8380467,8380547,JUNC_13469,1,-,GT,AG,0.99814403,0.9977442,0.00037665697163902223,0.001547665917314589
NC_003070.9,8380718,8380800,JUNC_13470,1,-,GT,AG,0.9999547,0.99989796,0.0273261871188879,0.002445879392325878
NC_003070.9,8380866,8380966,JUNC_13471,1,-,GT,AG,0.9996143,0.99847823,0.49712935090065,0.3049063980579376
NC_003070.9,8381030,8381119,JUNC_13472,1,-,GT,AG,0.9999846,0.99998224,0.9895429611206055,0.9634789824485779
NC_003070.9,8381167,8381251,JUNC_13473,1,-,GT,AG,0.99999905,0.99999595,0.9652631878852844,0.9265689849853516
NC_003070.9,8381382,8381463,JUNC_13474,1,-,GT,AG,0.99999917,0.9999989,0.09675826132297516,0.5175793766975403
NC_003070.9,8381718,8381809,JUNC_13475,1,-,GT,AG,0.04146523,0.045946613,0.8220279812812805,0.12387485057115555
NC_003070.9,8381970,8382149,JUNC_18055,1,-,GT,AG,0.99057275,0.99547607,0.04139642044901848,0.7423385381698608
NC_003070.9,8390468,8390543,JUNC_9903,1,+,AT,AC,2.7285483e-07,1.0940838e-06,0.9371778964996338,0.0006056512356735766
NC_003070.9,8420578,8420671,JUNC_8959,1,+,GT,AG,0.99958426,0.9997639,0.01534608006477356,0.04429219290614128
NC_003070.9,8420748,8420839,JUNC_8960,1,+,GT,AG,0.9999863,0.9999863,0.0032818447798490524,0.0002941976999863982
NC_003070.9,8420962,8421617,JUNC_8961,1,+,GT,AG,1.0,1.0,0.9707268476486206,0.3202296793460846
NC_003070.9,8421722,8421818,JUNC_8962,1,+,GT,AG,0.9999999,0.9999999,0.9347785115242004,0.9951491951942444
NC_003070.9,8421891,8421990,JUNC_8963,1,+,GT,AG,0.9999784,0.99996877,0.9169971346855164,0.8767696619033813
NC_003070.9,8422062,8422167,JUNC_8964,1,+,GT,AG,0.9999994,0.9999976,0.9661693572998047,0.9576807022094727
NC_003070.9,8422367,8422447,JUNC_8965,1,+,GT,AG,0.99993885,0.9998011,0.18541595339775085,0.12865319848060608
NC_003070.9,8422571,8422658,JUNC_8966,1,+,GT,AG,0.9977362,0.99753326,0.3326011896133423,0.01997004635632038
NC_003070.9,8428097,8428234,JUNC_7186,1,-,GT,AG,0.9998884,0.99986315,0.4630347192287445,0.007514935918152332
NC_003070.9,8428399,8428604,JUNC_7187,1,-,GT,AG,0.9999982,0.9999964,0.6868979930877686,0.5991453528404236
NC_003070.9,8428818,8428914,JUNC_7188,1,-,GT,AG,0.996521,0.99715734,0.09751692414283752,0.721349835395813
NC_003070.9,8429003,8429075,JUNC_7189,1,-,GT,AG,0.99999964,0.9999995,0.0008527314639650285,2.579494503152091e-05
NC_003070.9,8436392,8436490,JUNC_4920,1,+,GT,AG,0.7495056,0.86037403,0.7256731986999512,0.9742012023925781
NC_003070.9,8436848,8437237,JUNC_4921,1,+,GT,AG,0.99972934,0.9997127,0.9968497157096863,0.0020945926662534475
NC_003070.9,8437408,8437497,JUNC_4922,1,+,GT,AG,0.17330335,0.4129615,0.21954971551895142,0.05383770912885666
NC_003070.9,8437710,8437821,JUNC_4923,1,+,GT,AG,0.9988399,0.99898535,0.8976865410804749,0.03655334562063217
NC_003070.9,8437910,8438003,JUNC_4924,1,+,GT,AG,0.99998665,0.9999932,0.06762804836034775,0.4999402165412903
NC_003070.9,8439412,8439497,JUNC_16462,1,-,GT,AG,0.9905081,0.989988,0.9053899645805359,0.751603901386261
NC_003070.9,8439595,8439680,JUNC_16463,1,-,GT,AG,0.9245858,0.93108505,0.22821533679962158,0.6572121381759644
NC_003070.9,8439881,8440012,JUNC_16464,1,-,GT,AG,0.99999833,0.99999714,0.9826307892799377,0.00010265067976433784
NC_003070.9,8440177,8440493,JUNC_16465,1,-,GT,AG,0.9454095,0.9396057,0.9390082955360413,0.24993212521076202
NC_003070.9,8440664,8440748,JUNC_16466,1,-,GT,AG,0.23778334,0.0932502,0.0016325685428455472,0.07788322120904922
NC_003070.9,8462007,8462144,JUNC_990,1,+,GT,AG,0.71577835,0.90945715,0.9488550424575806,0.35207921266555786
NC_003070.9,8462238,8462315,JUNC_991,1,+,GT,AG,0.9999659,0.9999646,0.19354809820652008,0.9867089986801147
NC_003070.9,8462381,8462483,JUNC_992,1,+,GT,AG,0.9999689,0.9999422,0.22975803911685944,0.8038033246994019
NC_003070.9,8462524,8462654,JUNC_993,1,+,GT,AG,0.99465656,0.996867,0.9894928932189941,0.997308611869812
NC_003070.9,8462750,8462827,JUNC_994,1,+,GT,AG,0.9999999,0.99999964,0.568719744682312,0.98797208070755
NC_003070.9,8462908,8463034,JUNC_995,1,+,GT,AG,1.0,0.9999999,0.8762193918228149,0.994145393371582
NC_003070.9,8463100,8463202,JUNC_996,1,+,GT,AG,0.97265655,0.9766481,0.9971363544464111,0.8193814754486084
NC_003070.9,8463271,8463558,JUNC_997,1,+,GT,AG,0.9995023,0.9983328,0.8449313640594482,0.9736896753311157
NC_003070.9,8463669,8463769,JUNC_998,1,+,GT,AG,0.99986553,0.99966896,0.9864165782928467,0.8924546837806702
NC_003070.9,8463862,8463961,JUNC_999,1,+,GT,AG,0.9986142,0.99908435,0.9115356206893921,0.02384369634091854
NC_003070.9,8464008,8464115,JUNC_1000,1,+,GT,AG,0.9999968,0.999995,0.0732293576002121,0.008951402269303799
NC_003070.9,8464191,8464542,JUNC_8352,1,+,GT,AG,0.00014020821,2.4518016e-05,0.031946782022714615,0.000992746907286346
NC_003070.9,8464824,8464953,JUNC_1003,1,+,GT,AG,6.329417e-05,0.00012549179,0.04395359754562378,0.03350067511200905
NC_003070.9,8465895,8466015,JUNC_14945,1,+,GT,AG,0.99999774,0.99998975,0.29357850551605225,0.9315974116325378
NC_003070.9,8465895,8466018,JUNC_1004,1,+,GT,AG,0.9999993,0.999997,0.9705411195755005,0.3840930461883545
NC_003070.9,8466146,8466382,JUNC_1005,1,+,GT,AG,0.9363179,0.94030297,0.9693193435668945,0.11140502244234085
NC_003070.9,8466487,8466587,JUNC_1006,1,+,GT,AG,0.99374056,0.9972933,0.514133095741272,0.9334724545478821
NC_003070.9,8466799,8466956,JUNC_1007,1,+,GT,AG,0.99992275,0.9998934,0.9909639358520508,0.0010330186923965812
NC_003070.9,8466990,8467361,JUNC_1008,1,+,GT,AG,0.9999993,0.99999917,0.0005508740432560444,4.3899872252950445e-06
NC_003070.9,8467637,8467806,JUNC_1009,1,+,GT,AG,0.32562292,0.37366787,3.826853208011016e-05,0.0005835535121150315
NC_003070.9,8467948,8468037,JUNC_1010,1,+,GT,AG,0.99987805,0.9996018,0.002704787300899625,0.00011796477338066325
NC_003070.9,8468211,8468459,JUNC_1011,1,+,GT,AG,0.999997,0.9999976,0.006293175276368856,0.004364649765193462
NC_003070.9,8468639,8468717,JUNC_1012,1,+,GT,AG,0.99999845,0.9999894,0.03396699205040932,0.03780920431017876
NC_003070.9,8468845,8469054,JUNC_1013,1,+,GT,AG,0.99999654,0.9999943,0.06312333047389984,0.516963005065918
NC_003070.9,8469159,8469267,JUNC_1014,1,+,GT,AG,0.99983674,0.9997392,0.0004075403558090329,0.012785927392542362
NC_003070.9,8470044,8470134,JUNC_6355,1,-,GT,AG,0.9999865,0.9999695,0.0014367187395691872,1.7070393596441136e-06
NC_003070.9,8470221,8470351,JUNC_6356,1,-,GT,AG,0.99999964,0.9999993,0.957240104675293,0.9992213249206543
NC_003070.9,8470602,8470683,JUNC_15747,1,-,GT,AG,0.9298012,0.9630191,0.9674679636955261,0.18475182354450226
NC_003070.9,8470602,8470698,JUNC_15932,1,-,GT,AG,0.98460627,0.99265,0.6827950477600098,0.10126035660505295
NC_003070.9,8470897,8471002,JUNC_6358,1,-,GT,AG,0.9999771,0.9999243,0.34627822041511536,0.6438194513320923
NC_003070.9,8471158,8471272,JUNC_6359,1,-,GT,AG,0.99983364,0.9997385,0.005888545885682106,0.5722942352294922
NC_003070.9,8482486,8482577,JUNC_8690,1,-,GT,AG,0.999944,0.99988604,0.00017148666665889323,0.4020301401615143
NC_003070.9,8482664,8482758,JUNC_8691,1,-,GT,AG,1.0,0.9999999,0.05987926572561264,0.0015015032840892673
NC_003070.9,8483009,8483090,JUNC_8692,1,-,GT,AG,0.87929326,0.9561225,0.6912397146224976,0.8268202543258667
NC_003070.9,8483304,8483408,JUNC_8693,1,-,GT,AG,0.9999863,0.9999869,0.17935357987880707,0.06711672246456146
NC_003070.9,8483564,8483742,JUNC_8694,1,-,GT,AG,0.9996193,0.9992611,0.00912189669907093,0.06710276007652283
NC_003070.9,8485676,8485791,JUNC_8611,1,+,GT,AG,0.9972664,0.99840564,0.9266730546951294,0.93294358253479
NC_003070.9,8485884,8485901,JUNC_8612,1,+,GT,AG,0.037054926,0.014964273,0.6279112696647644,0.2313314825296402
NC_003070.9,8485949,8486978,JUNC_8613,1,+,GT,AG,6.8192635e-12,3.1538058e-12,0.06491824239492416,0.40086832642555237
NC_003070.9,8496319,8496420,JUNC_3390,1,-,GT,AG,0.99975675,0.9995869,0.1758362054824829,0.9501055479049683
NC_003070.9,8499282,8499361,JUNC_5478,1,-,GT,AG,0.9999926,0.9999925,0.9937357902526855,0.9616625308990479
NC_003070.9,8503502,8503601,JUNC_5285,1,+,GT,AG,0.6809239,0.84401333,0.2721017897129059,0.6665961742401123
NC_003070.9,8503789,8503907,JUNC_5286,1,+,GT,AG,0.9999945,0.99999475,0.054667163640260696,0.1403462141752243
NC_003070.9,8504106,8504174,JUNC_5287,1,+,GT,AG,0.764279,0.68978775,0.7455594539642334,0.2252119481563568
NC_003070.9,8504338,8504427,JUNC_5288,1,+,GT,AG,0.9997954,0.9996055,0.4258159101009369,0.4742778241634369
NC_003070.9,8504532,8504730,JUNC_5289,1,+,GT,AG,0.99634427,0.99587846,0.0017104856669902802,0.0025356810074299574
NC_003070.9,8504853,8504955,JUNC_5290,1,+,GT,AG,0.99966943,0.9998221,0.05161484330892563,0.003811909817159176
NC_003070.9,8516584,8516659,JUNC_2995,1,-,GT,AG,0.9979651,0.9937709,0.6867104172706604,0.09360825270414352
NC_003070.9,8516851,8516947,JUNC_2996,1,-,GT,AG,0.99996436,0.99987733,0.023957286030054092,0.8504185676574707
NC_003070.9,8517147,8517574,JUNC_2997,1,-,GT,AG,0.11746066,0.4260263,0.009433944709599018,0.7027971148490906
NC_003070.9,8517688,8518078,JUNC_2998,1,-,GT,AG,0.9999821,0.9999629,0.7338860630989075,0.0693444088101387
NC_003070.9,8518215,8518303,JUNC_2999,1,-,GT,AG,0.95924467,0.9816057,0.1585170179605484,0.9302456974983215
NC_003070.9,8518414,8518628,JUNC_3000,1,-,GT,AG,0.06684497,0.022630831,0.9171655774116516,0.9955486059188843
NC_003070.9,8518881,8518964,JUNC_3001,1,-,GT,AG,0.3845722,0.12916915,0.9961950778961182,0.9867205619812012
NC_003070.9,8519063,8519230,JUNC_3002,1,-,GT,AG,0.99999607,0.9999943,0.784553587436676,0.009558162651956081
NC_003070.9,8519569,8519668,JUNC_3003,1,-,GT,AG,0.8043148,0.79239607,0.04002321884036064,0.004698949865996838
NC_003070.9,8563986,8564085,JUNC_3493,1,-,GT,AG,0.9985889,0.99787843,0.21823348104953766,0.004159115720540285
NC_003070.9,8564188,8564281,JUNC_3494,1,-,GT,AG,0.9994897,0.99962,0.000517103704623878,3.1819083233131096e-05
NC_003070.9,8564448,8564541,JUNC_3495,1,-,GT,AG,0.9830766,0.94470364,0.27039453387260437,0.14233708381652832
NC_003070.9,8564694,8564785,JUNC_3496,1,-,GT,AG,0.9999995,0.9999982,0.8525429368019104,4.057442129123956e-05
NC_003070.9,8564924,8565012,JUNC_3497,1,-,GT,AG,0.99983436,0.99982566,0.539283275604248,0.8217964172363281
NC_003070.9,8565113,8565215,JUNC_3498,1,-,GT,AG,0.99948066,0.99975437,0.005733406636863947,0.18880845606327057
NC_003070.9,8565827,8566068,JUNC_3499,1,-,GT,AG,1.0,1.0,0.9248220920562744,0.0006359617109410465
NC_003070.9,8566154,8566248,JUNC_3500,1,-,GT,AG,0.9999981,0.99999297,0.9886600971221924,0.932647168636322
NC_003070.9,8566893,8566969,JUNC_3501,1,-,GT,AG,0.9999951,0.99999607,0.08865965902805328,0.00044614184298552573
NC_003070.9,8567224,8567336,JUNC_3502,1,-,GT,AG,0.9999995,0.99999726,0.1584620475769043,0.6769708395004272
NC_003070.9,8567464,8567601,JUNC_3503,1,-,GT,AG,1.0,1.0,0.1674199253320694,0.04764091968536377
NC_003070.9,8567756,8567849,JUNC_3504,1,-,GT,AG,0.99873346,0.99084175,0.4839976131916046,0.963331937789917
NC_003070.9,8568064,8568234,JUNC_3505,1,-,GT,AG,0.7267719,0.71717435,0.9991433620452881,0.705354630947113
NC_003070.9,8568264,8568352,JUNC_3506,1,-,GT,AG,0.98234046,0.97915787,0.025359908118844032,0.9979604482650757
NC_003070.9,8568428,8568506,JUNC_3507,1,-,GT,AG,0.99993396,0.9999416,0.9527150988578796,0.0026205808389931917
NC_003070.9,8568637,8568734,JUNC_3508,1,-,GT,AG,0.99995196,0.9999268,0.8278176188468933,0.8127155900001526
NC_003070.9,8569029,8569118,JUNC_3509,1,-,GT,AG,0.99995863,0.99987507,0.8746803402900696,0.2021273970603943
NC_003070.9,8569253,8569329,JUNC_3510,1,-,GT,AG,0.9994791,0.99967444,0.9910656809806824,0.9498860239982605
NC_003070.9,8569428,8569514,JUNC_3511,1,-,GT,AG,0.99999475,0.9999958,0.6569192409515381,0.6741325855255127
NC_003070.9,8569701,8569787,JUNC_3512,1,-,GT,AG,1.0,0.9999999,0.006587883923202753,0.0015170469414442778
NC_003070.9,8569948,8570378,JUNC_3513,1,-,GT,AG,0.9999999,0.99999976,5.018975571147166e-06,0.0009131226688623428
NC_003070.9,8573871,8573972,JUNC_14905,1,-,GT,AG,0.9898095,0.990932,0.332744300365448,0.003566188272088766
NC_003070.9,8574074,8574174,JUNC_14906,1,-,GT,AG,0.9999987,0.99999356,0.006800761912018061,0.001197009813040495
NC_003070.9,8574298,8574387,JUNC_14907,1,-,GT,AG,0.999992,0.99990344,0.15752126276493073,0.00656040757894516
NC_003070.9,8574541,8575058,JUNC_14908,1,-,GT,AG,0.9999974,0.99999714,0.004627768415957689,0.013851383700966835
NC_003070.9,8584143,8584223,JUNC_17607,1,-,GT,AG,0.99998534,0.9999826,0.08222801983356476,5.812307063024491e-05
NC_003070.9,8584325,8584420,JUNC_17608,1,-,GT,AG,0.4786985,0.81977016,6.042140375939198e-05,0.006453034933656454
NC_003070.9,8584595,8584707,JUNC_17609,1,-,GT,AG,0.9999094,0.9998554,0.09195425361394882,0.21532849967479706
NC_003070.9,8584920,8584992,JUNC_17610,1,-,GT,AG,1.0,1.0,6.0677989495161455e-06,1.3750224070463446e-07
NC_003070.9,8586640,8587153,JUNC_13731,1,+,GT,AG,0.9821301,0.9869882,0.9874082803726196,0.8498586416244507
NC_003070.9,8587285,8587364,JUNC_13732,1,+,GT,AG,0.99998116,0.99996316,0.9377894401550293,0.9755566716194153
NC_003070.9,8587689,8587864,JUNC_13733,1,+,GT,AG,0.99989724,0.99990916,0.9638815522193909,0.5781076550483704
NC_003070.9,8592176,8592394,JUNC_8593,1,+,GT,AG,0.038673364,0.09582048,0.2900789678096771,0.0035297381691634655
NC_003070.9,8592466,8592547,JUNC_8594,1,+,GT,AG,0.9228011,0.6650802,0.004369760397821665,0.978715181350708
NC_003070.9,8592739,8592920,JUNC_8595,1,+,GT,AG,1.0,0.99999905,0.5686954855918884,0.13867029547691345
NC_003070.9,8593880,8593972,JUNC_18102,1,-,GT,AG,0.07133094,0.13497962,0.08343414217233658,0.19634729623794556
NC_003070.9,8594115,8594200,JUNC_18103,1,-,GT,AG,0.074535795,0.03335966,0.37530359625816345,0.00985000841319561
NC_003070.9,8594242,8594325,JUNC_18104,1,-,GT,AG,0.040775247,0.03825752,0.0007695547537878156,0.0015077502466738224
NC_003070.9,8594367,8594445,JUNC_18105,1,-,GT,AG,0.7049336,0.72721577,0.09359505772590637,0.01800154708325863
NC_003070.9,8594545,8594629,JUNC_18106,1,-,GT,AG,0.99979955,0.9995198,0.6699970960617065,0.7757103443145752
NC_003070.9,8594697,8594809,JUNC_18107,1,-,GT,AG,0.014949593,0.014972591,0.0027203259523957968,0.01925952360033989
NC_003070.9,8594891,8595677,JUNC_18108,1,-,GT,AG,0.3141923,0.22594728,0.6329947113990784,3.7957722724968335e-06
NC_003070.9,8600512,8600583,JUNC_16693,1,+,GT,AG,0.9999987,0.999998,0.0006768392049707472,0.5906673669815063
NC_003070.9,8600655,8601004,JUNC_16694,1,+,GT,AG,0.99975985,0.9998957,0.8317247033119202,0.2397674173116684
NC_003070.9,8601078,8601176,JUNC_16695,1,+,GT,AG,0.9843449,0.97406775,0.002438219031319022,0.012493127025663853
NC_003070.9,8601254,8601381,JUNC_16696,1,+,GT,AG,0.9994297,0.99904394,0.2208438515663147,0.9765442609786987
NC_003070.9,8601457,8601782,JUNC_16697,1,+,GT,AG,0.70098746,0.53869224,0.9479888081550598,0.9700231552124023
NC_003070.9,8601847,8602048,JUNC_16698,1,+,GT,AG,0.96610326,0.96951187,0.993407130241394,0.8970944285392761
NC_003070.9,8602150,8602346,JUNC_16699,1,+,GC,AG,0.78436875,0.8355004,0.7974815368652344,0.001354048028588295
NC_003070.9,8602436,8602539,JUNC_16700,1,+,GT,AG,1.0,1.0,0.23762036859989166,0.9949831962585449
NC_003070.9,8602614,8602718,JUNC_16701,1,+,GT,AG,0.99999285,0.9999913,0.9688229560852051,0.015315902419388294
NC_003070.9,8602751,8602827,JUNC_16702,1,+,GT,AG,0.8746872,0.7649094,0.16789893805980682,0.5748028755187988
NC_003070.9,8602902,8602993,JUNC_16703,1,+,GC,AG,0.9996513,0.9993341,0.022742202505469322,0.0012237164191901684
NC_003070.9,8603056,8603180,JUNC_16704,1,+,GT,AG,0.78270185,0.8119132,0.04906423017382622,0.00695556215941906
NC_003070.9,8603249,8603329,JUNC_16705,1,+,GT,AG,0.0028571591,0.0059390073,0.03827311471104622,0.010793616063892841
NC_003070.9,8603374,8603471,JUNC_16706,1,+,GT,AG,0.6513578,0.56342787,0.006782702635973692,0.0033983492758125067
NC_003070.9,8604594,8604690,JUNC_10016,1,-,GT,AG,0.9794262,0.9742721,0.000829641125164926,7.894274313002825e-05
NC_003070.9,8604735,8604814,JUNC_10017,1,-,GT,AG,0.017393434,0.024115743,0.8976128697395325,0.9242958426475525
NC_003070.9,8604883,8604997,JUNC_10018,1,-,GT,AG,0.998533,0.9987074,0.07177969068288803,0.17341911792755127
NC_003070.9,8605060,8605153,JUNC_10019,1,-,GC,AG,0.99903417,0.9993622,0.05329662933945656,0.6487647294998169
NC_003070.9,8605228,8605312,JUNC_10020,1,-,GT,AG,0.9814323,0.9749532,0.7772073745727539,0.03192223608493805
NC_003070.9,8605345,8605440,JUNC_10021,1,-,GT,AG,0.9999895,0.9999627,0.07110776752233505,0.6378275156021118
NC_003070.9,8605515,8605616,JUNC_10022,1,-,GT,AG,0.9999999,0.9999999,0.9527336359024048,0.0006029714713804424
NC_003070.9,8605706,8605847,JUNC_10023,1,-,GC,AG,0.9994954,0.9994702,0.010736562311649323,0.46819907426834106
NC_003070.9,8605949,8606169,JUNC_10024,1,-,GT,AG,0.96108,0.9699027,0.9165261387825012,0.9036295413970947
NC_003070.9,8606234,8606310,JUNC_10025,1,-,GT,AG,0.8201483,0.90330184,0.768488883972168,4.557748980005272e-05
NC_003070.9,8606386,8606507,JUNC_10026,1,-,GT,AG,0.9999888,0.99998975,0.010675209574401379,0.00023168571351561695
NC_003070.9,8606585,8606668,JUNC_10027,1,-,GT,AG,0.99996376,0.9999012,0.00027291596052236855,0.057212624698877335
NC_003070.9,8606742,8607198,JUNC_10028,1,-,GT,AG,1.0,0.9999999,0.085750050842762,0.6736530065536499
NC_003070.9,8614771,8614859,JUNC_18176,1,-,GT,AG,0.3984887,0.27338722,0.7213016152381897,0.0001830878754844889
NC_003070.9,8615005,8615115,JUNC_18177,1,-,GT,AG,0.9999826,0.9999789,0.031224757432937622,0.20038186013698578
NC_003070.9,8615188,8615283,JUNC_18178,1,-,GT,AG,0.9999937,0.99997234,0.0012585489312186837,0.00012802353012375534
NC_003070.9,8617437,8617616,JUNC_18179,1,-,GT,AG,1.0,0.9999999,0.004408257082104683,0.17357692122459412
NC_003070.9,8618327,8618464,JUNC_18180,1,-,GT,AG,0.99439925,0.98692036,0.8245720267295837,0.005733830388635397
NC_003070.9,8618563,8618661,JUNC_18181,1,-,GT,AG,0.9998784,0.99988604,0.4059024453163147,0.9769526720046997
NC_003070.9,8618752,8618878,JUNC_18182,1,-,GT,AG,0.9999937,0.9999876,0.9880968332290649,0.0010639609536156058
NC_003070.9,8619709,8619864,JUNC_18183,1,-,GT,AG,0.9999999,0.9999995,0.8087043762207031,0.747188150882721
NC_003070.9,8619935,8620353,JUNC_18184,1,-,GT,AG,0.9999995,0.99999964,0.005796660203486681,1.3390433650783962e-06
NC_003070.9,8631239,8631725,JUNC_17849,1,+,GT,AG,0.98496544,0.99363434,0.6204742193222046,0.857853353023529
NC_003070.9,8631829,8632186,JUNC_17850,1,+,GT,AG,0.9993328,0.99881697,0.0016587678110226989,0.9967166781425476
NC_003070.9,8632372,8632462,JUNC_17851,1,+,GT,AG,0.99625415,0.99768686,8.444973354926333e-05,0.0006115660071372986
NC_003070.9,8632570,8632721,JUNC_17852,1,+,GT,AG,1.0,1.0,0.0005717345629818738,6.840681407993543e-07
NC_003070.9,8633884,8634027,JUNC_17853,1,+,GT,AG,0.9973371,0.99708337,0.01139791589230299,0.03432171046733856
NC_003070.9,8635620,8635734,JUNC_14428,1,+,GT,AG,0.99940383,0.9973347,0.6033594012260437,0.2484893947839737
NC_003070.9,8635817,8635905,JUNC_14429,1,+,GT,AG,0.8015681,0.76341885,0.041915178298950195,0.942332923412323
NC_003070.9,8636041,8636153,JUNC_14430,1,+,GT,AG,0.9576512,0.9445899,0.0021801877301186323,0.5103309750556946
NC_003070.9,8636647,8636756,JUNC_14431,1,+,GT,AG,0.9976187,0.98986036,0.07402971386909485,0.5864143371582031
NC_003070.9,8636804,8636948,JUNC_14432,1,+,GT,AG,0.999851,0.99986756,0.06026749312877655,0.026662180200219154
NC_003070.9,8637123,8637475,JUNC_14433,1,+,GT,AG,0.9999975,0.99999833,0.5963917374610901,0.0002559669956099242
NC_003070.9,8637588,8637674,JUNC_14434,1,+,GT,AG,0.9999987,0.9999976,0.18578875064849854,3.060924427700229e-05
NC_003070.9,8637771,8637855,JUNC_14435,1,+,GT,AG,0.9995622,0.99898833,0.0596434660255909,0.005292004905641079
NC_003070.9,8638075,8638307,JUNC_14436,1,+,GT,AG,0.9999999,1.0,3.083233968936838e-05,3.0204665790734e-07
NC_003070.9,8639172,8639368,JUNC_13533,1,-,GT,AG,0.26743343,0.56241316,0.7127193808555603,1.027513098961208e-05
NC_003070.9,8639422,8639505,JUNC_13534,1,-,GT,AG,0.2675059,0.10999882,0.03168715909123421,0.00024446891620755196
NC_003070.9,8639598,8639736,JUNC_13535,1,-,GT,AG,0.9988349,0.9989711,0.45182058215141296,0.170680433511734
NC_003070.9,8639787,8639873,JUNC_13536,1,-,GT,AG,0.60933316,0.78615826,0.43500837683677673,0.9883744716644287
NC_003070.9,8640030,8640182,JUNC_13537,1,-,GT,AG,0.99975854,0.9995938,0.9992541670799255,0.00017299877072218806
NC_003070.9,8640475,8640740,JUNC_13538,1,-,GT,AG,0.00043805223,0.0001712375,0.08435357362031937,0.999555766582489
NC_003070.9,8646777,8646880,JUNC_13376,1,+,GT,AG,0.9999826,0.9999747,0.9980892539024353,0.9976221919059753
NC_003070.9,8648311,8648401,JUNC_15340,1,-,GT,AG,0.0085189715,0.00504616,0.9986012578010559,0.9795603156089783
NC_003070.9,8648530,8648622,JUNC_15341,1,-,GT,AG,0.81815165,0.68709093,0.0015469491481781006,0.2119106948375702
NC_003070.9,8651661,8651770,JUNC_16401,1,-,GT,AG,0.9574441,0.9526001,0.988731861114502,0.015163106843829155
NC_003070.9,8651839,8651930,JUNC_16402,1,-,GT,AG,0.9997341,0.9995838,0.1278994381427765,0.9675467610359192
NC_003070.9,8652022,8652119,JUNC_16403,1,-,GT,AG,0.99998474,0.9999572,0.05007970705628395,0.00018399332475382835
NC_003070.9,8652225,8652310,JUNC_16404,1,-,GT,AG,0.99999774,0.99999666,0.9899924397468567,0.9652112126350403
NC_003070.9,8652704,8652911,JUNC_16405,1,-,GT,AG,0.9998465,0.99949694,0.583341658115387,0.9666453003883362
NC_003070.9,8653295,8653379,JUNC_16406,1,-,GT,AG,0.16474047,0.24680942,3.845044830086408e-06,9.10804089926387e-08
NC_003070.9,8678939,8679033,JUNC_9306,1,+,GT,AG,0.8313209,0.7871324,0.16668601334095,0.00027969825896434486
NC_003070.9,8679559,8679856,JUNC_9307,1,+,GT,AG,0.999788,0.999458,0.7237796783447266,9.753539779921994e-05
NC_003070.9,8680464,8681003,JUNC_10705,1,+,GT,AG,0.999946,0.99992514,0.778070330619812,0.010233437642455101
NC_003070.9,8680464,8681325,JUNC_9308,1,+,GT,AG,0.9998272,0.99978715,0.07830942422151566,0.008539755828678608
NC_003070.9,8681063,8681325,JUNC_17041,1,+,GC,AG,0.93902713,0.9802541,0.6482555270195007,0.26166242361068726
NC_003070.9,8681475,8681599,JUNC_9309,1,+,GT,AG,0.9878265,0.9889332,0.0728834718465805,0.0020085126161575317
NC_003070.9,8685674,8685756,JUNC_6857,1,-,GT,AG,0.9999647,0.9998739,0.9578122496604919,0.050824765115976334
NC_003070.9,8685870,8685973,JUNC_6858,1,-,GT,AG,1.0,1.0,0.1700676530599594,5.51255607206258e-06
NC_003070.9,8686140,8686313,JUNC_6859,1,-,GT,AG,1.0,0.9999999,0.9018030166625977,0.9608385562896729
NC_003070.9,8686416,8686508,JUNC_6860,1,-,GT,AG,0.9999999,0.99999976,0.2360517531633377,0.8268876075744629
NC_003070.9,8686561,8686642,JUNC_6861,1,-,GT,AG,0.9999987,0.9999981,0.6447694897651672,0.031307220458984375
NC_003070.9,8686775,8686918,JUNC_6862,1,-,GT,AG,1.0,1.0,0.03707583621144295,0.7712977528572083
NC_003070.9,8687267,8687370,JUNC_6863,1,-,GT,AG,0.9999765,0.99998224,0.05864331126213074,0.04297731816768646
NC_003070.9,8687689,8687762,JUNC_8208,1,-,GT,AG,0.94009197,0.9647692,0.801692008972168,0.17988987267017365
NC_003070.9,8704023,8704105,JUNC_10664,1,+,GT,AG,0.9970393,0.98362124,0.019784100353717804,0.2872816026210785
NC_003070.9,8704182,8704600,JUNC_10665,1,+,GC,AG,0.99999833,0.99999917,0.028556765988469124,0.2742537558078766
NC_003070.9,8704712,8704840,JUNC_10666,1,+,GT,AG,1.0,1.0,0.9683676958084106,0.9943358302116394
NC_003070.9,8704957,8705289,JUNC_10667,1,+,GT,AG,0.99999905,0.99999845,0.7592723965644836,0.2404305785894394
NC_003070.9,8726661,8726960,JUNC_14741,1,-,GT,AG,0.9752408,0.9298908,0.5730575919151306,0.6308183073997498
NC_003070.9,8742063,8742150,JUNC_12400,1,+,GT,AG,0.7574489,0.7443043,0.23353669047355652,0.9849497079849243
NC_003070.9,8742344,8742440,JUNC_12401,1,+,GT,AG,0.9794588,0.9783036,0.0429939366877079,0.36362534761428833
NC_003070.9,8742566,8742676,JUNC_12402,1,+,GT,AG,0.9999989,0.9999974,0.11241138726472855,0.03829289227724075
NC_003070.9,8742718,8743208,JUNC_12403,1,+,GT,AG,0.99999976,0.99999976,0.00039831618778407574,4.142552279517986e-05
NC_003070.9,8743268,8743834,JUNC_12404,1,+,GT,AG,0.9999993,0.99999785,0.002028960734605789,0.0008796495967544615
NC_003070.9,8743897,8744103,JUNC_12405,1,+,GT,AG,0.9983908,0.998167,0.007263159845024347,0.005508435890078545
NC_003070.9,8744184,8744537,JUNC_12406,1,+,GT,AG,0.99977046,0.99992645,0.06613224744796753,6.72548048896715e-05
NC_003070.9,8744609,8744676,JUNC_12407,1,+,GT,AG,0.99986494,0.9998018,0.9979454874992371,0.9867455363273621
NC_003070.9,8744724,8744830,JUNC_12408,1,+,GT,AG,0.9667007,0.97694594,0.9952870607376099,0.9463793635368347
NC_003070.9,8744899,8744986,JUNC_12409,1,+,GT,AG,0.75687957,0.8153926,0.9533763527870178,0.9724075794219971
NC_003070.9,8745120,8745781,JUNC_12410,1,+,GT,AG,0.9999057,0.999772,0.4708223342895508,0.8276965022087097
NC_003070.9,8745857,8746170,JUNC_12411,1,+,GT,AG,1.0,1.0,0.9201385974884033,0.7848854064941406
NC_003070.9,8746364,8746778,JUNC_12412,1,+,GT,AG,0.99999905,0.99999845,0.9957138299942017,0.9975249171257019
NC_003070.9,8746859,8747013,JUNC_12413,1,+,GT,AG,0.97343206,0.9858067,0.20004798471927643,0.9490451216697693
NC_003070.9,8747218,8747296,JUNC_12414,1,+,GT,AG,0.9962465,0.99729735,0.3395102620124817,0.21013212203979492
NC_003070.9,8747524,8747606,JUNC_12415,1,+,GT,AG,0.9996088,0.9997936,0.5564097166061401,0.38521885871887207
NC_003070.9,8747687,8747776,JUNC_12416,1,+,GT,AG,0.9970591,0.9971589,0.4942575693130493,0.052018094807863235
NC_003070.9,8747896,8747984,JUNC_12417,1,+,GT,AG,0.99999964,0.99999917,0.19006066024303436,0.9973083734512329
NC_003070.9,8748044,8748520,JUNC_12418,1,+,GT,AG,0.9999999,0.9999999,0.9990053772926331,0.9825935959815979
NC_003070.9,8748648,8749297,JUNC_12419,1,+,GT,AG,1.0,0.9999999,0.9637255072593689,0.25680011510849
NC_003070.9,8749394,8749470,JUNC_12420,1,+,GT,AG,0.99961525,0.99800235,0.10146583616733551,0.8515150547027588
NC_003070.9,8749599,8750009,JUNC_12421,1,+,GT,AG,0.9999993,0.9999987,0.8280847668647766,0.5602881908416748
NC_003070.9,8750113,8750416,JUNC_12422,1,+,GT,AG,0.99999964,0.99999917,0.9005278944969177,0.9954392313957214
NC_003070.9,8750597,8750727,JUNC_12423,1,+,GT,AG,0.53644675,0.73473936,0.9590932130813599,0.9181264042854309
NC_003070.9,8750894,8751081,JUNC_12424,1,+,GT,AG,0.99999964,0.9999994,0.9249231219291687,0.4949140250682831
NC_003070.9,8751688,8751791,JUNC_12425,1,+,GT,AG,0.9999641,0.9999752,0.8245412111282349,0.9745849967002869
NC_003070.9,8751896,8752095,JUNC_12426,1,+,GT,AG,0.9999951,0.999995,0.8232774138450623,0.0008157170377671719
NC_003070.9,8752251,8752374,JUNC_16215,1,+,GC,AG,1.0,1.0,0.6849722266197205,0.0006880713626742363
NC_003070.9,8752455,8752525,JUNC_12428,1,+,GT,AG,0.99999976,0.99999976,0.0070393444038927555,0.959242582321167
NC_003070.9,8752918,8753378,JUNC_12429,1,+,GT,AG,0.9999764,0.9999869,0.9604712724685669,0.30449622869491577
NC_003070.9,8753586,8753666,JUNC_17922,1,+,GT,AG,0.9999174,0.9994901,0.7346286177635193,0.7901243567466736
NC_003070.9,8753586,8753669,JUNC_12430,1,+,GT,AG,0.9993286,0.99566513,0.15758299827575684,0.3160480260848999
NC_003070.9,8754475,8754715,JUNC_12431,1,+,GT,AG,0.9999993,0.9999981,0.0006849985220469534,0.0036690549459308386
NC_003070.9,8755026,8755176,JUNC_16216,1,+,GT,AG,0.38464406,0.38727388,0.058764610439538956,0.7884479761123657
NC_003070.9,8760043,8760160,JUNC_15330,1,-,GT,AG,0.99997425,0.9999676,0.8571246862411499,6.390761882357765e-06
NC_003070.9,8760348,8760458,JUNC_15331,1,-,GT,AG,0.9999994,0.9999974,0.00021294243924785405,0.0002641952014528215
NC_003070.9,8760998,8761086,JUNC_15332,1,-,GT,AG,0.9987927,0.9986732,0.06120454892516136,0.050067540258169174
NC_003070.9,8761158,8761272,JUNC_15333,1,-,GT,AG,0.9999709,0.99996924,1.7350510461255908e-05,0.08036477863788605
NC_003070.9,8761419,8761507,JUNC_15334,1,-,GT,AG,0.9999999,0.9999999,0.9881086945533752,0.7064192295074463
NC_003070.9,8761663,8761747,JUNC_15335,1,-,GT,AG,1.0,1.0,0.9931793212890625,0.9336802363395691
NC_003070.9,8761918,8762016,JUNC_15336,1,-,GT,AG,1.0,1.0,0.18979935348033905,0.9496389627456665
NC_003070.9,8762187,8762274,JUNC_15337,1,-,GT,AG,0.99999917,0.99999905,0.08334200829267502,0.00547972833737731
NC_003070.9,8762340,8762831,JUNC_15338,1,-,GT,AG,0.99991655,0.9997919,0.966620147228241,0.2932403087615967
NC_003070.9,8762917,8762991,JUNC_15339,1,-,GT,AG,0.9998592,0.9997509,0.00028411770472303033,0.9936832189559937
NC_003070.9,8776056,8776143,JUNC_5456,1,+,GT,AG,0.00010309702,0.00013454685,0.5147918462753296,1.4161321814754046e-05
NC_003070.9,8776178,8776285,JUNC_5457,1,+,GC,AG,0.9878301,0.9770039,0.03697284311056137,0.9019686579704285
NC_003070.9,8776339,8777013,JUNC_5458,1,+,GC,AG,0.99831903,0.9950505,0.008525069802999496,0.08401908725500107
NC_003070.9,8786249,8786336,JUNC_15648,1,-,GT,AG,0.99995697,0.9998627,0.44589152932167053,0.0001565034908708185
NC_003070.9,8786472,8786567,JUNC_15649,1,-,GT,AG,0.99418586,0.9952473,0.1589101105928421,0.3820815980434418
NC_003070.9,8786667,8786782,JUNC_15650,1,-,GT,AG,0.9999927,0.99999464,0.2753470838069916,0.0149486493319273
NC_003070.9,8786893,8786971,JUNC_15651,1,-,GT,AG,0.99997306,0.99995756,0.0811360627412796,0.13812042772769928
NC_003070.9,8787009,8787097,JUNC_15652,1,-,GT,AG,0.99999976,0.99999976,0.9982982277870178,0.9022554159164429
NC_003070.9,8787168,8787806,JUNC_15653,1,-,GT,AG,0.9999901,0.9999597,0.8352645039558411,0.004186458420008421
NC_003070.9,8813084,8813191,JUNC_4601,1,+,GC,AG,0.9878301,0.9770039,0.00023794853768777102,0.2668739855289459
NC_003070.9,8813245,8814733,JUNC_4602,1,+,GC,AG,0.9989151,0.99899215,0.03593578562140465,0.3629942536354065
NC_003070.9,8818968,8819069,JUNC_8102,1,+,GT,AG,0.7695498,0.83492213,0.74360191822052,0.03303571045398712
NC_003070.9,8819378,8819565,JUNC_8103,1,+,GT,AG,0.9996137,0.9994897,0.13608905673027039,0.1022241935133934
NC_003070.9,8819772,8819861,JUNC_8104,1,+,GT,AG,0.99999666,0.99998987,0.11531621217727661,0.3146628141403198
NC_003070.9,8819963,8820057,JUNC_8105,1,+,GT,AG,0.9998333,0.9997402,0.19036848843097687,0.11066309362649918
NC_003070.9,8820122,8820188,JUNC_8106,1,+,GT,AG,0.99973184,0.99938315,0.0046324054710567,0.00013086484977975488
NC_003070.9,8820333,8820442,JUNC_8107,1,+,GT,AG,0.99923325,0.9985133,0.00016204931307584047,0.0316140316426754
NC_003070.9,8827462,8827569,JUNC_8858,1,+,GC,AG,0.9878301,0.9770039,0.00014816194016020745,0.000553299265448004
NC_003070.9,8833346,8833447,JUNC_9971,1,+,GT,AG,0.7695498,0.83492213,0.9072010517120361,0.995164155960083
NC_003070.9,8833756,8833943,JUNC_9972,1,+,GT,AG,0.9996137,0.9994897,0.9556276798248291,0.9921044111251831
NC_003070.9,8834150,8834239,JUNC_9973,1,+,GT,AG,0.99999666,0.99998987,0.044737547636032104,9.23294501262717e-05
NC_003070.9,8834341,8834435,JUNC_9974,1,+,GT,AG,0.9998333,0.9997402,0.04971093684434891,0.19495567679405212
NC_003070.9,8834472,8834566,JUNC_9975,1,+,GT,AG,0.6190459,0.6861489,0.2914658188819885,0.5656859874725342
NC_003070.9,8834711,8834820,JUNC_9976,1,+,GT,AG,0.99923325,0.9985133,0.6842214465141296,0.19406750798225403
NC_003070.9,8852868,8852953,JUNC_4746,1,-,GT,GA,4.512965e-06,5.5163378e-06,0.07168528437614441,0.008505110628902912
NC_003070.9,8857889,8858082,JUNC_3686,1,+,GT,AG,0.9999932,0.9999956,0.03219037875533104,0.14804892241954803
NC_003070.9,8858145,8858377,JUNC_3687,1,+,GT,AG,0.01354081,0.007191993,0.0012629871489480138,0.638807475566864
NC_003070.9,8858494,8858937,JUNC_3688,1,+,GT,AG,0.99988914,0.99972874,0.9700618386268616,0.006592326797544956
NC_003070.9,8859184,8859277,JUNC_3689,1,+,GC,AG,0.09662244,0.09117746,0.3996439576148987,0.9451968669891357
NC_003070.9,8859436,8859504,JUNC_3690,1,+,GT,AG,0.97921205,0.99500024,4.0664658627065364e-06,0.002726324601098895
NC_003070.9,8859656,8859743,JUNC_3691,1,+,GT,AG,0.99802446,0.9977545,0.010395440272986889,0.005298476200550795
NC_003070.9,8864263,8864870,JUNC_14437,1,+,GT,AG,1.3752387e-05,1.22551655e-05,0.8149065971374512,4.79758739402314e-07
NC_003070.9,8865326,8865424,JUNC_14438,1,+,GT,AG,0.99004084,0.98641706,0.0006524519412778318,0.6482737064361572
NC_003070.9,8865728,8865857,JUNC_14439,1,+,GT,AG,0.9999887,0.9999782,0.015737196430563927,0.046074364334344864
NC_003070.9,8885360,8885490,JUNC_17960,1,+,GT,AG,0.31314248,0.33516487,0.1415383368730545,0.07294058799743652
NC_003070.9,8885620,8885700,JUNC_6289,1,+,GT,AG,0.05941878,0.047382686,0.013022543862462044,0.0488656684756279
NC_003070.9,8898108,8898205,JUNC_4535,1,-,GT,AG,0.99999297,0.9999907,4.142799753026338e-06,0.0002157778653781861
NC_003070.9,8951310,8951673,JUNC_9904,1,+,GT,AG,0.9969996,0.99265796,0.015825510025024414,0.002346587600186467
NC_003070.9,8952092,8952186,JUNC_9905,1,+,GT,AG,0.99997973,0.9999646,0.9957451224327087,0.992460310459137
NC_003070.9,8952433,8952629,JUNC_9906,1,+,GT,AG,0.9999988,0.9999981,0.985995352268219,0.0004017709579784423
NC_003070.9,8952742,8952875,JUNC_9907,1,+,GT,AG,0.9999778,0.99997723,0.011416393332183361,0.9966621398925781
NC_003070.9,8952955,8953176,JUNC_9908,1,+,GT,AG,1.0,1.0,0.9875652194023132,0.94935142993927
NC_003070.9,8953318,8953401,JUNC_9909,1,+,GT,AG,0.9999999,0.9999989,9.088133811019361e-05,0.0005646764766424894
NC_003070.9,8953482,8953664,JUNC_9910,1,+,GT,AG,0.72101736,0.5863153,0.0001873181900009513,0.00013541946827899665
NC_003070.9,8953769,8953854,JUNC_9911,1,+,GT,AG,0.99998105,0.9999598,0.38690388202667236,0.9811505675315857
NC_003070.9,8954037,8954118,JUNC_9912,1,+,GT,AG,0.99999845,0.99999654,0.9985077977180481,0.9293004274368286
NC_003070.9,8954211,8954381,JUNC_9913,1,+,GT,AG,0.99999404,0.9999888,0.9672828912734985,0.9508134722709656
NC_003070.9,8954521,8954620,JUNC_9914,1,+,GT,AG,0.9937902,0.9877242,0.9954467415809631,0.002527870936319232
NC_003070.9,8954687,8954776,JUNC_9915,1,+,GT,AG,0.9999658,0.99995863,0.04506412148475647,0.003424176713451743
NC_003070.9,9040443,9040538,JUNC_8276,1,-,GT,AG,0.9519236,0.9857415,0.013917108997702599,0.006206690799444914
NC_003070.9,9040615,9040704,JUNC_8277,1,-,GT,AG,0.5645212,0.5039825,0.33050012588500977,0.0001826488587539643
NC_003070.9,9040775,9040897,JUNC_8278,1,-,GT,AG,0.709779,0.89740944,0.007304601836949587,6.804452254982607e-07
NC_003070.9,9040984,9041059,JUNC_8279,1,-,GT,AG,0.999767,0.99946624,5.183917164686136e-05,0.05545567348599434
NC_003070.9,9041470,9041735,JUNC_8280,1,-,GT,AG,1.0,1.0,0.11257075518369675,0.00018948476645164192
NC_003070.9,9057539,9057622,JUNC_12553,1,-,GT,AG,0.14702804,0.2048699,0.04514716938138008,0.9874427914619446
NC_003070.9,9057873,9057989,JUNC_14369,1,-,GT,AG,0.024373053,0.10941226,0.9534590244293213,0.9910253286361694
NC_003070.9,9057895,9057989,JUNC_10943,1,-,GT,AG,0.3534826,0.29812694,0.9186171889305115,0.02397318184375763
NC_003070.9,9058104,9058187,JUNC_10944,1,-,GT,AG,0.9669017,0.9814325,0.004407971166074276,0.999174177646637
NC_003070.9,9058315,9058393,JUNC_10945,1,-,GT,AG,1.0,1.0,0.11663690209388733,0.05309484153985977
NC_003070.9,9058516,9058669,JUNC_10946,1,-,GT,AG,0.9999993,0.99999857,0.0804099291563034,0.011311205103993416
NC_003070.9,9058864,9058997,JUNC_10947,1,-,GT,AG,0.99940753,0.9994327,0.0006643857341259718,0.05524329096078873
NC_003070.9,9059171,9059292,JUNC_10948,1,-,GT,AG,1.0,1.0,0.002521764487028122,0.00021012328215874732
NC_003070.9,9059406,9059496,JUNC_10949,1,-,GT,AG,0.9999676,0.999941,0.006422773934900761,0.0001456342579331249
NC_003070.9,9059692,9059873,JUNC_10950,1,-,GT,AG,0.99999964,0.99999976,0.03953079134225845,2.828198739734944e-05
NC_003070.9,9059988,9060096,JUNC_10951,1,-,GT,AG,0.9999994,0.9999976,0.11100130528211594,0.13124734163284302
NC_003070.9,9060446,9060878,JUNC_10952,1,-,GT,AG,0.9998989,0.9999373,0.9069547057151794,0.0009005347383208573
NC_003070.9,9067301,9067380,JUNC_10042,1,-,GT,AG,0.0052602678,0.009438439,3.953318082494661e-05,0.003062560223042965
NC_003070.9,9071891,9071972,JUNC_3850,1,-,GT,AG,0.009326335,0.011032902,0.05387568846344948,0.0030836164951324463
NC_003070.9,9072606,9072685,JUNC_8416,1,-,GT,AG,0.94145906,0.91761,0.8039052486419678,0.05356084182858467
NC_003070.9,9072778,9072846,JUNC_8417,1,-,GT,AG,0.9944618,0.99288744,0.08090569823980331,0.0008836278575472534
NC_003070.9,9072939,9073015,JUNC_8418,1,-,GT,AG,0.9997516,0.9995846,0.0017404846148565412,0.30057090520858765
NC_003070.9,9073120,9073196,JUNC_8419,1,-,GT,AG,0.2112836,0.3599947,0.1572626680135727,0.9312496185302734
NC_003070.9,9073268,9073336,JUNC_5058,1,-,GT,AG,0.567082,0.48699278,0.06459423899650574,0.009174495935440063
NC_003070.9,9073414,9073561,JUNC_5059,1,-,GT,AG,0.9601617,0.95346856,0.04677169770002365,0.028322558850049973
NC_003070.9,9073731,9073831,JUNC_5060,1,-,GT,AG,0.9999994,0.9999975,0.9693193435668945,0.11140502244234085
NC_003070.9,9074066,9074153,JUNC_5061,1,-,GT,AG,0.9999999,0.9999999,0.9868491888046265,0.9946683049201965
NC_003070.9,9074396,9074493,JUNC_5062,1,-,GT,AG,0.99999917,0.9999982,0.9188276529312134,0.2772539556026459
NC_003070.9,9074589,9074677,JUNC_5063,1,-,GT,AG,1.0,1.0,0.4439827799797058,0.008430142886936665
NC_003070.9,9074815,9074909,JUNC_5064,1,-,GT,AG,0.999496,0.9983916,0.02166561968624592,0.9113920331001282
NC_003070.9,9075031,9075104,JUNC_14421,1,-,GT,AG,0.44413418,0.15044686,0.9996101260185242,0.9947623610496521
NC_003070.9,9075035,9075104,JUNC_5065,1,-,GT,AG,0.6186512,0.5755673,0.0024854601360857487,4.69112055725418e-05
NC_003070.9,9084149,9084323,JUNC_8938,1,-,GT,AG,3.375745e-13,3.731536e-12,0.9610505104064941,6.726384890498593e-05
NC_003070.9,9084539,9084659,JUNC_8939,1,-,GT,AG,3.076799e-12,1.5916816e-10,0.10515843331813812,0.00042419772944413126
NC_003070.9,9086897,9087163,JUNC_8824,1,+,GT,AG,0.99933565,0.99940515,0.5328189730644226,0.9088137149810791
NC_003070.9,9087762,9087835,JUNC_4029,1,+,GT,AG,0.9999802,0.9999846,0.08988378942012787,0.011413119733333588
NC_003070.9,9088003,9088088,JUNC_4030,1,+,GT,AG,0.9999858,0.9999869,0.5414019823074341,0.005537122022360563
NC_003070.9,9088154,9088255,JUNC_4031,1,+,GT,AG,0.95250386,0.95415354,2.8908638341818005e-05,0.00010596524953143671
NC_003070.9,9088324,9088434,JUNC_4032,1,+,GT,AG,0.10094996,0.050585892,0.8725191950798035,0.00018696747429203242
NC_003070.9,9088506,9088594,JUNC_4033,1,+,GT,AG,0.5108071,0.8045406,0.0007588424487039447,0.17914390563964844
NC_003070.9,9088732,9088836,JUNC_4034,1,+,GT,AG,0.88457876,0.9010406,6.089734597480856e-06,0.0049993665888905525
NC_003070.9,9088924,9089012,JUNC_4035,1,+,GT,AG,0.9962167,0.9905873,0.21487560868263245,0.0005297977477312088
NC_003070.9,9118033,9118353,JUNC_5321,1,-,GT,AG,0.99986875,0.99984956,0.0003271814784966409,0.0003712519828695804
NC_003070.9,9144273,9144361,JUNC_3176,1,-,GT,AG,0.6374708,0.86905956,0.0038932734169065952,0.8525443077087402
NC_003070.9,9144736,9144826,JUNC_3177,1,-,GT,AG,0.9955797,0.989389,0.9613865613937378,0.9899436235427856
NC_003070.9,9144921,9144994,JUNC_3178,1,-,GT,AG,0.99998736,0.99997365,0.4657456576824188,0.9979092478752136
NC_003070.9,9145114,9145300,JUNC_3179,1,-,GT,AG,9.084546e-09,3.095301e-08,0.9730465412139893,0.025162309408187866
NC_003070.9,9145195,9145300,JUNC_13453,1,-,GT,AG,2.5589655e-08,3.9621725e-08,0.9981361627578735,0.9746671319007874
NC_003070.9,9145340,9145412,JUNC_3180,1,-,GT,AG,0.9998049,0.99975103,0.03197447210550308,0.9919195175170898
NC_003070.9,9145696,9145984,JUNC_3181,1,-,GT,AG,0.055702344,0.04340103,0.04070204868912697,0.9404149651527405
NC_003070.9,9155253,9155339,JUNC_18011,1,+,GT,AG,5.4732536e-05,2.8390563e-05,0.9899740815162659,0.001075376057997346
NC_003070.9,9155412,9155604,JUNC_18012,1,+,GC,AG,0.994474,0.9925767,0.9974268078804016,0.9935298562049866
NC_003070.9,9155656,9155754,JUNC_18013,1,+,GT,AG,0.99995995,0.99990165,0.8048141002655029,0.026409659534692764
NC_003070.9,9155824,9155949,JUNC_18014,1,+,GT,AG,1.0,1.0,0.0021254445891827345,5.245441570878029e-06
NC_003070.9,9168435,9168558,JUNC_8851,1,-,GT,AG,0.9999995,0.9999995,0.007259208709001541,0.029910530894994736
NC_003070.9,9168666,9168754,JUNC_8852,1,-,GT,AG,0.9999672,0.99991524,0.0024306548293679953,2.1381717942858813e-06
NC_003070.9,9168836,9168936,JUNC_8853,1,-,GT,AG,0.9999957,0.99998295,0.5391359925270081,0.13771797716617584
NC_003070.9,9169064,9169160,JUNC_8854,1,-,GT,AG,0.9740356,0.95250785,0.9158400893211365,0.02168666571378708
NC_003070.9,9169248,9169329,JUNC_8855,1,-,GT,AG,0.9996351,0.999556,0.024419130757451057,0.06985463201999664
NC_003070.9,9169494,9169577,JUNC_8856,1,-,GT,AG,0.9991426,0.9993316,0.22466902434825897,1.0275804925186094e-05
NC_003070.9,9170000,9170354,JUNC_8857,1,-,GT,AG,0.9999999,0.99999976,6.68527209199965e-05,0.31931471824645996
NC_003070.9,9178665,9179409,JUNC_13818,1,+,GT,AG,0.00042605508,0.0008227194,0.5917103886604309,0.9889946579933167
NC_003070.9,9179535,9179635,JUNC_13819,1,+,GT,AG,0.9998989,0.99993205,0.9971100687980652,0.7572936415672302
NC_003070.9,9179711,9179837,JUNC_13820,1,+,GT,AG,0.99962217,0.99979144,0.9916142225265503,0.9900876879692078
NC_003070.9,9179909,9180082,JUNC_13821,1,+,GT,AG,0.9470067,0.8942992,0.975737452507019,0.0003202802618034184
NC_003070.9,9180170,9180277,JUNC_13822,1,+,GT,AG,0.84247637,0.8075463,0.2117343544960022,0.043427418917417526
NC_003070.9,9180533,9180612,JUNC_13823,1,+,GT,AG,0.99996483,0.9999685,0.3413521647453308,0.9652031660079956
NC_003070.9,9180728,9180810,JUNC_13824,1,+,GT,AG,0.9952591,0.9959195,0.9987026453018188,0.9887735247612
NC_003070.9,9181034,9181120,JUNC_13825,1,+,GT,AG,0.9982012,0.9960892,0.36177507042884827,0.252242773771286
NC_003070.9,9181152,9181259,JUNC_13826,1,+,GT,AG,0.20288593,0.18965907,0.10616680979728699,0.9145892262458801
NC_003070.9,9181362,9181439,JUNC_13827,1,+,GT,AG,0.3666943,0.42284933,0.07653523981571198,0.14506544172763824
NC_003070.9,9182301,9182779,JUNC_3009,1,+,GT,AG,0.9926117,0.99328506,0.3738906979560852,0.8590393662452698
NC_003070.9,9197756,9197952,JUNC_3774,1,-,GT,AG,1.0,1.0,0.8412275314331055,0.8810304403305054
NC_003070.9,9198541,9198623,JUNC_3775,1,-,GT,AG,0.99998784,0.9999802,0.004819517023861408,0.00024732109159231186
NC_003070.9,9198769,9199346,JUNC_3776,1,-,GT,AG,0.999887,0.9995802,0.9996654987335205,0.6483144760131836
NC_003070.9,9206087,9206451,JUNC_9171,1,+,GT,AG,0.9999999,0.99999976,0.9978833794593811,0.996850311756134
NC_003070.9,9206574,9206671,JUNC_9172,1,+,GT,AG,1.0,1.0,0.7892707586288452,0.9965353012084961
NC_003070.9,9206728,9206816,JUNC_9173,1,+,GT,AG,0.99994457,0.9998691,0.4617830216884613,0.00011402527161408216
NC_003070.9,9206891,9206971,JUNC_15000,1,+,GT,AG,0.87326497,0.8627919,0.0001382337650284171,0.998820960521698
NC_003070.9,9206891,9206993,JUNC_9174,1,+,GT,AG,0.9999944,0.99999046,0.9981517195701599,0.9153568148612976
NC_003070.9,9211885,9212295,JUNC_18095,1,+,GT,AG,1.0,1.0,0.17487399280071259,0.24559159576892853
NC_003070.9,9212389,9212504,JUNC_18096,1,+,GT,AG,0.9995944,0.9992104,0.8848956227302551,0.18786241114139557
NC_003070.9,9212609,9212840,JUNC_18097,1,+,GT,AG,0.9633889,0.73827225,0.9930946826934814,0.9784741997718811
NC_003070.9,9212942,9213219,JUNC_18098,1,+,GT,AG,0.9999999,0.9999999,0.9918578267097473,0.5576120615005493
NC_003070.9,9213327,9213481,JUNC_18099,1,+,GT,AG,1.0,1.0,0.759967029094696,5.274640352581628e-05
NC_003070.9,9213536,9213693,JUNC_18100,1,+,GT,AG,0.99999714,0.99999344,0.00429912842810154,0.9834926128387451
NC_003070.9,9214265,9214503,JUNC_4765,1,+,GT,AG,0.9992157,0.9998078,0.9863098859786987,0.9164445996284485
NC_003070.9,9214733,9214822,JUNC_4766,1,+,GT,AG,0.9999908,0.9999875,0.9294198155403137,0.45055821537971497
NC_003070.9,9214903,9214990,JUNC_4767,1,+,GT,AG,0.9999995,0.99999917,0.028947219252586365,0.9989604949951172
NC_003070.9,9215093,9215176,JUNC_4768,1,+,GT,AG,1.0,1.0,0.1214604452252388,0.0002182404132327065
NC_003070.9,9215266,9215354,JUNC_4769,1,+,GT,AG,0.99928087,0.998284,7.283914328581886e-06,0.009967662394046783
NC_003070.9,9246951,9247162,JUNC_9071,1,+,GT,AG,0.9247908,0.954656,4.37218914157711e-05,3.8302878238027915e-06
NC_003070.9,9247285,9247536,JUNC_9072,1,+,GT,AG,0.99999976,0.9999995,0.00012408278416842222,0.00033529402571730316
NC_003070.9,9247639,9247786,JUNC_9073,1,+,GT,AG,1.0,1.0,0.07652832567691803,0.0004262652946636081
NC_003070.9,9271429,9271682,JUNC_16166,1,+,GT,AG,0.9999341,0.99993443,0.9981808662414551,0.9822722673416138
NC_003070.9,9287074,9287164,JUNC_18081,1,-,GT,AG,0.39227885,0.3177141,0.11414291709661484,0.9903237819671631
NC_003070.9,9287272,9287353,JUNC_18082,1,-,GT,AG,0.99999917,0.9999994,0.039399050176143646,0.9895743727684021
NC_003070.9,9287533,9287624,JUNC_18083,1,-,GT,AG,0.9998758,0.99975127,0.9995235204696655,0.024145765230059624
NC_003070.9,9287753,9287841,JUNC_18084,1,-,GT,AG,0.9638249,0.9627301,0.9793710708618164,0.9930508136749268
NC_003070.9,9288123,9288216,JUNC_18085,1,-,GT,AG,0.8489498,0.91914624,0.9637885093688965,0.9450782537460327
NC_003070.9,9288452,9288543,JUNC_18086,1,-,GT,AG,0.9994623,0.9977932,0.990911602973938,0.9446789026260376
NC_003070.9,9289428,9289778,JUNC_18087,1,-,GT,AG,0.99933964,0.9998727,0.996900200843811,0.9960309863090515
NC_003070.9,9289994,9290066,JUNC_18088,1,-,GT,AG,0.49123418,0.49990633,0.9807001352310181,0.9969388246536255
NC_003070.9,9298941,9299035,JUNC_17552,1,+,GT,AG,0.99104464,0.99382013,0.1299479454755783,0.9241356253623962
NC_003070.9,9299082,9299181,JUNC_17553,1,+,GT,AG,0.99998975,0.9999925,0.989343523979187,0.5573774576187134
NC_003070.9,9299286,9299386,JUNC_17554,1,+,GT,AG,0.9997398,0.99975246,0.9960575103759766,0.8422481417655945
NC_003070.9,9299467,9299565,JUNC_17555,1,+,GT,AG,0.9196552,0.8515258,0.0003796661621890962,0.8906675577163696
NC_003070.9,9299677,9299757,JUNC_17556,1,+,GT,AG,0.9999114,0.9995956,0.14786449074745178,0.00038898433558642864
NC_003070.9,9299820,9299906,JUNC_17557,1,+,GT,AG,0.9463601,0.9382859,0.005862763617187738,0.017266100272536278
NC_003070.9,9299994,9300138,JUNC_17558,1,+,GT,AG,0.3458662,0.3502201,0.1067822054028511,2.460650648572482e-06
NC_003070.9,9300203,9300328,JUNC_17559,1,+,GT,AG,0.99864143,0.9967961,0.0013466525124385953,0.040889620780944824
NC_003070.9,9300425,9300526,JUNC_17560,1,+,GT,AG,0.99987185,0.9997646,0.0061009954661130905,0.00011128724145237356
NC_003070.9,9301371,9301461,JUNC_9242,1,-,GT,AG,0.9998295,0.99991405,0.005229481495916843,0.028810838237404823
NC_003070.9,9301539,9301630,JUNC_9243,1,-,GT,AG,0.99835706,0.9984704,0.020860033109784126,7.884660590207204e-05
NC_003070.9,9302020,9302103,JUNC_690,1,-,GT,AG,0.99999714,0.99999714,0.11411181837320328,0.1290256232023239
NC_003070.9,9302398,9302490,JUNC_691,1,-,GT,AG,0.99879944,0.9988009,0.16481077671051025,0.0871497169137001
NC_003070.9,9302701,9302781,JUNC_692,1,-,GT,AG,0.99965024,0.9985912,0.3817530572414398,0.006843406707048416
NC_003070.9,9303439,9303908,JUNC_9244,1,-,GT,AG,0.3360241,0.25798142,0.8554746508598328,0.6791637539863586
NC_003070.9,9321718,9322071,JUNC_10941,1,+,GT,AG,0.9999988,0.9999974,0.650294840335846,0.000764378986787051
NC_003070.9,9322573,9322659,JUNC_10942,1,+,GT,AG,0.9721049,0.9515118,0.00786463264375925,0.009863944724202156
NC_003070.9,9343303,9343482,JUNC_2056,1,+,GT,AG,0.998095,0.9939855,9.015428076963872e-06,0.04452914372086525
NC_003070.9,9343647,9343742,JUNC_2057,1,+,GT,AG,0.9999896,0.9999752,0.8325967788696289,0.8806469440460205
NC_003070.9,9343891,9344055,JUNC_2058,1,+,GT,AG,0.9999999,0.9999999,0.01708277314901352,0.02754361368715763
NC_003070.9,9344128,9344207,JUNC_2059,1,+,GT,AG,0.802224,0.75430185,2.4860515623004176e-05,0.006659387610852718
NC_003070.9,9344297,9344388,JUNC_2060,1,+,GT,AG,0.99999523,0.99999344,1.1121912848466309e-06,0.0009845802560448647
NC_003070.9,9344428,9344771,JUNC_2061,1,+,GT,AG,1.0,1.0,1.4394758181879297e-05,2.113732762154541e-06
NC_003070.9,9344854,9344941,JUNC_2062,1,+,GT,AG,0.9999938,0.99999154,0.464877188205719,0.16533596813678741
NC_003070.9,9356231,9356312,JUNC_8112,1,+,GT,AG,0.9999962,0.99999285,0.24339379370212555,0.0021485493052750826
NC_003070.9,9356683,9356948,JUNC_8113,1,+,GT,AG,0.9999908,0.99997306,0.005152369849383831,0.13108932971954346
NC_003070.9,9359883,9360005,JUNC_16069,1,+,GT,AG,0.0034973822,0.0043545826,0.9992363452911377,8.716119191376492e-05
NC_003070.9,9360352,9360449,JUNC_16070,1,+,GT,AG,0.83146214,0.83673525,5.402585520641878e-05,0.000662187288980931
NC_003070.9,9360588,9360772,JUNC_16071,1,+,GT,AG,0.9999634,0.9999324,0.7329715490341187,0.9253109097480774
NC_003070.9,9360903,9361102,JUNC_16072,1,+,GT,AG,0.9999292,0.99995184,0.09423904865980148,0.08150681853294373
NC_003070.9,9365037,9365159,JUNC_10680,1,+,GT,AG,7.125578000000001e-17,2.1675983000000003e-16,0.38827160000801086,0.8354384303092957
NC_003070.9,9365252,9365562,JUNC_10681,1,+,GT,AG,1.7202502e-13,2.9485233e-13,0.3456631302833557,0.004483408760279417
NC_003070.9,9381880,9381956,JUNC_2943,1,+,GT,AG,0.9980283,0.99812007,0.5780538320541382,0.5568537712097168
NC_003070.9,9382109,9382200,JUNC_2944,1,+,GT,AG,0.99999917,0.99999857,0.9671704769134521,0.9381927251815796
NC_003070.9,9382419,9382507,JUNC_2945,1,+,GT,AG,0.9661143,0.95433104,0.997528612613678,0.9911651015281677
NC_003070.9,9382623,9383099,JUNC_2946,1,+,GT,AG,0.16368136,0.25103366,0.9410118460655212,0.9830410480499268
NC_003070.9,9383263,9383370,JUNC_2947,1,+,GT,AG,0.95376873,0.96237534,0.9863119721412659,0.07960504293441772
NC_003070.9,9383525,9383625,JUNC_2948,1,+,GT,AG,0.99423254,0.98785233,0.5022025108337402,0.912254810333252
NC_003070.9,9387825,9387916,JUNC_3692,1,-,GT,AG,0.9999224,0.9998463,0.004745945800095797,0.014974668622016907
NC_003070.9,9388354,9389390,JUNC_3693,1,-,GT,AG,0.9962294,0.9986127,0.3731212317943573,0.2529292404651642
NC_003070.9,9389608,9389735,JUNC_3694,1,-,GT,AG,0.9999999,0.9999999,0.3000178337097168,0.0005327614489942789
NC_003070.9,9389847,9390015,JUNC_3695,1,-,GT,AG,0.97863835,0.97095495,0.32408612966537476,0.33132049441337585
NC_003070.9,9392010,9392113,JUNC_15636,1,+,GT,AG,0.009333133,0.009179194,0.0819496139883995,0.10883955657482147
NC_003070.9,9392596,9392671,JUNC_6847,1,+,GT,AG,0.09390395,0.093646735,0.5518556833267212,0.21746447682380676
NC_003070.9,9395218,9395299,JUNC_17751,1,+,GT,AG,0.9998047,0.99985886,0.025863025337457657,0.0022405197378247976
NC_003070.9,9395452,9395533,JUNC_17752,1,+,GT,AG,0.99999106,0.99998105,0.004660531412810087,0.15920256078243256
NC_003070.9,9395692,9395765,JUNC_17753,1,+,GT,AG,0.9942047,0.9848823,0.5636941194534302,0.9149757027626038
NC_003070.9,9395924,9396016,JUNC_17754,1,+,GT,AG,0.99107075,0.98990357,0.1650676727294922,0.34201717376708984
NC_003070.9,9396148,9396227,JUNC_17755,1,+,GT,AG,0.9999993,0.999997,0.4917024075984955,0.010845397599041462
NC_003070.9,9396392,9396476,JUNC_17756,1,+,GT,AG,0.9999944,0.99997795,0.003625242505222559,0.012927360832691193
NC_003070.9,9413113,9413194,JUNC_4505,1,-,GT,AG,0.9995208,0.99917793,0.01607297547161579,0.10646813362836838
NC_003070.9,9413259,9413355,JUNC_4506,1,-,GT,AG,0.805181,0.78771967,0.4246293902397156,0.23769398033618927
NC_003070.9,9413621,9413715,JUNC_4507,1,-,GT,AG,0.9999987,0.9999982,0.03856378793716431,0.001092559308744967
NC_003070.9,9413767,9413861,JUNC_4508,1,-,GT,AG,0.9996012,0.9997147,0.08734354376792908,0.12051208317279816
NC_003070.9,9413968,9414056,JUNC_4509,1,-,GT,AG,0.9999926,0.9999906,1.2868086969319847e-06,0.0101507268846035
NC_003070.9,9414164,9414250,JUNC_4510,1,-,GT,AG,0.99999785,0.9999987,0.02291017957031727,0.0001301171287195757
NC_003070.9,9414380,9414475,JUNC_4511,1,-,GT,AG,0.99859923,0.9920832,0.0007670344784855843,0.01687045954167843
NC_003070.9,9414570,9414659,JUNC_4512,1,-,GT,AG,0.99992955,0.9999285,0.06718071550130844,0.052561204880476
NC_003070.9,9414803,9414923,JUNC_4513,1,-,GT,AG,0.9999747,0.99995244,0.00012038665590807796,0.27199867367744446
NC_003070.9,9415025,9415140,JUNC_4514,1,-,GT,AG,0.9999999,0.9999999,0.021219376474618912,0.0009417139808647335
NC_003070.9,9415239,9415383,JUNC_4515,1,-,GT,AG,1.0,1.0,0.009308037348091602,0.9880417585372925
NC_003070.9,9415536,9415789,JUNC_4516,1,-,GT,AG,1.0,0.9999999,0.007113555446267128,0.012825505807995796
NC_003070.9,9422244,9422343,JUNC_17459,1,+,GT,AG,0.2612806,0.59467965,1.906713623611722e-05,6.059030056349002e-05
NC_003070.9,9422597,9422667,JUNC_17460,1,+,GT,AG,0.9279122,0.8774116,0.0033369758166372776,0.022898249328136444
NC_003070.9,9422958,9423031,JUNC_17461,1,+,GT,AG,0.99999,0.999992,4.980324206371733e-07,0.003084629774093628
NC_003070.9,9423160,9423234,JUNC_17462,1,+,GT,AG,0.99999225,0.99997425,0.0010842038318514824,0.05134036764502525
NC_003070.9,9423408,9423500,JUNC_17463,1,+,GT,AG,0.9999962,0.9999943,0.0014919020468369126,1.0141495295101777e-05
NC_003070.9,9423608,9423700,JUNC_17464,1,+,GT,AG,0.9999993,0.9999995,0.7757765054702759,0.026134798303246498
NC_003070.9,9425908,9426240,JUNC_3403,1,+,GT,AG,0.9999999,0.99999976,0.0002588258357718587,0.016193103045225143
NC_003070.9,9428187,9428314,JUNC_10724,1,+,GT,AG,0.9865845,0.9591581,0.887992799282074,0.36751970648765564
NC_003070.9,9440331,9441866,JUNC_15763,1,+,GT,AG,0.99998915,0.9999908,0.7152472138404846,0.5310339331626892
NC_003070.9,9443016,9443102,JUNC_6909,1,+,GT,AG,0.9999583,0.9998636,0.9479838609695435,0.4125150442123413
NC_003070.9,9443513,9443587,JUNC_6910,1,+,GT,AG,0.9999958,0.99998784,0.14568151533603668,0.9951598048210144
NC_003070.9,9445189,9445269,JUNC_6911,1,+,GT,AG,0.85401046,0.8214523,0.004137582611292601,0.27971935272216797
NC_003070.9,9472219,9472302,JUNC_17441,1,+,GT,AG,0.9999963,0.99999666,0.9981057643890381,0.0007696986431255937
NC_003070.9,9472596,9472692,JUNC_17442,1,+,GT,AG,0.99999964,0.99999857,0.9726961255073547,0.9974340796470642
NC_003070.9,9472810,9472896,JUNC_17443,1,+,GT,AG,0.99952006,0.999342,0.014203686267137527,0.0018390573095530272
NC_003070.9,9472998,9473080,JUNC_17444,1,+,GT,AG,0.9999747,0.99993753,0.13105100393295288,0.0017120509874075651
NC_003070.9,9484686,9485493,JUNC_16346,1,-,GT,AG,0.9942422,0.9971131,0.00036213116254657507,4.472359796636738e-05
NC_003070.9,9488286,9488567,JUNC_17256,1,+,GT,AG,0.8810142,0.7631962,0.011700574308633804,0.004629677161574364
NC_003070.9,9488849,9489051,JUNC_17257,1,+,GT,AG,1.0,0.9999999,0.6050986051559448,0.0187845416367054
NC_003070.9,9489221,9489309,JUNC_17258,1,+,GT,AG,0.99991214,0.99987864,0.4197528660297394,0.392264723777771
NC_003070.9,9489522,9489618,JUNC_17259,1,+,GT,AG,1.0,1.0,0.01530596986413002,0.010419342666864395
NC_003070.9,9489805,9489898,JUNC_17260,1,+,GT,AG,0.9999994,0.9999993,0.0008826745906844735,0.23058636486530304
NC_003070.9,9489950,9490064,JUNC_17261,1,+,GT,AG,0.99999475,0.99999714,3.442291199462488e-05,0.0004781280877068639
NC_003070.9,9490294,9490382,JUNC_17262,1,+,GT,AG,0.99307454,0.99684036,1.0001783266488928e-05,0.00010271067003486678
NC_003070.9,9490481,9490567,JUNC_17263,1,+,GT,AG,0.99999034,0.9999796,0.2558574378490448,2.8335654860711657e-05
NC_003070.9,9491673,9491762,JUNC_17264,1,+,GT,AG,0.9999871,0.9999819,0.00020695390412583947,0.9967081546783447
NC_003070.9,9492101,9492195,JUNC_17265,1,+,GT,AG,0.83743924,0.76392317,0.8602129220962524,0.10611552000045776
NC_003070.9,9505608,9505717,JUNC_15160,1,-,GT,AG,0.07626217,0.09346894,0.22856341302394867,0.9089181423187256
NC_003070.9,9505966,9506081,JUNC_15161,1,-,GT,AG,0.94746053,0.957622,0.9966476559638977,0.4809921979904175
NC_003070.9,9506203,9506332,JUNC_15162,1,-,GT,AG,0.9999821,0.99997115,0.996816098690033,0.015268195420503616
NC_003070.9,9507023,9507211,JUNC_16860,1,-,GT,AG,0.061528586,0.1063777,0.9129003882408142,0.9739117622375488
NC_003070.9,9507023,9508146,JUNC_16988,1,-,GT,AG,0.99890125,0.99912375,0.11096596717834473,0.00016782073362264782
NC_003070.9,9509069,9509537,JUNC_6338,1,-,GT,AG,0.9864494,0.98654383,0.999110996723175,0.0008598065469413996
NC_003070.9,9515232,9515328,JUNC_16360,1,+,GT,AG,0.9266346,0.91133046,0.9896612167358398,0.9689486622810364
NC_003070.9,9515365,9515483,JUNC_16361,1,+,GT,AG,0.99998045,0.99998295,0.001560027478262782,0.016235843300819397
NC_003070.9,9515524,9516003,JUNC_16362,1,+,GT,AG,0.9916515,0.9908506,0.4955306053161621,0.0063826292753219604
NC_003070.9,9516234,9516318,JUNC_16363,1,+,GT,AG,0.9999871,0.99999297,0.002539269393309951,0.08399280905723572
NC_003070.9,9516421,9516511,JUNC_16364,1,+,GT,AG,0.99883693,0.99781775,0.004412100184708834,0.9311326146125793
NC_003070.9,9516579,9516677,JUNC_16365,1,+,GT,AG,0.9999064,0.9995733,0.014368584379553795,6.945621134946123e-05
NC_003070.9,9519544,9519844,JUNC_16878,1,+,GT,AG,0.9999877,0.9999558,0.9914087653160095,0.01109446119517088
NC_003070.9,9520068,9520140,JUNC_16879,1,+,GT,AG,0.9998372,0.9997088,0.999445378780365,0.9957594275474548
NC_003070.9,9532201,9532352,JUNC_4872,1,+,GT,AG,0.93747187,0.8945411,0.004738038871437311,0.009494559839367867
NC_003070.9,9532502,9532592,JUNC_4873,1,+,GT,AG,0.9999995,0.9999989,0.0018209710251539946,0.15468832850456238
NC_003070.9,9532703,9532870,JUNC_4874,1,+,GT,AG,0.9956558,0.9973371,0.005898903589695692,0.00032266098423860967
NC_003070.9,9532963,9533364,JUNC_4875,1,+,GT,AG,0.99999833,0.9999994,0.9721553325653076,0.4682735502719879
NC_003070.9,9533514,9533598,JUNC_4876,1,+,GT,AG,0.9999292,0.9997503,0.6503742933273315,0.0011020820820704103
NC_003070.9,9533657,9533750,JUNC_4877,1,+,GT,AG,0.33639032,0.3374835,0.16381841897964478,0.807281494140625
NC_003070.9,9565039,9565124,JUNC_14370,1,+,GT,AG,0.00029795305,0.0003580364,0.7975845336914062,0.8073407411575317
NC_003070.9,9566151,9566590,JUNC_11346,1,-,GT,AG,0.039527748,0.06269119,0.9513329863548279,0.008028886280953884
NC_003070.9,9569045,9569185,JUNC_8952,1,-,GT,AG,0.00060503033,0.0024614614,0.9430193901062012,0.9899342656135559
NC_003070.9,9570408,9570544,JUNC_13192,1,+,GT,AG,5.020111e-09,3.1031435e-09,0.43163788318634033,0.00032603449653834105
NC_003070.9,9570586,9570803,JUNC_13193,1,+,GT,AG,0.00037409517,0.0002408175,0.014845248311758041,0.35624927282333374
NC_003070.9,9572579,9572613,JUNC_5322,1,+,TA,TG,3.104789e-08,8.916876e-08,0.019663801416754723,0.07921776920557022
NC_003070.9,9607305,9607431,JUNC_10051,1,-,GT,AG,0.9999685,0.99974984,0.9486321210861206,0.9867439270019531
NC_003070.9,9611210,9611548,JUNC_145,1,+,GT,AG,0.9999964,0.9999937,0.7600757479667664,0.0002438767987769097
NC_003070.9,9611876,9612589,JUNC_13798,1,+,GT,AG,0.99988294,0.9999201,0.9995473027229309,0.9885877370834351
NC_003070.9,9612671,9612925,JUNC_147,1,+,GT,AG,0.9999759,0.99995625,0.22336125373840332,0.9696618914604187
NC_003070.9,9613060,9613141,JUNC_148,1,+,GT,AG,0.9983475,0.9959558,0.2625559866428375,0.8526915311813354
NC_003070.9,9613314,9613391,JUNC_149,1,+,GT,AG,0.8512008,0.60557145,0.9098237752914429,0.9966698288917542
NC_003070.9,9613537,9613779,JUNC_150,1,+,GT,AG,0.9998797,0.9997824,0.9915698766708374,0.04429840296506882
NC_003070.9,9643502,9643611,JUNC_13580,1,-,GT,AG,0.9999999,0.9999993,0.8001566529273987,0.9888939261436462
NC_003070.9,9643771,9643855,JUNC_13581,1,-,GT,AG,0.9983042,0.99872667,0.42105627059936523,0.9296035766601562
NC_003070.9,9643906,9643995,JUNC_13582,1,-,GT,AG,0.9999995,0.99999845,0.9994295239448547,0.8729845285415649
NC_003070.9,9644118,9644197,JUNC_13583,1,-,GT,AG,1.0,0.9999999,0.58477383852005,0.9930852651596069
NC_003070.9,9644254,9644340,JUNC_13584,1,-,GT,AG,0.9879506,0.9846741,0.006191193126142025,0.03262849897146225
NC_003070.9,9644396,9644488,JUNC_13585,1,-,GT,AG,0.02246073,0.009703137,0.0018381518311798573,0.0001923149247886613
NC_003070.9,9644627,9644712,JUNC_13586,1,-,GT,AG,0.99996316,0.9998709,0.02462334744632244,3.710165765369311e-05
NC_003070.9,9644800,9644952,JUNC_13587,1,-,GT,AG,0.99998975,0.9999393,0.0432492271065712,0.0015173241263255477
NC_003070.9,9645077,9645303,JUNC_13588,1,-,GT,AG,0.99999857,0.99999654,0.014414993114769459,8.549833000870422e-05
NC_003070.9,9646010,9646140,JUNC_13589,1,-,GT,AG,0.010716983,0.005127349,1.0389369890617672e-05,0.00014027461293153465
NC_003070.9,9646201,9646453,JUNC_13590,1,-,GT,AG,0.75403756,0.63336444,0.03101162053644657,0.23744098842144012
NC_003070.9,9646555,9646645,JUNC_13591,1,-,GT,AG,0.9999999,0.9999999,0.004725075792521238,0.020388394594192505
NC_003070.9,9646801,9647148,JUNC_17473,1,-,GT,AG,0.9997218,0.99974126,0.0010151459136977792,0.0005570264765992761
NC_003070.9,9647215,9647334,JUNC_17474,1,-,GT,AG,0.9998889,0.99972445,0.0031186160631477833,0.01257345825433731
NC_003070.9,9669265,9669353,JUNC_17787,1,+,GT,AG,0.9973157,0.9840508,0.7729184031486511,0.5947287678718567
NC_003070.9,9669422,9669535,JUNC_17788,1,+,GT,AG,0.9991179,0.9997135,0.9942080974578857,0.9871765971183777
NC_003070.9,9669618,9669696,JUNC_17789,1,+,GT,AG,0.99033654,0.9699046,0.9614744782447815,0.9227665662765503
NC_003070.9,9669812,9669916,JUNC_17790,1,+,GT,AG,0.99989915,0.99987185,0.5109283328056335,0.3839121162891388
NC_003070.9,9670027,9670120,JUNC_17791,1,+,GT,AG,0.9999918,0.99997795,0.22699257731437683,0.9930766820907593
NC_003070.9,9670230,9670306,JUNC_17792,1,+,GT,AG,0.99996984,0.999964,0.8859233260154724,0.44293373823165894
NC_003070.9,9670619,9670708,JUNC_17793,1,+,GT,AG,0.99999833,0.9999974,0.8685067296028137,0.8899759650230408
NC_003070.9,9670837,9670939,JUNC_17794,1,+,GT,AG,0.9999974,0.9999951,0.2501424551010132,0.06202840432524681
NC_003070.9,9671017,9671110,JUNC_17795,1,+,GT,AG,0.9999957,0.9999938,0.893503725528717,0.0002352833398617804
NC_003070.9,9671188,9671274,JUNC_17796,1,+,GT,AG,0.9992574,0.99943435,0.007025159429758787,0.03262442350387573
NC_003070.9,9672160,9672249,JUNC_3410,1,-,GT,AG,0.99978465,0.9998988,0.07498247921466827,0.016481395810842514
NC_003070.9,9672548,9672655,JUNC_3411,1,-,GT,AG,0.40352303,0.25141576,0.029874278232455254,0.00038494705222547054
NC_003070.9,9672827,9672947,JUNC_3412,1,-,GT,AG,1.0,0.9999999,0.9906726479530334,0.922633707523346
NC_003070.9,9673106,9673280,JUNC_3413,1,-,GT,AG,0.999995,0.99994874,0.5255151391029358,0.1463714987039566
NC_003070.9,9675232,9675308,JUNC_3414,1,-,GT,AG,0.7843174,0.869413,0.3097318112850189,0.8679193258285522
NC_003070.9,9675363,9675833,JUNC_3415,1,-,GT,AG,0.9994222,0.99972934,0.9882510304450989,0.10565897822380066
NC_003070.9,9676051,9676183,JUNC_13760,1,-,GT,AG,0.75803447,0.65925556,0.959147572517395,0.9852868318557739
NC_003070.9,9698881,9699120,JUNC_10299,1,+,GT,AG,0.840743,0.59649026,0.8226920962333679,0.8368609547615051
NC_003070.9,9699460,9699594,JUNC_10300,1,+,GT,AG,0.9995684,0.99943066,0.2731795012950897,0.9956676959991455
NC_003070.9,9699691,9699975,JUNC_10301,1,+,GT,AG,0.9973931,0.99712545,0.1652197688817978,0.8832429647445679
NC_003070.9,9700093,9700192,JUNC_10302,1,+,GT,AG,0.99750954,0.99814916,0.13753390312194824,0.16627411544322968
NC_003070.9,9700924,9701278,JUNC_10303,1,+,GT,AG,0.9999999,0.9999999,0.2815020978450775,0.044804658740758896
NC_003070.9,9703133,9703252,JUNC_10304,1,+,GT,AG,0.99999726,0.999997,0.039370983839035034,0.005687323398888111
NC_003070.9,9704883,9704980,JUNC_10913,1,-,GT,AG,0.7530798,0.8638799,0.23934528231620789,0.3699056804180145
NC_003070.9,9705065,9705151,JUNC_10914,1,-,GT,AG,0.9882057,0.9704348,0.08652196824550629,0.9923492670059204
NC_003070.9,9705234,9705377,JUNC_10915,1,-,GT,AG,0.9999927,0.999997,8.213820547098294e-05,4.361620085546747e-05
NC_003070.9,9705570,9705717,JUNC_10916,1,-,GT,AG,0.7709478,0.37725636,0.1508432775735855,0.002312740311026573
NC_003070.9,9705813,9706151,JUNC_10917,1,-,GT,AG,0.4318529,0.53935266,0.0012778954114764929,0.6887803673744202
NC_003070.9,9709965,9710060,JUNC_14550,1,+,GT,AG,0.9998672,0.9997838,0.028339577838778496,0.00018146335787605494
NC_003070.9,9710114,9710260,JUNC_14551,1,+,GT,AG,0.9999943,0.9999889,0.004678109660744667,0.05121501162648201
NC_003070.9,9710373,9710477,JUNC_14552,1,+,GT,AG,0.90194637,0.801136,0.7641466856002808,0.8692567944526672
NC_003070.9,9710693,9710769,JUNC_14553,1,+,GT,AG,0.9999484,0.9999577,0.00018092553364112973,0.7343062162399292
NC_003070.9,9710848,9710965,JUNC_14554,1,+,GT,AG,0.99475634,0.99390125,6.501716143247904e-08,0.08755358308553696
NC_003070.9,9711019,9711100,JUNC_14555,1,+,GT,AG,0.7204333,0.41277993,0.1854826658964157,0.09130947291851044
NC_003070.9,9711175,9711292,JUNC_14556,1,+,GT,AG,0.99781954,0.99592,0.1903042495250702,0.00034691242035478354
NC_003070.9,9711346,9711443,JUNC_14557,1,+,GT,AG,0.21207663,0.61645144,0.47949105501174927,0.14343573153018951
NC_003070.9,9711488,9711574,JUNC_14558,1,+,GT,AG,0.7439838,0.66620827,0.010464701801538467,0.0005420258967205882
NC_003070.9,9711669,9711754,JUNC_14559,1,+,GT,AG,0.99990225,0.99964666,0.0007426110096275806,4.876912498730235e-06
NC_003070.9,9711884,9712025,JUNC_14560,1,+,GT,AG,0.9999833,0.9999908,0.004370376002043486,0.0009585457155480981
NC_003070.9,9712124,9712243,JUNC_14561,1,+,GT,AG,0.99924695,0.99888104,0.015222815796732903,0.009662709198892117
NC_003070.9,9712299,9712396,JUNC_14562,1,+,GT,AG,0.9993494,0.9992824,0.05827972665429115,0.09868951886892319
NC_003070.9,9712499,9712946,JUNC_14563,1,+,GT,AG,0.99965286,0.99919635,0.8711022138595581,0.6992259621620178
NC_003070.9,9713075,9713160,JUNC_14564,1,+,GT,AG,0.98407525,0.96308756,0.07520365715026855,0.16897942125797272
NC_003070.9,9713330,9713483,JUNC_14565,1,+,GT,AG,0.9999267,0.99986947,0.1953144371509552,0.9688404202461243
NC_003070.9,9713716,9713804,JUNC_14566,1,+,GT,AG,0.12219133,0.048702028,0.5072793960571289,0.10188841074705124
NC_003070.9,9715762,9715870,JUNC_2901,1,-,GT,AG,0.9999969,0.99997365,0.0258849635720253,0.390553742647171
NC_003070.9,9716046,9716178,JUNC_2902,1,-,GC,AG,1.0,1.0,0.850575864315033,0.2859479486942291
NC_003070.9,9716339,9716537,JUNC_4878,1,-,GT,AG,0.99899894,0.9987172,0.0010676615638658404,0.0924430787563324
NC_003070.9,9716398,9716537,JUNC_2903,1,-,GT,AG,0.8078734,0.8365608,0.563575804233551,0.2668621242046356
NC_003070.9,9716607,9716956,JUNC_2904,1,-,GT,AG,0.9990086,0.9981469,0.003981065470725298,0.007649498526006937
NC_003070.9,9717107,9717220,JUNC_2905,1,-,GT,AG,0.9999993,0.9999976,0.10626139491796494,0.048840105533599854
NC_003070.9,9717344,9717427,JUNC_2906,1,-,GT,AG,0.99993575,0.9999043,0.16803313791751862,0.09288177639245987
NC_003070.9,9717520,9717695,JUNC_2907,1,-,GT,AG,0.99999595,0.99999344,0.0016800264129415154,0.025915425270795822
NC_003070.9,9717910,9718220,JUNC_2908,1,-,GT,AG,0.9999993,0.9999994,0.23120060563087463,0.019008450210094452
NC_003070.9,9718307,9718860,JUNC_2909,1,-,GT,AG,0.99999976,0.9999999,0.0021109727676957846,0.03703100234270096
NC_003070.9,9718952,9719072,JUNC_2910,1,-,GT,AG,0.9985342,0.99902034,0.0050659747794270515,1.0452332389832009e-05
NC_003070.9,9719189,9719281,JUNC_2911,1,-,GT,AG,0.99752635,0.99725634,0.05187128111720085,4.740219083032571e-06
NC_003070.9,9719334,9719455,JUNC_2912,1,-,GT,AG,0.9999255,0.9998807,0.0017477736109867692,0.004946447908878326
NC_003070.9,9719673,9719751,JUNC_2913,1,-,GT,AG,0.9892669,0.9953843,0.00018747041758615524,0.32048261165618896
NC_003070.9,9719856,9719948,JUNC_2914,1,-,GT,AG,0.9999863,0.99995387,0.26206400990486145,0.009699049405753613
NC_003070.9,9720041,9720146,JUNC_2915,1,-,GT,AG,0.9999907,0.99999297,0.024707341566681862,0.153633251786232
NC_003070.9,9727027,9727376,JUNC_5561,1,-,GT,AG,0.1475957,0.2389424,0.006238157395273447,0.02005440928041935
NC_003070.9,9727488,9727579,JUNC_5562,1,-,GT,AG,0.038285617,0.050534084,0.402245432138443,2.301159838680178e-05
NC_003070.9,9728488,9728564,JUNC_5563,1,-,GT,AG,0.10355178,0.05461824,0.0006524519412778318,0.6482737064361572
NC_003070.9,9728644,9728758,JUNC_5564,1,-,GT,AG,0.96069366,0.93124664,0.3000178337097168,0.0005327614489942789
NC_003070.9,9729487,9729599,JUNC_5565,1,-,GT,AG,0.002526,0.0044730785,0.32408612966537476,0.33132049441337585
NC_003070.9,9729747,9729855,JUNC_9803,1,-,GT,AG,0.99930227,0.9980879,0.0819496139883995,0.10883955657482147
NC_003070.9,9729979,9730228,JUNC_5566,1,-,GT,AG,0.9998871,0.9998859,0.5518556833267212,0.21746447682380676
NC_003070.9,9742616,9742974,JUNC_3518,1,-,GT,AG,0.9825812,0.98540986,0.06494539231061935,0.06154554709792137
NC_003070.9,9743187,9743479,JUNC_17679,1,-,GT,AG,0.5595779,0.76342773,0.16377493739128113,0.17764674127101898
NC_003070.9,9743968,9744057,JUNC_3519,1,-,GT,AG,0.3612154,0.23430963,0.9089716672897339,0.023681484162807465
NC_003070.9,9744498,9744600,JUNC_3520,1,-,GT,AG,0.93456006,0.8655966,0.00420775543898344,0.06983041763305664
NC_003070.9,9744662,9745126,JUNC_3521,1,-,GT,AG,0.99999774,0.99999535,2.5283728177782905e-07,6.69326638558232e-08
NC_003070.9,9745184,9745262,JUNC_3522,1,-,GT,AG,0.99997663,0.99996924,0.6160984039306641,0.8437175750732422
NC_003070.9,9745309,9745596,JUNC_3523,1,-,GT,AG,0.99999976,0.9999995,0.2673948109149933,0.04902207851409912
NC_003070.9,9757582,9757689,JUNC_8610,1,-,GT,AG,0.99997175,0.99993324,0.8828148245811462,0.8146378397941589
NC_003070.9,9778982,9779114,JUNC_13828,1,+,GT,AG,0.9917989,0.97980475,2.9921906389063224e-05,0.03805212303996086
NC_003070.9,9779643,9779756,JUNC_13829,1,+,GT,AG,0.9999081,0.99989486,0.043024107813835144,0.0494585782289505
NC_003070.9,9780038,9780129,JUNC_13830,1,+,GT,AG,0.99996364,0.9999633,0.8698643445968628,0.14602161943912506
NC_003070.9,9780507,9780589,JUNC_13831,1,+,GT,AG,1.0,0.9999999,0.0022962274961173534,0.008654806762933731
NC_003070.9,9780784,9780881,JUNC_13832,1,+,GT,AG,1.0,1.0,0.11877350509166718,0.006265489850193262
NC_003070.9,9781036,9781612,JUNC_13833,1,+,GT,AG,0.99999976,0.9999995,0.0016599830705672503,0.29215508699417114
NC_003070.9,9790565,9790673,JUNC_5014,1,+,GT,AG,0.9999738,0.9999801,0.03116627037525177,0.0053998976945877075
NC_003070.9,9790724,9790833,JUNC_5015,1,+,GT,AG,0.9989359,0.9987778,0.006385688669979572,0.01971282623708248
NC_003070.9,9795948,9796059,JUNC_14692,1,+,GT,AG,0.0039119245,0.0029757482,0.06883032619953156,3.31528849528695e-06
NC_003070.9,9796135,9796245,JUNC_14693,1,+,GT,AG,0.9999645,0.9999399,0.01822602190077305,0.11270648241043091
NC_003070.9,9796380,9796625,JUNC_14694,1,+,GT,AG,0.9999896,0.99998844,0.11814538389444351,0.06066180393099785
NC_003070.9,9796723,9796835,JUNC_14695,1,+,GT,AG,0.99994254,0.99994564,0.8868496417999268,0.00784232746809721
NC_003070.9,9796919,9797033,JUNC_14696,1,+,GT,AG,1.0,0.9999999,0.0029087436851114035,0.9485596418380737
NC_003070.9,9797164,9797256,JUNC_14697,1,+,GT,AG,0.9999999,0.9999999,0.0026792895514518023,0.0015817901585251093
NC_003070.9,9797329,9797425,JUNC_14698,1,+,GT,AG,0.999992,0.99998987,0.2166626751422882,8.422129758400843e-05
NC_003070.9,9797471,9797568,JUNC_14699,1,+,GT,AG,0.98890543,0.9880023,0.5853835940361023,0.16968661546707153
NC_003070.9,9797678,9797775,JUNC_14700,1,+,GT,AG,0.12578154,0.042487282,0.04187251254916191,0.7118893265724182
NC_003070.9,9797883,9797974,JUNC_14701,1,+,GT,AG,0.9999863,0.999982,0.9920083284378052,0.02469572052359581
NC_003070.9,9798034,9798141,JUNC_15640,1,+,GT,AG,0.9996211,0.9991065,0.007184906397014856,0.809502124786377
NC_003070.9,9798203,9798281,JUNC_14702,1,+,GT,AG,0.32451007,0.30286536,0.0066346884705126286,0.0011835210025310516
NC_003070.9,9798603,9798693,JUNC_14703,1,+,GT,AG,0.9882692,0.9938943,0.2009076029062271,0.9650198817253113
NC_003070.9,9801400,9802031,JUNC_9081,1,+,GT,AG,0.9993469,0.996952,0.006127035710960627,8.891475590644404e-05
NC_003070.9,9802184,9802267,JUNC_9082,1,+,GC,AG,0.9998378,0.9998574,0.032095711678266525,0.01723669096827507
NC_003070.9,9802351,9802436,JUNC_9083,1,+,GT,AG,0.99969983,0.99975425,0.007487586699426174,0.47770193219184875
NC_003070.9,9802500,9802574,JUNC_9084,1,+,GT,AG,0.5388299,0.67347777,0.039082787930965424,0.6305209398269653
NC_003070.9,9802621,9802763,JUNC_9085,1,+,GT,AG,0.99995446,0.9999168,0.941328227519989,0.9468152523040771
NC_003070.9,9802818,9802915,JUNC_9086,1,+,GT,AG,0.9999913,0.9999865,0.06606778502464294,0.00026114104548469186
NC_003070.9,9802954,9803206,JUNC_11473,1,+,GT,AG,0.9587043,0.94491875,1.4459496014751494e-05,0.02618805319070816
NC_003070.9,9802978,9803206,JUNC_9087,1,+,GT,AG,0.6569872,0.27215937,0.7074851393699646,0.9860905408859253
NC_003070.9,9803375,9803488,JUNC_9088,1,+,GT,AG,0.9992872,0.9986583,0.050810806453228,0.6792871356010437
NC_003070.9,9803546,9803623,JUNC_9089,1,+,GT,AG,0.00037512227,0.0019310613,0.17276149988174438,0.0069127799943089485
NC_003070.9,9803680,9803770,JUNC_9090,1,+,GT,AG,0.003376165,0.0027740756,1.9349850845173933e-05,0.0004287519259378314
NC_003070.9,9804026,9804130,JUNC_17857,1,+,GT,AG,0.0012211659,0.00090271386,0.0006718390504829586,0.00018677454499993473
NC_003070.9,9889641,9890074,JUNC_16762,1,-,GT,AG,0.9999914,0.9999745,0.003535464871674776,0.42911338806152344
NC_003070.9,9897353,9897702,JUNC_13393,1,-,GT,AG,0.9999944,0.9999895,0.0053271339274942875,0.00013678678078576922
NC_003070.9,9897776,9897885,JUNC_13394,1,-,GT,AG,0.99524224,0.9919017,0.9903169870376587,0.0002941619313787669
NC_003070.9,9897932,9898116,JUNC_13395,1,-,GT,AG,0.9996948,0.99979705,1.2617084621524555e-07,0.0005535596865229309
NC_003070.9,9898217,9899111,JUNC_13396,1,-,GT,AG,0.9926569,0.9953889,3.908382495865226e-06,5.2840587159153074e-05
NC_003070.9,9899186,9899343,JUNC_13397,1,-,GT,AG,1.0,0.9999999,0.007946617901325226,1.929542122525163e-06
NC_003070.9,9934147,9934256,JUNC_2755,1,-,GT,AG,2.638674e-06,9.855487e-07,0.0008455355418846011,0.0005235267453826964
NC_003070.9,9934288,9934450,JUNC_2695,1,-,GT,AG,0.6776591,0.5596007,4.0812759834807366e-05,5.021844572183909e-06
NC_003070.9,9934288,9934793,JUNC_2756,1,-,GT,AG,0.9999999,0.99999964,0.04820821434259415,0.0009511938551440835
NC_003070.9,9935019,9935110,JUNC_2696,1,-,GT,AG,0.9966354,0.99303424,0.19478830695152283,0.9943222999572754
NC_003070.9,9935711,9935984,JUNC_10517,1,+,GT,AG,4.812248e-05,3.345547e-05,0.027404960244894028,0.9865692853927612
NC_003070.9,9969587,9971072,JUNC_17432,1,-,GT,AG,0.24582946,0.23783393,0.02108737826347351,0.12506666779518127
NC_003070.9,9971188,9971281,JUNC_4273,1,-,GT,AG,0.99966514,0.9998592,0.9816586375236511,0.3358854651451111
NC_003070.9,10016025,10016406,JUNC_3270,1,+,GT,AG,0.9995073,0.9996724,0.28995904326438904,0.6031649708747864
NC_003070.9,10016486,10016566,JUNC_3271,1,+,GT,AG,0.9999689,0.99997556,0.322354257106781,0.5548860430717468
NC_003070.9,10016680,10016868,JUNC_3272,1,+,GT,AG,0.99999917,0.9999989,0.32752570509910583,0.990031361579895
NC_003070.9,10016982,10017078,JUNC_3273,1,+,GT,AG,0.9999665,0.9998845,0.8698179721832275,0.005913786124438047
NC_003070.9,10017266,10017411,JUNC_3274,1,+,GT,AG,0.9999999,0.9999999,0.09432082623243332,0.29773542284965515
NC_003070.9,10017502,10017587,JUNC_3275,1,+,GT,AG,0.9999994,0.9999988,0.0009143827483057976,0.021035701036453247
NC_003070.9,10017653,10017731,JUNC_3276,1,+,GT,AG,0.99966216,0.9996246,9.887354099191725e-05,0.0035033232998102903
NC_003070.9,10024164,10024370,JUNC_16896,1,+,GT,AG,0.99997866,0.9999671,0.00036203762283548713,0.001592280576005578
NC_003070.9,10024505,10025147,JUNC_16897,1,+,GT,AG,0.9999875,0.99996924,0.5491518378257751,0.27978089451789856
NC_003070.9,10025234,10025774,JUNC_16898,1,+,GT,AG,0.99999416,0.9999815,0.0014373508747667074,1.8581155245556147e-06
NC_003070.9,10029435,10029673,JUNC_4440,1,+,GT,AG,0.009254656,0.053458937,0.30377432703971863,0.03369049355387688
NC_003070.9,10029943,10030063,JUNC_4441,1,+,GT,AG,0.9999981,0.99999774,0.9158356189727783,0.894827127456665
NC_003070.9,10030213,10030310,JUNC_4442,1,+,GT,AG,0.99931145,0.9988208,0.14283111691474915,0.0339956171810627
NC_003070.9,10030827,10030916,JUNC_4443,1,+,GT,AG,0.9997142,0.99936515,0.9591785073280334,0.7681256532669067
NC_003070.9,10031500,10031618,JUNC_4444,1,+,GT,AG,0.914556,0.84733105,0.012096703983843327,0.022765114903450012
NC_003070.9,10032245,10032345,JUNC_14742,1,-,GT,AG,0.9450352,0.9344824,0.0975114032626152,0.5934066772460938
NC_003070.9,10032466,10032548,JUNC_14743,1,-,GT,AG,0.9981718,0.9986702,0.4152819514274597,0.9329614639282227
NC_003070.9,10032779,10033133,JUNC_14744,1,-,GT,AG,0.7725254,0.7308604,0.9579489827156067,0.02623513899743557
NC_003070.9,10033319,10033673,JUNC_14745,1,-,GT,AG,0.9999901,0.99997663,0.07314866036176682,0.8972822427749634
NC_003070.9,10033784,10034235,JUNC_14746,1,-,GT,AG,0.9998056,0.9999577,0.062314897775650024,0.024932267144322395
NC_003070.9,10034721,10034821,JUNC_14747,1,-,GT,AG,0.9985116,0.99145937,0.9908584952354431,0.9935043454170227
NC_003070.9,10035025,10035112,JUNC_14748,1,-,GT,AG,0.999995,0.9999882,0.027027636766433716,0.971752405166626
NC_003070.9,10038472,10038573,JUNC_2932,1,-,GT,AG,0.9633477,0.86275053,0.0002630434464663267,8.458577212877572e-06
NC_003070.9,10038834,10038926,JUNC_2933,1,-,GT,AG,0.99999964,0.99999917,0.07701325416564941,0.7516221404075623
NC_003070.9,10039052,10039146,JUNC_2934,1,-,GT,AG,1.0,0.9999999,0.9360172152519226,0.21570049226284027
NC_003070.9,10039239,10039345,JUNC_2935,1,-,GC,AG,1.0,0.9999999,0.6210674047470093,0.3224678635597229
NC_003070.9,10039436,10039522,JUNC_2936,1,-,GT,AG,1.0,0.99999976,0.9329718351364136,0.41726386547088623
NC_003070.9,10039611,10039774,JUNC_2937,1,-,GT,AG,0.9999813,0.999984,0.2585596740245819,0.9082164764404297
NC_003070.9,10039889,10040204,JUNC_2938,1,-,GT,AG,0.99999106,0.9999676,0.883738100528717,0.08924650400876999
NC_003070.9,10040257,10040358,JUNC_2939,1,-,GT,AG,0.99999714,0.99999523,0.047616519033908844,0.8858799338340759
NC_003070.9,10040425,10040526,JUNC_2940,1,-,GT,AG,0.9999975,0.9999963,0.45983225107192993,0.05288252606987953
NC_003070.9,10040588,10040671,JUNC_2941,1,-,GT,AG,0.9916319,0.973735,4.656317855733505e-07,1.781520950316917e-05
NC_003070.9,10040797,10041218,JUNC_2942,1,-,GT,AG,0.95357394,0.9714443,0.0014176914701238275,1.5558966879325453e-06
NC_003070.9,10042103,10042178,JUNC_18146,1,-,GT,AG,0.99999666,0.999995,0.9996484518051147,0.9146450161933899
NC_003070.9,10042455,10042523,JUNC_18147,1,-,GT,AG,0.99991906,0.9998284,0.9863676428794861,0.9977107048034668
NC_003070.9,10044862,10044947,JUNC_15411,1,-,GT,AG,0.9995425,0.9993754,0.08822985738515854,0.07441430538892746
NC_003070.9,10045224,10045299,JUNC_15412,1,-,GT,AG,0.99999964,0.9999982,0.1510598212480545,0.8145378232002258
NC_003070.9,10045448,10045630,JUNC_15413,1,-,GT,AG,1.0,0.99999964,0.5557478666305542,0.15848754346370697
NC_003070.9,10045846,10046108,JUNC_15414,1,-,GT,AG,0.9999988,0.999998,0.987135112285614,0.9907400608062744
NC_003070.9,10058681,10058782,JUNC_14302,1,-,GT,AG,0.9779073,0.9452526,0.9942373037338257,1.021789648802951e-05
NC_003070.9,10058877,10059103,JUNC_14303,1,-,GT,AG,0.48455057,0.6925551,0.0001171854164567776,0.7693854570388794
NC_003070.9,10059162,10059244,JUNC_14304,1,-,GT,AG,0.8230366,0.7828463,5.635537672787905e-05,1.872833877314406e-06
NC_003070.9,10059325,10059511,JUNC_14305,1,-,GT,AG,0.9353426,0.9931081,0.9991505146026611,8.50664855533978e-06
NC_003070.9,10059626,10059757,JUNC_14306,1,-,GT,AG,0.99963653,0.99947065,0.014186017215251923,0.0014604100724682212
NC_003070.9,10059826,10059993,JUNC_14307,1,-,GT,AG,0.9990111,0.9987078,0.4499600827693939,0.0007269061752595007
NC_003070.9,10060062,10060186,JUNC_14308,1,-,GT,AG,0.90467596,0.97895616,0.06129616126418114,0.7614086270332336
NC_003070.9,10060255,10060442,JUNC_14309,1,-,GT,AG,0.9835896,0.99304175,0.12566934525966644,0.013366276398301125
NC_003070.9,10060511,10061226,JUNC_14310,1,-,GT,AG,0.9964683,0.99055344,0.7478665113449097,0.026278309524059296
NC_003070.9,10061373,10061470,JUNC_4798,1,-,GT,AG,0.9877244,0.96786547,0.8208816051483154,0.023542091250419617
NC_003070.9,10061565,10061667,JUNC_4799,1,-,GT,AG,0.99529016,0.98799175,0.0034964813385158777,0.005694734863936901
NC_003070.9,10061583,10061667,JUNC_11977,1,-,GT,AG,0.9972695,0.9966581,0.054686907678842545,0.0009973860578611493
NC_003070.9,10061799,10061915,JUNC_4800,1,-,GT,AG,1.0,0.9999999,0.0007168763549998403,0.033262334764003754
NC_003070.9,10062032,10062185,JUNC_4801,1,-,GT,AG,0.9998585,0.9998858,0.9999330043792725,0.9985069632530212
NC_003070.9,10062299,10062438,JUNC_4802,1,-,GT,AG,0.99999976,0.9999999,0.0038784914650022984,2.3603797671967186e-05
NC_003070.9,10062540,10062688,JUNC_14311,1,-,GT,AG,1.0,1.0,0.016268735751509666,0.004156902898102999
NC_003070.9,10062543,10062688,JUNC_4803,1,-,GT,AG,1.0,1.0,0.04065227136015892,0.0009675477631390095
NC_003070.9,10062802,10062876,JUNC_4804,1,-,GT,AG,0.99999857,0.99999857,0.14255715906620026,0.9938830137252808
NC_003070.9,10063032,10063374,JUNC_4805,1,-,GT,AG,0.9999857,0.9999881,0.12785165011882782,0.004030492156744003
NC_003070.9,10069791,10069879,JUNC_4840,1,-,GT,AG,1.0,1.0,6.0905013015144505e-06,0.7360893487930298
NC_003070.9,10070153,10070233,JUNC_4841,1,-,GT,AG,0.79273564,0.58387804,0.00017498912347946316,2.950863972728257e-06
NC_003070.9,10070382,10070460,JUNC_4842,1,-,GT,AG,0.87676233,0.87343955,0.6104479432106018,0.062165677547454834
NC_003070.9,10070679,10070811,JUNC_4843,1,-,GT,AG,0.9995603,0.9989957,0.11313541978597641,0.5464298725128174
NC_003070.9,10079033,10079119,JUNC_4456,1,+,GT,AG,0.97946954,0.9333302,0.001957125496119261,0.1605900377035141
NC_003070.9,10079092,10079199,JUNC_16792,1,-,GT,AG,0.5091827,0.28339368,0.013223745860159397,0.009433395229279995
NC_003070.9,10079363,10079443,JUNC_16793,1,-,GT,AG,0.34175745,0.066389896,0.8652065992355347,3.506732900859788e-05
NC_003070.9,10079397,10079497,JUNC_4457,1,+,GT,AG,0.99153054,0.9833402,0.0042941574938595295,0.632024347782135
NC_003070.9,10087350,10087430,JUNC_9588,1,-,GT,AG,0.99989593,0.99912363,0.4627154469490051,0.00031197245698422194
NC_003070.9,10087820,10087893,JUNC_9589,1,-,GT,AG,0.99997294,0.99995923,0.3797539174556732,0.8946332335472107
NC_003070.9,10088067,10088716,JUNC_9590,1,-,GT,AG,0.6265937,0.70338506,0.9883489608764648,0.9923171997070312
NC_003070.9,10088978,10089287,JUNC_9591,1,-,GT,AG,0.987866,0.98634523,0.9313346147537231,0.929763674736023
NC_003070.9,10096643,10097933,JUNC_10443,1,-,GT,AG,0.49912614,0.3967662,0.025935599580407143,0.638421356678009
NC_003070.9,10098128,10098927,JUNC_10444,1,-,GT,AG,0.13762783,0.480523,0.007360692601650953,2.8654025300056674e-05
NC_003070.9,10098994,10099643,JUNC_10445,1,-,GT,AG,0.36767048,0.46991813,0.9829939603805542,0.8445850610733032
NC_003070.9,10099717,10100078,JUNC_10446,1,-,GT,AG,0.9999949,0.9999981,0.5460548400878906,0.9531448483467102
NC_003070.9,10100152,10100809,JUNC_10447,1,-,GT,AG,0.9822198,0.98444414,0.4839646816253662,0.43760550022125244
NC_003070.9,10100906,10101856,JUNC_10448,1,-,GT,AG,0.9896052,0.99547076,0.0035204337909817696,0.005709660705178976
NC_003070.9,10101935,10102673,JUNC_10449,1,-,GT,AG,0.99971956,0.99980205,0.13969142735004425,0.4534633457660675
NC_003070.9,10113138,10113387,JUNC_10266,1,+,GT,AG,0.99998903,0.99998677,0.03265206888318062,0.0032963419798761606
NC_003070.9,10113593,10113684,JUNC_10267,1,+,GT,AG,1.0,1.0,0.5405448079109192,0.7787189483642578
NC_003070.9,10113772,10113891,JUNC_10268,1,+,GT,AG,0.9999994,0.9999993,0.0007729801000095904,0.08860982209444046
NC_003070.9,10120766,10120860,JUNC_5940,1,-,GT,AG,0.9999957,0.99999666,0.06913347542285919,0.00044527434511110187
NC_003070.9,10121154,10121241,JUNC_5941,1,-,GT,AG,0.9999993,0.99999845,0.011405598372220993,0.5235986113548279
NC_003070.9,10121497,10121586,JUNC_5942,1,-,GT,AG,0.99999905,0.9999943,0.8827118873596191,0.6402199864387512
NC_003070.9,10121726,10121806,JUNC_5943,1,-,GT,AG,0.74759454,0.81362325,0.10546688735485077,0.035992421209812164
NC_003070.9,10121988,10122258,JUNC_13948,1,-,GT,AG,1.5972104e-05,1.8560737e-05,0.015532998368144035,0.0013542391825467348
NC_003070.9,10122420,10122511,JUNC_5946,1,-,GT,AG,0.99906033,0.99806005,0.44280195236206055,0.4681396782398224
NC_003070.9,10129411,10129511,JUNC_10360,1,-,GT,AG,0.99991894,0.99904275,0.24184539914131165,0.00021180791372898966
NC_003070.9,10129615,10129733,JUNC_10361,1,-,GT,AG,0.998944,0.995842,2.023026900133118e-05,0.013691223226487637
NC_003070.9,10129799,10129884,JUNC_10362,1,-,GT,AG,0.9999994,0.99999845,0.8632702827453613,0.8653004169464111
NC_003070.9,10129999,10130107,JUNC_10363,1,-,GT,AG,0.9999999,0.99999976,0.046072691679000854,0.02628631517291069
NC_003070.9,10130214,10130292,JUNC_10364,1,-,GT,AG,0.9999896,0.9999913,0.4779861271381378,0.7538135647773743
NC_003070.9,10130382,10130528,JUNC_10365,1,-,GT,AG,0.9839739,0.9883985,0.9691776633262634,0.9818991422653198
NC_003070.9,10130639,10130905,JUNC_10366,1,-,GT,AG,0.999972,0.9997663,0.006189147941768169,0.023277366533875465
NC_003070.9,10130971,10131069,JUNC_10367,1,-,GT,AG,0.9998902,0.99988186,0.07245749980211258,0.004443627316504717
NC_003070.9,10131135,10131777,JUNC_10368,1,-,GT,AG,0.9999982,0.9999964,0.18525664508342743,0.6517301797866821
NC_003070.9,10131927,10132012,JUNC_10369,1,-,GT,AG,0.9999995,0.9999994,0.2203698456287384,0.43217554688453674
NC_003070.9,10132087,10132443,JUNC_10370,1,-,GT,AG,1.0,1.0,0.05700550973415375,0.190900519490242
NC_003070.9,10132535,10132829,JUNC_10371,1,-,GT,AG,0.99999976,0.9999999,0.007138495333492756,0.002509827259927988
NC_003070.9,10132895,10132977,JUNC_10372,1,-,GT,AG,0.99995625,0.99993813,0.026275290176272392,0.001816040021367371
NC_003070.9,10133077,10133207,JUNC_10373,1,-,GT,AG,1.0,0.9999999,2.023026900133118e-05,0.013691223226487637
NC_003070.9,10133369,10133607,JUNC_10374,1,-,GT,AG,1.0,1.0,0.0016554170288145542,0.044490981847047806
NC_003070.9,10133718,10133889,JUNC_10375,1,-,GT,AG,0.9662117,0.99397707,0.9831415414810181,0.9736518859863281
NC_003070.9,10134397,10134504,JUNC_4831,1,+,GT,AG,0.5432903,0.5078214,0.5958870649337769,0.5790149569511414
NC_003070.9,10134536,10134685,JUNC_18413,1,+,GT,AG,0.8607806,0.9719612,0.011362127959728241,0.008394446223974228
NC_003070.9,10134581,10134685,JUNC_4832,1,+,GT,AG,0.07355691,0.059581943,0.013301169499754906,0.00029891327721998096
NC_003070.9,10134777,10135057,JUNC_4833,1,+,GT,AG,0.99092114,0.9916568,0.04660065099596977,0.006865977309644222
NC_003070.9,10134797,10135050,JUNC_15242,1,+,GT,AG,0.99954736,0.9997051,0.009784707799553871,0.019122032448649406
NC_003070.9,10136664,10136774,JUNC_10868,1,-,GT,AG,0.9974616,0.99488527,0.00413398165255785,0.0038126823492348194
NC_003070.9,10136933,10137002,JUNC_10869,1,-,GT,AG,0.9997485,0.9991867,0.8940628170967102,0.663733720779419
NC_003070.9,10137181,10138073,JUNC_10870,1,-,GT,AG,0.06662257,0.1996725,0.024720294401049614,0.004347520414739847
NC_003070.9,10138245,10138738,JUNC_10871,1,-,GT,AG,0.9999999,0.9999999,0.5811538100242615,0.6034064292907715
NC_003070.9,10174670,10175215,JUNC_8143,1,+,GT,AG,0.99934214,0.9993525,0.026113107800483704,0.9075965285301208
NC_003070.9,10175363,10175591,JUNC_8144,1,+,GT,AG,0.9994692,0.9998636,0.9640534520149231,0.0505438931286335
NC_003070.9,10175659,10176000,JUNC_8145,1,+,GT,AG,0.9999932,0.9999956,0.00043529595131985843,0.013451522216200829
NC_003070.9,10176071,10176187,JUNC_8146,1,+,GT,AG,0.99890506,0.9995254,0.7947283983230591,0.0240018293261528
NC_003070.9,10176433,10176740,JUNC_8147,1,+,GT,AG,0.9973793,0.99567413,0.1329309195280075,3.3272774544457207e-06
NC_003070.9,10176904,10176986,JUNC_8148,1,+,GT,AG,0.99997497,0.9999771,0.9941071271896362,0.5304911136627197
NC_003070.9,10177042,10177137,JUNC_11417,1,+,GT,AG,0.9999535,0.9997749,0.4839625656604767,0.9948939085006714
NC_003070.9,10177190,10177613,JUNC_8149,1,+,GT,AG,0.9999999,0.99999964,0.15306326746940613,0.49696025252342224
NC_003070.9,10177782,10177860,JUNC_11418,1,+,GT,AG,0.03822942,0.009397804,0.03991825878620148,0.9796922206878662
NC_003070.9,10177958,10178038,JUNC_8150,1,+,GT,AG,0.5812641,0.36084393,0.9514592289924622,0.16416031122207642
NC_003070.9,10178146,10178230,JUNC_14199,1,+,GT,AG,0.9936286,0.9906447,1.0492816500118352e-06,0.0002624673943500966
NC_003070.9,10179197,10179464,JUNC_17373,1,+,GT,AG,1.0,1.0,0.9917499423027039,0.9919329285621643
NC_003070.9,10180871,10181213,JUNC_9828,1,+,GT,AG,0.9999809,0.99997234,0.0068426672369241714,0.00020563797443173826
NC_003070.9,10190402,10190529,JUNC_2852,1,-,GT,AG,0.87750083,0.8301604,0.9498394727706909,0.9703483581542969
NC_003070.9,10190839,10190963,JUNC_2853,1,-,GT,AG,0.99999976,0.99999964,0.3440936505794525,0.0030367954168468714
NC_003070.9,10193142,10193220,JUNC_2854,1,-,GT,AG,0.809788,0.4430978,0.2572816014289856,0.5510940551757812
NC_003070.9,10193288,10193376,JUNC_2855,1,-,GT,AG,0.99672633,0.9962377,0.8838813900947571,0.9676138162612915
NC_003070.9,10193506,10193599,JUNC_2856,1,-,GT,AG,0.97259843,0.9770034,0.10972141474485397,0.7959162592887878
NC_003070.9,10193723,10194125,JUNC_2857,1,-,GT,AG,0.5296022,0.49413267,0.008843142539262772,0.001121798879466951
NC_003070.9,10194289,10194763,JUNC_2858,1,-,GT,AG,0.99997926,0.99992,0.04369885101914406,9.107952791964635e-05
NC_003070.9,10208361,10208436,JUNC_16254,1,+,GT,AG,0.9997627,0.9992392,0.9597049355506897,0.6156878471374512
NC_003070.9,10208511,10208588,JUNC_16255,1,+,GT,AG,0.9999988,0.99999833,0.40504297614097595,0.9984606504440308
NC_003070.9,10208765,10208842,JUNC_16256,1,+,GT,AG,0.9999726,0.99995935,0.007897459901869297,0.07490731030702591
NC_003070.9,10208931,10209013,JUNC_16257,1,+,GT,AG,0.38808236,0.11570085,0.07767467200756073,0.9158217906951904
NC_003070.9,10209131,10209214,JUNC_16258,1,+,GT,AG,0.9999999,1.0,0.00018168278620578349,1.535971023258753e-05
NC_003070.9,10209358,10209437,JUNC_16259,1,+,GT,AG,0.999997,0.99999523,0.011425532400608063,0.011031323112547398
NC_003070.9,10209763,10209846,JUNC_16260,1,+,GT,AG,0.99207276,0.9883189,0.04597601294517517,0.11622270941734314
NC_003070.9,10210087,10210182,JUNC_16261,1,+,GT,AG,0.994381,0.9876309,0.03778510168194771,0.004609706345945597
NC_003070.9,10213977,10214128,JUNC_8949,1,-,TT,AC,1.8155678e-10,7.62267e-10,0.0006989637622609735,0.05259287357330322
NC_003070.9,10223556,10223680,JUNC_14605,1,-,GT,AG,1.0,1.0,0.08619169145822525,0.00021566663053818047
NC_003070.9,10223745,10223845,JUNC_14606,1,-,GT,AG,1.0,1.0,0.787417471408844,0.9761817455291748
NC_003070.9,10223908,10224141,JUNC_14607,1,-,GT,AG,0.99990976,0.99995315,0.0151456193998456,0.08649422228336334
NC_003070.9,10224190,10224472,JUNC_14608,1,-,GT,AG,0.99971515,0.9993679,0.4086177349090576,0.008770914748311043
NC_003070.9,10230217,10230300,JUNC_5186,1,+,GT,AG,0.17444277,0.18123603,0.33672383427619934,0.12364140152931213
NC_003070.9,10230435,10230766,JUNC_5187,1,+,GT,AG,0.9999814,0.9999703,0.22442856431007385,0.43523555994033813
NC_003070.9,10258616,10258704,JUNC_13264,1,-,GT,AG,0.99411,0.99850893,0.8211691975593567,0.005018110852688551
NC_003070.9,10258768,10258854,JUNC_13265,1,-,GT,AG,0.4070744,0.552515,0.0008643661276437342,0.0007373120752163231
NC_003070.9,10258928,10259327,JUNC_13266,1,-,GT,AG,0.01061018,0.011930215,0.01490849070250988,0.00037582352524623275
NC_003070.9,10259443,10260150,JUNC_13267,1,-,GT,AG,1.0,0.9999999,0.10400573164224625,0.644461989402771
NC_003070.9,10260416,10260561,JUNC_13268,1,-,GT,AG,0.96269727,0.98066825,0.038651444017887115,0.009947639890015125
NC_003070.9,10274049,10274393,JUNC_3170,1,+,GT,AG,0.00013524345,7.155847e-05,0.17550472915172577,0.43034154176712036
NC_003070.9,10275090,10275314,JUNC_3171,1,+,GT,AG,0.050260857,0.008706903,0.29115137457847595,0.015716325491666794
NC_003070.9,10278406,10278504,JUNC_9984,1,-,GT,AG,0.9999963,0.9999925,0.03531647101044655,0.00011887201253557578
NC_003070.9,10278996,10279206,JUNC_9985,1,-,GT,AG,0.99916124,0.9995116,7.136130443541333e-05,4.2916039092233405e-05
NC_003070.9,10279371,10279585,JUNC_9986,1,-,GT,AG,0.9999945,0.99999034,3.2959674172161613e-06,8.819322101771832e-05
NC_003070.9,10279871,10279960,JUNC_9987,1,-,GT,AG,0.99999845,0.9999963,0.001384096103720367,0.07466020435094833
NC_003070.9,10280198,10280555,JUNC_9988,1,-,GT,AG,1.0,1.0,0.4102463722229004,0.496696799993515
NC_003070.9,10281085,10281281,JUNC_9989,1,-,GT,AG,0.962589,0.5893449,0.9512531757354736,0.058125920593738556
NC_003070.9,10284275,10284385,JUNC_7030,1,+,GT,AG,0.06984223,0.069336064,0.07502125203609467,0.07604531198740005
NC_003070.9,10286574,10286658,JUNC_9129,1,-,GT,AG,0.3427143,0.31375545,0.3126421868801117,0.9616434574127197
NC_003070.9,10286728,10286981,JUNC_9130,1,-,GT,AG,0.9807551,0.8870864,0.9981094598770142,0.9940556287765503
NC_003070.9,10287046,10287172,JUNC_9131,1,-,GT,AG,0.99999845,0.9999963,0.0010480982018634677,0.7748010158538818
NC_003070.9,10287268,10287513,JUNC_9132,1,-,GT,AG,1.0,0.99999976,0.01686030626296997,0.005813019350171089
NC_003070.9,10290470,10290599,JUNC_6048,1,-,GT,AG,1.0,1.0,0.002361422637477517,0.00014343610382638872
NC_003070.9,10290782,10290866,JUNC_6049,1,-,GT,AG,0.9999999,0.9999999,0.0754985585808754,0.9026925563812256
NC_003070.9,10290935,10291014,JUNC_6050,1,-,GT,AG,0.40694344,0.67962307,0.39861106872558594,0.014471244998276234
NC_003070.9,10291099,10291193,JUNC_6051,1,-,GT,AG,0.99999917,0.9999964,0.0029781803023070097,0.00017261855828110129
NC_003070.9,10292097,10292174,JUNC_6052,1,-,GT,AG,0.13652404,0.13186254,0.00018621103663463145,0.009307052940130234
NC_003070.9,10292263,10292345,JUNC_6053,1,-,GT,AG,0.8064184,0.7797855,0.006258273031562567,0.701364278793335
NC_003070.9,10292497,10292588,JUNC_6054,1,-,GT,AG,0.9999999,0.9999999,0.30817222595214844,0.0028397710993885994
NC_003070.9,10292705,10292797,JUNC_6055,1,-,GT,AG,0.99928826,0.99912447,0.07422764599323273,0.06661490350961685
NC_003070.9,10292956,10293053,JUNC_6056,1,-,GT,AG,0.9981622,0.99698883,0.10937630385160446,0.0005609395448118448
NC_003070.9,10293493,10293569,JUNC_6057,1,-,GT,AG,0.9981123,0.9970483,0.017708955332636833,0.8468738198280334
NC_003070.9,10293722,10294380,JUNC_15954,1,-,GT,AG,0.13948704,0.057559405,0.9357945919036865,0.9948134422302246
NC_003070.9,10298330,10298429,JUNC_8191,1,-,GT,AG,0.98958147,0.9498072,0.9973580241203308,0.9925804138183594
NC_003070.9,10298701,10298837,JUNC_2751,1,-,GT,AG,6.8421105e-05,0.00032534063,0.9979504942893982,0.5231642127037048
NC_003070.9,10299001,10299091,JUNC_2752,1,-,GT,AG,0.9999238,0.9998124,0.7551105618476868,0.2610800266265869
NC_003070.9,10299456,10299580,JUNC_2753,1,-,GT,AG,0.00034697258,0.0006744414,2.689042412384879e-05,1.279809339393978e-06
NC_003070.9,10299643,10299920,JUNC_2754,1,-,GT,AG,0.9783307,0.89776534,1.3647296555063804e-06,2.271010998811107e-06
NC_003070.9,10310652,10310742,JUNC_16714,1,-,GT,AG,0.999726,0.9995271,0.00015894361422397196,0.0013040361227467656
NC_003070.9,10310937,10311022,JUNC_16715,1,-,GT,AG,0.9999993,0.99999857,0.00132371939253062,0.005417070351541042
NC_003070.9,10311292,10311381,JUNC_16716,1,-,GT,AG,0.9995865,0.9997095,0.004606948234140873,0.9744443893432617
NC_003070.9,10311556,10311647,JUNC_16717,1,-,GT,AG,0.99739045,0.9969248,0.013400833122432232,0.013262609951198101
NC_003070.9,10311758,10311845,JUNC_16718,1,-,GT,AG,0.9999443,0.99992335,0.7270420789718628,0.0010274630039930344
NC_003070.9,10312116,10312204,JUNC_16719,1,-,GT,AG,0.46249035,0.635141,0.0009612158173695207,0.6299321055412292
NC_003070.9,10312354,10312457,JUNC_16720,1,-,GT,AG,0.97154194,0.95589185,0.0024269286077469587,0.000618428981397301
NC_003070.9,10313407,10313761,JUNC_16721,1,-,GT,AG,0.9492205,0.97730505,0.00977364182472229,0.0004581620160024613
NC_003070.9,10328285,10328884,JUNC_9982,1,-,GT,AG,0.999964,0.9999298,0.9363464713096619,0.007305800914764404
NC_003070.9,10330827,10331229,JUNC_14202,1,+,GT,AG,0.99999976,0.99999964,0.30899685621261597,0.9915539622306824
NC_003070.9,10331395,10331490,JUNC_14203,1,+,GT,AG,0.99994624,0.99987626,1.75011200553854e-06,3.12546347913667e-07
NC_003070.9,10331616,10331897,JUNC_14204,1,+,GT,AG,0.99999857,0.99999785,0.0031757981050759554,0.0014570055063813925
NC_003070.9,10331963,10332043,JUNC_14205,1,+,GT,AG,0.6348851,0.77271396,4.3312149500707164e-05,0.00013640335237141699
NC_003070.9,10332715,10332798,JUNC_13158,1,+,GT,AG,0.95344645,0.96298724,0.002726658945903182,0.0012248778948560357
NC_003070.9,10332951,10333169,JUNC_13159,1,+,GT,AG,1.0,1.0,0.0010098179336637259,0.010825986973941326
NC_003070.9,10333361,10333430,JUNC_13160,1,+,GT,AG,0.9991683,0.9993469,0.6961732506752014,0.5999820828437805
NC_003070.9,10333748,10333821,JUNC_13161,1,+,GT,AG,0.99922705,0.9992619,0.7926667928695679,0.005247932393103838
NC_003070.9,10333857,10333937,JUNC_13162,1,+,GT,AG,0.942457,0.7645658,0.018614208325743675,0.991416871547699
NC_003070.9,10334024,10334105,JUNC_13163,1,+,GT,AG,0.9346822,0.8845403,0.9963819980621338,0.0006954027339816093
NC_003070.9,10334177,10334252,JUNC_13164,1,+,GT,AG,0.99398464,0.9891963,0.03015049919486046,0.6758503913879395
NC_003070.9,10334381,10334536,JUNC_13165,1,+,GT,AG,0.99999905,0.9999958,0.9563636779785156,0.6920570731163025
NC_003070.9,10334620,10334704,JUNC_13166,1,+,GT,AG,0.99999714,0.99999034,0.789461076259613,0.0033151984680444
NC_003070.9,10334941,10335033,JUNC_13167,1,+,GT,AG,0.9999968,0.99999285,0.574373722076416,0.05224872753024101
NC_003070.9,10335285,10335420,JUNC_13168,1,+,GT,AG,0.9997999,0.9995446,0.7443761825561523,0.03206392750144005
NC_003070.9,10349747,10350116,JUNC_2977,1,+,GT,AG,0.9999999,0.99999976,0.1858905702829361,4.911770702165086e-06
NC_003070.9,10350236,10350354,JUNC_2978,1,+,GT,AG,0.99999416,0.9999906,0.006398893892765045,0.0031739287078380585
NC_003070.9,10350478,10350578,JUNC_2979,1,+,GT,AG,0.99999964,0.99999964,0.005092103965580463,0.8625800013542175
NC_003070.9,10350716,10351244,JUNC_2980,1,+,GT,AG,0.99993086,0.99991024,0.9801825284957886,0.9953446984291077
NC_003070.9,10351420,10351505,JUNC_2981,1,+,AT,AC,0.99999917,0.99999845,0.9472050666809082,0.0007732562953606248
NC_003070.9,10351578,10351673,JUNC_2982,1,+,GT,AG,0.9950937,0.99038833,0.8434030413627625,0.1696537882089615
NC_003070.9,10351797,10351984,JUNC_2983,1,+,GT,AG,0.99999964,0.99999845,0.08551955968141556,0.005234923213720322
NC_003070.9,10352145,10352221,JUNC_2984,1,+,GT,AG,0.99986696,0.9996125,0.0006599485641345382,0.006650807801634073
NC_003070.9,10352276,10352364,JUNC_2985,1,+,GT,AG,0.9997868,0.99941146,0.026851823553442955,0.8050216436386108
NC_003070.9,10352891,10352991,JUNC_2986,1,+,GT,AG,0.99995637,0.9999851,0.8297809958457947,0.9794883728027344
NC_003070.9,10353037,10353148,JUNC_2987,1,+,GT,AG,0.9922353,0.9926884,0.008180550299584866,0.00028164320974610746
NC_003070.9,10353359,10353456,JUNC_2988,1,+,GT,AG,0.99631625,0.99695694,0.00044122504186816514,0.08458071947097778
NC_003070.9,10372198,10372358,JUNC_5511,1,+,GT,AG,0.94111884,0.85254526,0.659591019153595,0.0026096494402736425
NC_003070.9,10372483,10372594,JUNC_5512,1,+,GT,AG,0.9999976,0.9999962,0.000373871618648991,0.013778699561953545
NC_003070.9,10372840,10373028,JUNC_5513,1,+,GT,AG,0.9999999,0.9999999,0.3255183696746826,0.027780670672655106
NC_003070.9,10373284,10373400,JUNC_5514,1,+,GT,AG,0.99954057,0.99900466,0.0009253744501620531,0.7145043611526489
NC_003070.9,10376086,10376199,JUNC_7877,1,+,GT,AG,1.0,1.0,0.9993521571159363,0.002747258637100458
NC_003070.9,10376324,10376428,JUNC_7878,1,+,GT,AG,0.9999937,0.9999645,0.9360634088516235,0.9901919364929199
NC_003070.9,10376674,10377145,JUNC_7879,1,+,GT,AG,0.9999999,1.0,0.6997261643409729,0.7427678108215332
NC_003070.9,10377398,10377493,JUNC_7880,1,+,GT,AG,0.99942577,0.99898595,0.05157666280865669,0.017594678327441216
NC_003070.9,10389775,10389867,JUNC_17296,1,-,GT,AG,0.78037065,0.67295265,0.3839558959007263,0.01010835636407137
NC_003070.9,10390018,10390099,JUNC_17297,1,-,GT,AG,0.9818357,0.97331935,0.0001765415508998558,0.003241665428504348
NC_003070.9,10390330,10390432,JUNC_17298,1,-,GT,AG,0.95406944,0.95499104,0.4705696105957031,0.12919378280639648
NC_003070.9,10390648,10390723,JUNC_17299,1,-,GT,AG,0.84605974,0.8315219,0.7930183410644531,0.9814754724502563
NC_003070.9,10390842,10390924,JUNC_17300,1,-,GT,AG,0.94057345,0.92578036,0.9581363201141357,0.9433231949806213
NC_003070.9,10391163,10391298,JUNC_17301,1,-,GT,AG,0.54295975,0.3728889,0.9802559614181519,0.3320823907852173
NC_003070.9,10391497,10391581,JUNC_17302,1,-,GT,AG,1.0,1.0,0.7165842652320862,0.0012406252790242434
NC_003070.9,10391967,10392062,JUNC_17303,1,-,GT,AG,0.52068233,0.36924037,0.00029010308207944036,0.23927083611488342
NC_003070.9,10392106,10392244,JUNC_17304,1,-,GT,AG,0.009110812,0.03891252,0.42858946323394775,0.4323078393936157
NC_003070.9,10392408,10392504,JUNC_17305,1,-,GT,AG,0.9411803,0.9222199,0.994400680065155,0.9591814875602722
NC_003070.9,10401051,10401126,JUNC_9450,1,-,GT,AG,0.99999905,0.9999989,0.9647761583328247,0.9992741942405701
NC_003070.9,10401064,10401126,JUNC_1656,1,-,GT,AG,0.99796975,0.9972505,0.7986065745353699,0.9103083610534668
NC_003070.9,10401280,10401360,JUNC_1657,1,-,GT,AG,0.99997115,0.99992037,0.021611904725432396,0.9975722432136536
NC_003070.9,10401592,10401685,JUNC_9451,1,-,GT,AG,0.97664374,0.9146969,0.8077576160430908,0.004098834004253149
NC_003070.9,10401896,10401981,JUNC_1659,1,-,GT,AG,0.9991233,0.99886155,0.04588714614510536,0.00044991294271312654
NC_003070.9,10402073,10402159,JUNC_9452,1,-,GT,AG,0.99842584,0.9962856,0.035810209810733795,0.3893961012363434
NC_003070.9,10402306,10402407,JUNC_9453,1,-,GT,AG,0.99863386,0.98683757,0.996274471282959,0.0021421106066554785
NC_003070.9,10402428,10402511,JUNC_1661,1,-,GT,AG,0.99987745,0.99987376,0.9992295503616333,0.9980834722518921
NC_003070.9,10402707,10402798,JUNC_1662,1,-,GT,AG,0.9997701,0.9992127,0.9416377544403076,0.990151047706604
NC_003070.9,10403187,10403271,JUNC_1663,1,-,GT,AG,0.26046768,0.36765626,0.014404099434614182,0.817184329032898
NC_003070.9,10403315,10403390,JUNC_1664,1,-,GT,AG,0.5250749,0.54368144,1.8361301044933498e-05,0.00012946852075401694
NC_003070.9,10403432,10403511,JUNC_1665,1,-,GT,AG,0.0026021479,0.0029180504,0.003852680092677474,0.0015260573709383607
NC_003070.9,10403562,10403655,JUNC_1666,1,-,GT,AG,0.011475276,0.011410573,0.7157037258148193,0.9111171364784241
NC_003070.9,10403724,10403817,JUNC_1667,1,-,GT,AG,0.99990356,0.99973255,0.9707679748535156,0.9695132970809937
NC_003070.9,10403880,10403962,JUNC_1668,1,-,GT,AG,0.9998758,0.9997826,0.40153807401657104,0.9935976266860962
NC_003070.9,10404034,10404129,JUNC_1669,1,-,GT,AG,0.99976295,0.9995939,0.13635526597499847,0.9928688406944275
NC_003070.9,10404198,10404305,JUNC_1670,1,-,GT,AG,0.99999785,0.99999547,0.46778348088264465,0.00714854383841157
NC_003070.9,10404377,10404470,JUNC_1671,1,-,GT,AG,0.99999547,0.99999714,7.74267846281873e-06,0.0003333659842610359
NC_003070.9,10404542,10404635,JUNC_1672,1,-,GT,AG,0.99998057,0.99997914,0.00012380209227558225,1.3291614777699579e-06
NC_003070.9,10404707,10404813,JUNC_1673,1,-,GT,AG,0.99909294,0.9989391,0.005434543825685978,0.0010827870573848486
NC_003070.9,10404885,10404984,JUNC_1674,1,-,GT,AG,0.99982387,0.99978715,0.000910250935703516,0.0005007003783248365
NC_003070.9,10405056,10405136,JUNC_1675,1,-,GT,AG,0.8318494,0.68349415,0.9148984551429749,0.3226379454135895
NC_003070.9,10405208,10405305,JUNC_1676,1,-,GT,AG,0.001805684,0.00087322324,0.5754658579826355,0.17650949954986572
NC_003070.9,10405377,10405468,JUNC_1677,1,-,GT,AG,0.20215786,0.038403824,0.21711841225624084,0.979455828666687
NC_003070.9,10405646,10405744,JUNC_1678,1,-,GT,AG,0.997502,0.99663776,0.9885550141334534,0.9978408813476562
NC_003070.9,10414445,10414540,JUNC_10052,1,-,GT,AG,0.9999956,0.99999607,0.9904054999351501,0.9988013505935669
NC_003070.9,10414691,10414788,JUNC_10053,1,-,GT,AG,0.9997396,0.9995029,0.9945399165153503,0.021450810134410858
NC_003070.9,10415026,10415118,JUNC_10054,1,-,GT,AG,0.9979296,0.9987098,0.9837014079093933,0.016535112634301186
NC_003070.9,10415329,10415417,JUNC_10055,1,-,GT,AG,1.0,1.0,0.9765204191207886,0.9187881946563721
NC_003070.9,10415536,10415669,JUNC_10056,1,-,GT,AG,1.0,1.0,0.9954456090927124,0.9816601276397705
NC_003070.9,10415816,10415932,JUNC_10057,1,-,GT,AG,0.99994814,0.99995065,0.9085504412651062,0.9941145777702332
NC_003070.9,10416128,10416207,JUNC_10058,1,-,GT,AG,0.99999523,0.99999094,0.9740176200866699,0.7630001902580261
NC_003070.9,10416596,10416845,JUNC_10059,1,-,GT,AG,1.0,0.9999999,0.8611300587654114,0.9450626969337463
NC_003070.9,10416889,10417061,JUNC_10060,1,-,GT,AG,0.9938823,0.9922023,0.23574677109718323,3.9155755075626075e-05
NC_003070.9,10417106,10417196,JUNC_10061,1,-,GT,AG,0.99982053,0.99969864,0.004152161069214344,0.2809962332248688
NC_003070.9,10417259,10417378,JUNC_10062,1,-,GT,AG,0.99999917,0.9999981,1.75011200553854e-06,3.12546347913667e-07
NC_003070.9,10417444,10417532,JUNC_10063,1,-,GT,AG,0.99999857,0.9999989,0.16762687265872955,0.007009666878730059
NC_003070.9,10417601,10417769,JUNC_10064,1,-,GT,AG,0.9999269,0.99987996,0.23173721134662628,0.1533077508211136
NC_003070.9,10417841,10417926,JUNC_10065,1,-,GT,AG,0.9999975,0.9999932,0.026193225756287575,0.8959404230117798
NC_003070.9,10417998,10418107,JUNC_10066,1,-,GT,AG,1.0,0.9999999,0.9347416162490845,0.9478394985198975
NC_003070.9,10418179,10418255,JUNC_10067,1,-,GT,AG,0.8960955,0.9120856,0.9733292460441589,0.002803006675094366
NC_003070.9,10418327,10418415,JUNC_10068,1,-,GT,AG,0.28710333,0.16876894,0.01719796285033226,0.9597703814506531
NC_003070.9,10418487,10418601,JUNC_10069,1,-,GT,AG,0.98705137,0.9618887,0.9589316844940186,0.005676147062331438
NC_003070.9,10418673,10418972,JUNC_10070,1,-,GT,AG,0.9996619,0.9998097,0.9868469834327698,0.9560076594352722
NC_003070.9,10419041,10419115,JUNC_10071,1,-,GT,AG,0.9990569,0.99968374,0.00022340119176078588,0.9770395755767822
NC_003070.9,10419184,10419279,JUNC_10072,1,-,GT,AG,0.99938846,0.99946374,0.02571590058505535,0.00021675969765055925
NC_003070.9,10419348,10419544,JUNC_10073,1,-,GT,AG,0.9998702,0.999816,0.9502552151679993,0.05469190701842308
NC_003070.9,10432738,10433085,JUNC_3056,1,+,GT,AG,1.0,1.0,5.6444253715426385e-09,3.1732725336297563e-09
NC_003070.9,10433991,10434154,JUNC_3057,1,+,GT,AG,0.99984664,0.9998896,3.4832655870786766e-08,1.5200283254301894e-09
NC_003070.9,10434355,10434429,JUNC_3058,1,+,GT,AG,0.99908614,0.9987024,0.3624710142612457,0.08231228590011597
NC_003070.9,10434625,10434861,JUNC_3059,1,+,GT,AG,0.99997854,0.9999682,0.21160303056240082,0.0031026876531541348
NC_003070.9,10435042,10435131,JUNC_3060,1,+,GT,AG,0.26228392,0.19028541,0.007910529151558876,0.7317460775375366
NC_003070.9,10445924,10446001,JUNC_14982,1,-,GT,AG,0.999709,0.999435,0.008391312323510647,0.006037827115505934
NC_003070.9,10446095,10446179,JUNC_14983,1,-,GT,AG,0.99999285,0.99999726,0.6440762281417847,0.9555448889732361
NC_003070.9,10446338,10446437,JUNC_14984,1,-,GT,AG,0.99999976,0.99999964,0.5660669803619385,0.05386268347501755
NC_003070.9,10446559,10446644,JUNC_14985,1,-,GT,AG,0.9998739,0.9998056,0.07696224004030228,0.02814493328332901
NC_003070.9,10446727,10447278,JUNC_14986,1,-,GT,AG,1.0,1.0,9.468262578593567e-05,0.01473868265748024
NC_003070.9,10447868,10448679,JUNC_15750,1,+,GT,AG,0.9999299,0.9999349,0.005958642810583115,1.2405482266331092e-05
NC_003070.9,10448745,10448848,JUNC_15125,1,+,GT,AG,0.9999993,0.9999989,0.0002153571549570188,0.02424968034029007
NC_003070.9,10448907,10449004,JUNC_15126,1,+,GT,AG,0.9999691,0.9999747,0.6016679406166077,0.002891822950914502
NC_003070.9,10449069,10449179,JUNC_15127,1,+,GT,AG,0.99998116,0.9999881,0.020611274987459183,0.5374742746353149
NC_003070.9,10449271,10449408,JUNC_15128,1,+,GT,AG,0.9998366,0.99966943,0.0803268551826477,0.8590546250343323
NC_003070.9,10449480,10449597,JUNC_15751,1,+,GT,AG,0.9852446,0.98887324,0.9649377465248108,0.04080094024538994
NC_003070.9,10459894,10459984,JUNC_14515,1,-,GT,AG,0.9999802,0.9999951,0.0586664155125618,0.8359066247940063
NC_003070.9,10460390,10460485,JUNC_14516,1,-,GT,AG,1.0,1.0,0.9955001473426819,0.007085213903337717
NC_003070.9,10460566,10460638,JUNC_14517,1,-,GT,AG,0.9999989,0.99999785,0.9246242046356201,0.6713511943817139
NC_003070.9,10460698,10460827,JUNC_14518,1,-,GT,AG,0.9988951,0.999723,0.01513652503490448,0.9960971474647522
NC_003070.9,10461052,10461156,JUNC_14519,1,-,GT,AG,0.9996187,0.9991862,0.09389210492372513,0.004474174696952105
NC_003070.9,10461351,10461459,JUNC_14520,1,-,GT,AG,0.99999833,0.99999774,0.008347353897988796,0.007019721902906895
NC_003070.9,10461577,10461661,JUNC_14521,1,-,GT,AG,1.0,1.0,0.24058641493320465,0.09091253578662872
NC_003070.9,10462044,10462292,JUNC_14522,1,-,GT,AG,1.0,1.0,0.0001973547914531082,0.18521162867546082
NC_003070.9,10463579,10464110,JUNC_11839,1,+,GT,AG,0.99975294,0.9998981,0.008727408945560455,0.005186990834772587
NC_003070.9,10464202,10464319,JUNC_11840,1,+,GT,AG,0.99628276,0.99477756,0.4986906945705414,0.9164818525314331
NC_003070.9,10464457,10464543,JUNC_11841,1,+,GT,AG,0.9999336,0.9996685,0.11259537190198898,0.28211453557014465
NC_003070.9,10464600,10464675,JUNC_11842,1,+,GT,AG,0.9710547,0.94481194,0.1307053416967392,0.00042606485658325255
NC_003070.9,10464748,10464931,JUNC_11843,1,+,GT,AG,0.12178273,0.2008912,0.005230747628957033,0.33142948150634766
NC_003070.9,10465090,10465262,JUNC_11844,1,+,GT,AG,0.9999808,0.9999876,0.4986906945705414,0.9164818525314331
NC_003070.9,10465785,10465931,JUNC_11846,1,+,GT,AG,0.9666931,0.95714104,0.9924006462097168,0.9660568833351135
NC_003070.9,10466047,10466126,JUNC_11847,1,+,GT,AG,0.2353426,0.15522689,0.970288872718811,0.9859289526939392
NC_003070.9,10466213,10466306,JUNC_11848,1,+,GT,AG,0.9820466,0.89343476,0.9806616306304932,0.9921247363090515
NC_003070.9,10466395,10466500,JUNC_11849,1,+,GT,AG,0.9936505,0.9882576,0.0018091128440573812,0.00036125609767623246
NC_003070.9,10466563,10466646,JUNC_11850,1,+,GT,AG,0.6794929,0.8507695,0.6240684390068054,0.0012703360989689827
NC_003070.9,10466703,10466820,JUNC_11851,1,+,GT,AG,0.024564954,0.0353049,0.006080894265323877,0.5356436967849731
NC_003070.9,10466917,10466997,JUNC_11852,1,+,GT,AG,0.9999994,0.99999964,0.7316377758979797,0.0033431334886699915
NC_003070.9,10491833,10492435,JUNC_18190,1,+,GT,AG,0.9356322,0.8797413,0.1198497861623764,0.8928094506263733
NC_003070.9,10492897,10493065,JUNC_18191,1,+,GT,AG,0.9999404,0.99993026,0.0001267105108126998,0.10410424321889877
NC_003070.9,10507741,10507835,JUNC_9648,1,+,GC,AG,0.9999573,0.9998864,0.02146422676742077,0.08218785375356674
NC_003070.9,10507906,10508025,JUNC_9649,1,+,GT,AG,1.0,1.0,0.5902116894721985,0.0007555412012152374
NC_003070.9,10508150,10508387,JUNC_9650,1,+,GT,AG,1.0,1.0,0.9744627475738525,0.9934779405593872
NC_003070.9,10508448,10508764,JUNC_9651,1,+,GT,AG,0.9999155,0.9998621,4.09774975196342e-06,1.0477518117113505e-05
NC_003070.9,10543362,10543434,JUNC_16852,1,+,GT,AG,0.0026681,0.005364777,0.0020303181372582912,1.617302950762678e-05
NC_003070.9,10545256,10545367,JUNC_13172,1,-,GT,AG,0.9999926,0.99997246,1.4831838370810146e-06,0.00044754790724255145
NC_003070.9,10545557,10545637,JUNC_13173,1,-,GT,AG,0.9540468,0.8942693,0.15149633586406708,0.9963717460632324
NC_003070.9,10545705,10545803,JUNC_13174,1,-,GT,AG,0.9999944,0.9999889,0.002356897806748748,0.014013329520821571
NC_003070.9,10546895,10546990,JUNC_15078,1,-,GT,AG,0.9999616,0.9998485,0.0263223797082901,0.9467936754226685
NC_003070.9,10547050,10547140,JUNC_15079,1,-,GT,AG,0.9999888,0.99998903,0.9811326861381531,0.2522166073322296
NC_003070.9,10547380,10547494,JUNC_15080,1,-,GT,AG,1.0,1.0,0.6348827481269836,0.01151270978152752
NC_003070.9,10547650,10547961,JUNC_15081,1,-,GT,AG,0.99999917,0.99999917,0.019671497866511345,0.04610970616340637
NC_003070.9,10596595,10596695,JUNC_13738,1,+,GT,AG,0.99994946,0.999964,0.0709739550948143,0.03454549238085747
NC_003070.9,10596807,10596891,JUNC_13739,1,+,GT,AG,0.9999608,0.999907,0.026896201074123383,0.13064740598201752
NC_003070.9,10598561,10598750,JUNC_8927,1,+,GT,AG,0.71944237,0.6137534,0.9930260181427002,0.29844930768013
NC_003070.9,10599096,10599191,JUNC_8928,1,+,GT,AG,0.9999993,0.9999988,0.5257179737091064,0.5503053069114685
NC_003070.9,10606306,10606479,JUNC_9930,1,+,GT,AG,0.8478741,0.89594793,0.6718681454658508,0.9615848064422607
NC_003070.9,10607216,10607304,JUNC_219,1,+,GT,AG,0.9975618,0.99684167,0.0007100687944330275,0.597723126411438
NC_003070.9,10626309,10626660,JUNC_9178,1,+,GT,AG,0.9995178,0.99947196,0.0009693831671029329,0.01186124887317419
NC_003070.9,10627431,10628714,JUNC_2650,1,-,GT,AG,0.63281316,0.5050114,0.1744469553232193,0.9132179021835327
NC_003070.9,10629810,10630209,JUNC_2651,1,-,GT,AG,0.99345267,0.9848061,0.022513043135404587,0.027227139100432396
NC_003070.9,10630380,10630571,JUNC_2652,1,-,GT,AG,0.16168565,0.30868316,0.9642701148986816,0.002353368327021599
NC_003070.9,10655494,10655585,JUNC_5981,1,+,GT,AG,0.9999095,0.9998889,0.013207191601395607,0.9853931069374084
NC_003070.9,10655787,10655945,JUNC_13170,1,+,GT,AG,0.18920973,0.1495178,0.0003333323111291975,0.02481846697628498
NC_003070.9,10656017,10656103,JUNC_5983,1,+,GT,AG,0.0009165579,0.00026987348,0.038195688277482986,0.36669600009918213
NC_003070.9,10656211,10656319,JUNC_5984,1,+,GT,AG,0.99609464,0.99785256,0.3597007095813751,0.8633564710617065
NC_003070.9,10656400,10656539,JUNC_5985,1,+,GT,AG,0.99826497,0.9993099,0.00011201170855201781,0.0376957431435585
NC_003070.9,10656593,10656690,JUNC_5986,1,+,GT,AG,0.9999093,0.9998878,0.02777831070125103,0.00011875005293404683
NC_003070.9,10656816,10656992,JUNC_5987,1,+,GT,AG,0.9999994,0.9999982,0.007350252475589514,0.5449213981628418
NC_003070.9,10657082,10657201,JUNC_5988,1,+,GT,AG,0.99997544,0.9999691,0.13405394554138184,0.1457059383392334
NC_003070.9,10657321,10657400,JUNC_5989,1,+,GT,AG,1.0,0.9999999,5.470954783959314e-05,0.6115301251411438
NC_003070.9,10657526,10657740,JUNC_5990,1,+,GT,AG,1.0,1.0,0.9390366673469543,0.22258280217647552
NC_003070.9,10657857,10657953,JUNC_5991,1,+,GT,AG,0.9999994,0.99999845,0.9533058404922485,0.8122087121009827
NC_003070.9,10658010,10658090,JUNC_5992,1,+,GT,AG,0.9999684,0.9999304,0.9941133856773376,0.0347636416554451
NC_003070.9,10658165,10658283,JUNC_5993,1,+,GT,AG,0.9999995,0.9999988,0.9675556421279907,0.5681820511817932
NC_003070.9,10658365,10658471,JUNC_13171,1,+,GT,AG,0.99999905,0.9999976,0.9921663999557495,0.9891847372055054
NC_003070.9,10662895,10662983,JUNC_9457,1,-,GT,AG,0.9999597,0.9998958,0.999092698097229,0.0827881395816803
NC_003070.9,10663163,10663248,JUNC_9458,1,-,GT,AG,0.96622133,0.9905828,0.0020039668306708336,0.0013526891125366092
NC_003070.9,10663994,10664088,JUNC_9459,1,-,GT,AG,0.99999845,0.9999988,0.05157666280865669,0.017594678327441216
NC_003070.9,10686341,10686426,JUNC_3476,1,-,GT,AG,0.99999845,0.9999962,0.3839558959007263,0.01010835636407137
NC_003070.9,10686617,10686698,JUNC_3477,1,-,GT,AG,0.9952076,0.98834294,0.0001765415508998558,0.003241665428504348
NC_003070.9,10687936,10688017,JUNC_3478,1,-,GT,AG,0.99864393,0.99810034,0.9538594484329224,0.7103068828582764
NC_003070.9,10688165,10688257,JUNC_3479,1,-,GT,AG,0.00065516063,0.00066622335,0.6142921447753906,0.05913067236542702
NC_003070.9,10688333,10688413,JUNC_3480,1,-,GT,AG,0.9997371,0.9986347,0.20715026557445526,0.0003864922618959099
NC_003070.9,10688536,10688617,JUNC_3481,1,-,GT,AG,0.9998351,0.99953854,0.14923667907714844,0.6559544801712036
NC_003070.9,10688782,10688865,JUNC_3482,1,-,GT,AG,0.99998975,0.9999908,0.011757003143429756,0.4318394958972931
NC_003070.9,10688956,10689045,JUNC_3483,1,-,GT,AG,0.9999994,0.9999989,0.3599953353404999,0.6366238594055176
NC_003070.9,10689130,10689214,JUNC_3484,1,-,GT,AG,0.9942978,0.99127674,0.04707111790776253,0.0007373228436335921
NC_003070.9,10689370,10689454,JUNC_3485,1,-,GT,AG,0.99928886,0.9991449,0.0005381843075156212,0.13354714214801788
NC_003070.9,10689511,10689604,JUNC_3486,1,-,GT,AG,0.9999994,0.9999994,0.8633124828338623,0.0240743737667799
NC_003070.9,10689703,10689788,JUNC_3487,1,-,GT,AG,0.9999913,0.9999652,0.029633136466145515,0.21147479116916656
NC_003070.9,10689901,10689993,JUNC_3488,1,-,GT,AG,0.014911336,0.03886273,0.08714959025382996,0.022996706888079643
NC_003070.9,10710412,10710589,JUNC_2235,1,-,GT,AG,0.99551755,0.9961688,0.6145387887954712,0.9478912353515625
NC_003070.9,10710728,10710830,JUNC_2236,1,-,GT,AG,0.011535139,0.022474507,0.9289793968200684,0.79190593957901
NC_003070.9,10710934,10711019,JUNC_2237,1,-,GT,AG,1.0,0.9999999,0.003981065470725298,5.572489681071602e-05
NC_003070.9,10739012,10739325,JUNC_6569,1,+,GT,AG,0.9676653,0.9918147,0.0031636555213481188,0.15975253283977509
NC_003070.9,10739689,10739822,JUNC_6570,1,+,GT,AG,0.9568563,0.8575389,0.010892916470766068,0.021612996235489845
NC_003070.9,10740001,10740162,JUNC_6571,1,+,GT,AG,0.9999919,0.99997246,0.8118486404418945,0.9804403185844421
NC_003070.9,10740202,10740325,JUNC_6572,1,+,GT,AG,0.9999337,0.9999083,0.012216850183904171,0.3881206810474396
NC_003070.9,10740482,10740647,JUNC_6573,1,+,GT,AG,1.0,1.0,0.04050934687256813,0.0015203937655314803
NC_003070.9,10740762,10740865,JUNC_6574,1,+,GT,AG,0.9999447,0.99993587,0.975980818271637,0.5576691627502441
NC_003070.9,10740946,10741055,JUNC_6575,1,+,GT,AG,0.9996551,0.99990284,0.43576034903526306,0.9128932356834412
NC_003070.9,10741080,10741236,JUNC_10188,1,+,GT,AG,0.9998654,0.9992712,0.24537046253681183,0.00694612879306078
NC_003070.9,10741293,10741610,JUNC_6577,1,+,GT,AG,0.9988102,0.9968701,0.7835793495178223,0.0836985856294632
NC_003070.9,10741676,10741804,JUNC_6578,1,+,GT,AG,0.9655655,0.969816,0.0811452567577362,0.9868319034576416
NC_003070.9,10741879,10741970,JUNC_6579,1,+,GT,AG,0.9999944,0.9999926,0.9721916317939758,0.9915497303009033
NC_003070.9,10742078,10742157,JUNC_6580,1,+,GT,AG,0.99997365,0.9999876,0.9931714534759521,0.8289476633071899
NC_003070.9,10742292,10742376,JUNC_6581,1,+,GT,AG,0.9993279,0.9994835,0.9850736260414124,0.9981493949890137
NC_003070.9,10742483,10742588,JUNC_6582,1,+,GT,AG,0.9999012,0.9998919,0.9985425472259521,0.9932807087898254
NC_003070.9,10742682,10742806,JUNC_6583,1,+,GT,AG,0.99883777,0.99893945,0.9989221096038818,0.8220179677009583
NC_003070.9,10742974,10743076,JUNC_6584,1,+,GT,AG,0.9978738,0.99763715,0.4595520794391632,0.0007464696536771953
NC_003070.9,10743217,10743332,JUNC_6585,1,+,GT,AG,0.9999552,0.9999683,0.027411630377173424,0.14286655187606812
NC_003070.9,10743533,10743668,JUNC_6586,1,+,GT,AG,0.12884192,0.27021533,0.8853514790534973,0.8562262654304504
NC_003070.9,10743767,10743846,JUNC_6587,1,+,GT,AG,0.9947273,0.9952002,0.8180880546569824,0.0823269933462143
NC_003070.9,10743999,10744176,JUNC_6588,1,+,GT,AG,0.9849128,0.9837879,0.13140122592449188,0.011151237413287163
NC_003070.9,10744550,10744720,JUNC_6589,1,+,GT,AG,0.9997819,0.9995005,0.026907166466116905,0.01402635220438242
NC_003070.9,10744901,10744980,JUNC_6590,1,+,GT,AG,0.9940142,0.9905239,0.0003423307207413018,0.002177770948037505
NC_003070.9,10745304,10745399,JUNC_6591,1,+,GT,AG,0.99999976,0.9999995,0.0009151871781796217,0.0015300260856747627
NC_003070.9,10746156,10746241,JUNC_6592,1,+,GT,AG,0.99998784,0.99999034,0.03373077139258385,0.0028643819969147444
NC_003070.9,10746363,10746505,JUNC_6593,1,+,GT,AG,0.99965656,0.9989135,0.015702037140727043,0.003997144754976034
NC_003070.9,10746751,10746867,JUNC_6594,1,+,GT,AG,0.9999951,0.99999297,0.06244871765375137,0.8573054075241089
NC_003070.9,10748423,10748785,JUNC_8889,1,+,GT,AG,0.98392165,0.9877243,0.06668172776699066,0.7334725260734558
NC_003070.9,10749148,10749268,JUNC_8890,1,+,GT,AG,0.99921495,0.9996834,0.04859272018074989,0.23887865245342255
NC_003070.9,10749447,10749597,JUNC_8891,1,+,GT,AG,0.99995947,0.99994874,0.07030794769525528,0.29906758666038513
NC_003070.9,10749637,10749740,JUNC_8892,1,+,GT,AG,0.9999969,0.9999957,0.00013739401765633374,0.035941269248723984
NC_003070.9,10749897,10750019,JUNC_8893,1,+,GT,AG,0.99994063,0.9997291,0.030464332550764084,0.0001404066861141473
NC_003070.9,10750134,10750252,JUNC_8894,1,+,GT,AG,0.4626027,0.47573364,0.007546586915850639,0.5603359341621399
NC_003070.9,10750333,10750439,JUNC_8895,1,+,GT,AG,0.99975485,0.99950635,0.13495129346847534,0.14837664365768433
NC_003070.9,10750464,10750660,JUNC_8896,1,+,GT,AG,0.020917837,0.03265918,0.009549198672175407,0.6085924506187439
NC_003070.9,10750717,10750918,JUNC_8897,1,+,GC,AG,0.0014084359,0.004284546,0.9365367889404297,0.2176520973443985
NC_003070.9,10750984,10751170,JUNC_8898,1,+,GT,AG,0.00013424814,0.00018073489,0.1457887440919876,0.22000011801719666
NC_003070.9,10751245,10751336,JUNC_8899,1,+,GT,AG,0.9990424,0.99904203,0.003376588225364685,0.008010543882846832
NC_003070.9,10751444,10751551,JUNC_8900,1,+,GT,AG,0.9949722,0.9980374,0.031993817538022995,0.34867408871650696
NC_003070.9,10751686,10751791,JUNC_8901,1,+,GT,AG,0.6063025,0.66805005,0.6684839129447937,0.04078172892332077
NC_003070.9,10751898,10752001,JUNC_8902,1,+,GT,AG,0.9999002,0.99986875,0.21133066713809967,0.45527029037475586
NC_003070.9,10752095,10752225,JUNC_8903,1,+,GT,AG,0.99584174,0.995458,0.9721988439559937,0.7249752879142761
NC_003070.9,10752393,10752498,JUNC_8904,1,+,GT,AG,0.9997383,0.9997632,0.9953870177268982,0.9751062393188477
NC_003070.9,10752639,10752749,JUNC_8905,1,+,GT,AG,0.99999976,0.9999999,0.6397199034690857,0.7308075428009033
NC_003070.9,10752950,10753078,JUNC_8906,1,+,GT,AG,0.9786052,0.9707664,0.6058515310287476,0.9948110580444336
NC_003070.9,10753177,10753251,JUNC_8907,1,+,GT,AG,0.85622567,0.82427365,0.9764841198921204,0.9719986915588379
NC_003070.9,10753404,10753541,JUNC_8908,1,+,GT,AG,0.9877863,0.98587275,0.7506622076034546,0.9573267102241516
NC_003070.9,10753915,10754101,JUNC_8909,1,+,GT,AG,0.2703598,0.6141092,0.14009816944599152,0.4564290940761566
NC_003070.9,10754282,10754360,JUNC_8910,1,+,GT,AG,0.43907157,0.61710864,0.041785430163145065,0.017398495227098465
NC_003070.9,10754684,10754777,JUNC_8911,1,+,GT,AG,0.9999993,0.99999857,0.030697403475642204,0.11806987226009369
NC_003070.9,10755534,10755603,JUNC_8912,1,+,GT,AG,0.9999722,0.99997294,0.012709757313132286,0.365749716758728
NC_003070.9,10755725,10755818,JUNC_8913,1,+,GT,AG,0.9999975,0.9999912,0.4824396073818207,0.04944784939289093
NC_003070.9,10756064,10756166,JUNC_8914,1,+,GT,AG,0.99999547,0.99999595,0.26827433705329895,0.1529010832309723
NC_003070.9,10759533,10759724,JUNC_17234,1,+,GT,AG,0.9887999,0.9797323,0.3950260281562805,0.37268152832984924
NC_003070.9,10759794,10760239,JUNC_17235,1,+,GT,AG,0.9902794,0.99670655,0.4388643503189087,0.8931131362915039
NC_003070.9,10761481,10761572,JUNC_17236,1,+,GT,AG,0.9966589,0.9838743,0.9112383723258972,0.9607208371162415
NC_003070.9,10779461,10780166,JUNC_13204,1,+,GT,AG,0.9999994,0.9999995,0.9818652272224426,0.9814044833183289
NC_003070.9,10780270,10780687,JUNC_13205,1,+,GT,AG,0.9999999,0.99999976,0.33992716670036316,0.8581796884536743
NC_003070.9,10780774,10780898,JUNC_13206,1,+,GT,AG,1.0,1.0,0.9802489876747131,0.012493908405303955
NC_003070.9,10780974,10781693,JUNC_13207,1,+,GT,AG,0.99994576,0.9999666,0.012071514502167702,0.9424304366111755
NC_003070.9,10781753,10782074,JUNC_13208,1,+,GT,AG,0.99999905,0.99999905,0.9570693969726562,0.7950668334960938
NC_003070.9,10782191,10782334,JUNC_13209,1,+,GT,AG,1.0,1.0,0.9775107502937317,0.09185371547937393
NC_003070.9,10782429,10782534,JUNC_13210,1,+,GT,AG,0.86074996,0.8009572,0.4332764446735382,0.9943453669548035
NC_003070.9,10782734,10783109,JUNC_13211,1,+,GT,AG,0.9072906,0.9513577,0.035239219665527344,0.9107133746147156
NC_003070.9,10783207,10783340,JUNC_13212,1,+,GT,AG,0.99999976,0.99999917,0.9972965121269226,0.0008313935250043869
NC_003070.9,10783444,10783520,JUNC_13213,1,+,GT,AG,0.99999964,0.9999989,0.03213958814740181,0.9663965106010437
NC_003070.9,10783689,10783763,JUNC_13214,1,+,GT,AG,0.9997764,0.9997886,8.622206223662943e-05,1.567013185876931e-07
NC_003070.9,10783892,10784202,JUNC_13215,1,+,GT,AG,0.9999982,0.9999988,0.00014840027142781764,1.5038820038171252e-06
NC_003070.9,10784285,10784616,JUNC_13216,1,+,GT,AG,1.0,1.0,8.636038550946523e-09,7.244450443977257e-07
NC_003070.9,10784758,10785296,JUNC_13217,1,+,GT,AG,1.0,1.0,0.00019343884196132421,5.194824552745558e-07
NC_003070.9,10785326,10785529,JUNC_13218,1,+,GT,AG,0.9999976,0.99999774,0.0034901928156614304,0.2586457133293152
NC_003070.9,10785600,10785712,JUNC_13219,1,+,GT,AG,0.9997478,0.9997033,0.7731514573097229,0.3471658229827881
NC_003070.9,10804909,10804988,JUNC_14794,1,-,GT,AG,0.9985738,0.9957724,0.5515886545181274,0.9877798557281494
NC_003070.9,10805141,10805232,JUNC_14795,1,-,GT,AG,0.43380353,0.24975815,8.412008867253462e-10,8.399732820407735e-08
NC_003070.9,10805307,10805568,JUNC_14796,1,-,GT,AG,0.9985592,0.99956733,0.003120026085525751,0.9526386260986328
NC_003070.9,10805699,10805868,JUNC_14797,1,-,GT,AG,0.54682153,0.4861949,5.635537672787905e-05,1.872833877314406e-06
NC_003070.9,10805927,10806239,JUNC_14798,1,-,GT,AG,0.9999722,0.9999846,0.9991505146026611,8.50664855533978e-06
NC_003070.9,10811238,10811364,JUNC_4431,1,+,GT,AG,0.9988932,0.9969362,0.014186017215251923,0.0014604100724682212
NC_003070.9,10811437,10811565,JUNC_4432,1,+,GT,AG,0.005215885,0.014583583,0.4499600827693939,0.0007269061752595007
NC_003070.9,10811737,10811818,JUNC_4433,1,+,GT,AG,0.9869263,0.9760893,0.9996564388275146,0.9967898726463318
NC_003070.9,10811924,10812013,JUNC_4434,1,+,AT,AC,3.5605477e-05,9.7005846e-05,0.9867283701896667,0.9952183365821838
NC_003070.9,10812104,10812199,JUNC_4435,1,+,GT,AG,0.99988234,0.9998872,0.9977895021438599,0.9981744289398193
NC_003070.9,10812393,10812463,JUNC_4436,1,+,GT,AG,0.99993753,0.9995851,0.9974059462547302,0.9976376295089722
NC_003070.9,10812591,10812665,JUNC_4437,1,+,GT,AG,0.09548167,0.042451784,0.994682252407074,0.9796661734580994
NC_003070.9,10813322,10813416,JUNC_4438,1,+,GT,AG,0.9987639,0.9981133,0.9919837117195129,0.9263586401939392
NC_003070.9,10817004,10817104,JUNC_2344,1,-,GT,AG,0.9999136,0.99991083,1.068708752427483e-05,1.0611195477849833e-07
NC_003070.9,10817491,10817672,JUNC_2345,1,-,GT,AG,0.9990246,0.9989452,0.5372239351272583,0.3687589168548584
NC_003070.9,10817801,10818106,JUNC_2346,1,-,GT,AG,0.9992551,0.99675804,0.9977042078971863,0.9026487469673157
NC_003070.9,10818298,10818385,JUNC_2347,1,-,GT,AG,0.7651247,0.8073352,0.8958047032356262,0.2543509900569916
NC_003070.9,10818533,10818940,JUNC_2348,1,-,GT,AG,0.007937461,0.039703187,0.0016747306799516082,0.02344677411019802
NC_003070.9,10822409,10822497,JUNC_10872,1,-,GT,AG,0.99864763,0.99850905,4.427593376021832e-05,0.3336228132247925
NC_003070.9,10822621,10822742,JUNC_10873,1,-,GT,AG,0.9984366,0.9968694,0.8169814348220825,0.00023752142442390323
NC_003070.9,10822834,10823089,JUNC_10874,1,-,GT,AG,0.9999993,0.9999993,0.34385982155799866,0.3605843782424927
NC_003070.9,10823225,10823314,JUNC_10875,1,-,GT,AG,0.99999464,0.9999982,0.7292602062225342,0.3931191861629486
NC_003070.9,10836240,10836509,JUNC_13856,1,-,GT,AG,0.99999845,0.99999356,0.08451870828866959,0.13543252646923065
NC_003070.9,10836694,10836806,JUNC_13857,1,-,GT,AG,0.99997735,0.9999875,0.9668384790420532,0.9733920693397522
NC_003070.9,10836920,10837107,JUNC_13858,1,-,GT,AG,0.9995196,0.9991347,0.942529022693634,0.22274421155452728
NC_003070.9,10837195,10837288,JUNC_13859,1,-,GT,AG,0.9999975,0.9999957,0.15752126276493073,0.00656040757894516
NC_003070.9,10837372,10837481,JUNC_13860,1,-,GC,AG,0.9999627,0.999985,0.004627768415957689,0.013851383700966835
NC_003070.9,10837588,10837704,JUNC_13861,1,-,GT,AG,0.9473822,0.8766143,0.08222801983356476,5.812307063024491e-05
NC_003070.9,10837773,10837869,JUNC_13862,1,-,GT,AG,0.99984115,0.99978596,6.042140375939198e-05,0.006453034933656454
NC_003070.9,10837995,10838175,JUNC_13863,1,-,GT,AG,0.99999964,0.99999917,0.0026431020814925432,0.005413663573563099
NC_003070.9,10838265,10838346,JUNC_13864,1,-,GT,AG,0.99992406,0.9999372,0.985988438129425,0.1277765929698944
NC_003070.9,10838457,10838549,JUNC_13865,1,-,GT,AG,0.9995339,0.99848145,0.9459875226020813,0.9671982526779175
NC_003070.9,10838783,10838876,JUNC_13866,1,-,GT,AG,7.220565e-05,3.002208e-05,0.7708436846733093,0.19449938833713531
NC_003070.9,10838954,10839056,JUNC_13867,1,-,GT,AG,0.9841202,0.98751533,0.08519645780324936,0.9326030611991882
NC_003070.9,10839128,10839216,JUNC_13868,1,-,GT,AG,0.99999976,0.9999995,0.4515397250652313,0.033886563032865524
NC_003070.9,10839300,10839407,JUNC_13869,1,-,GT,AG,0.999998,0.999997,0.017922285944223404,0.20868295431137085
NC_003070.9,10839596,10839768,JUNC_13870,1,-,GT,AG,0.9999175,0.9998697,0.22850722074508667,0.9938067197799683
NC_003070.9,10841762,10841860,JUNC_9392,1,-,GT,AG,0.44778675,0.31554025,0.9815969467163086,0.3308810591697693
NC_003070.9,10842142,10842228,JUNC_9393,1,-,GT,AG,0.99955887,0.998267,0.24247851967811584,0.01026463694870472
NC_003070.9,10842499,10842584,JUNC_9394,1,-,GT,AG,0.9999347,0.9999269,0.8999135494232178,0.10402263700962067
NC_003070.9,10842910,10842996,JUNC_9395,1,-,GT,AG,0.9995409,0.9997137,0.20365005731582642,0.5747684836387634
NC_003070.9,10843279,10843366,JUNC_9396,1,-,GT,AG,0.99999535,0.9999945,0.021252617239952087,3.8036698242649436e-05
NC_003070.9,10843439,10843517,JUNC_9397,1,-,GT,AG,0.99999964,0.9999999,0.17879846692085266,0.06591250747442245
NC_003070.9,10843613,10843696,JUNC_9398,1,-,GT,AG,0.9990212,0.99624926,0.38080641627311707,0.3018185794353485
NC_003070.9,10844094,10844196,JUNC_9399,1,-,GT,AG,0.9998877,0.9999032,0.6751260757446289,0.36773133277893066
NC_003070.9,10844329,10844691,JUNC_9400,1,-,GT,AG,1.0,0.9999999,0.9928305745124817,0.9696562886238098
NC_003070.9,10848003,10848199,JUNC_2725,1,+,GT,AG,1.0,1.0,0.8464933633804321,0.9964209794998169
NC_003070.9,10848391,10848528,JUNC_2726,1,+,GT,AG,0.9943295,0.9896874,0.003278727177530527,0.3458938002586365
NC_003070.9,10848610,10848698,JUNC_2727,1,+,GT,AG,0.99973303,0.9996563,0.8154045343399048,0.0006285036797635257
NC_003070.9,10848890,10849001,JUNC_2728,1,+,GT,AG,0.99985397,0.99977475,0.00413630111142993,0.0008629267103970051
NC_003070.9,10849115,10849200,JUNC_2729,1,+,GT,AG,0.9984672,0.9987626,0.24064353108406067,0.011784684844315052
NC_003070.9,10849291,10849380,JUNC_2730,1,+,GT,AG,0.1330516,0.13184889,0.002868811832740903,0.001508098328486085
NC_003070.9,10849538,10849622,JUNC_14121,1,+,GT,AG,0.9976325,0.993576,0.7812756896018982,0.9872109889984131
NC_003070.9,10850054,10850169,JUNC_2731,1,+,GT,AG,0.9997173,0.99919194,0.7527848482131958,0.24739105999469757
NC_003070.9,10855337,10855429,JUNC_3581,1,+,GT,AG,0.5468087,0.28195187,0.00575188547372818,0.9960780739784241
NC_003070.9,10855556,10855814,JUNC_3582,1,+,GT,AG,0.735032,0.88239664,0.1444503217935562,8.978970436146483e-05
NC_003070.9,10855939,10856040,JUNC_3583,1,+,GT,AG,0.99241287,0.9858549,0.04157949611544609,0.014140567742288113
NC_003070.9,10856154,10856246,JUNC_3584,1,+,GT,AG,0.99998796,0.9999777,0.08092909306287766,0.44691774249076843
NC_003070.9,10856446,10856529,JUNC_3585,1,+,GT,AG,0.9999995,0.9999995,0.1828334480524063,0.0025891081895679235
NC_003070.9,10856671,10856751,JUNC_3586,1,+,GT,AG,0.9999993,0.9999993,0.024992236867547035,0.015163859352469444
NC_003070.9,10856846,10856939,JUNC_3587,1,+,GT,AG,0.99998903,0.9999913,0.2881651818752289,0.6299150586128235
NC_003070.9,10857069,10857151,JUNC_14236,1,+,GT,AG,0.32159868,0.1878703,0.8124667406082153,0.4334520697593689
NC_003070.9,10857069,10857473,JUNC_3588,1,+,GT,AG,1.0,1.0,0.00602014409378171,0.04162999615073204
NC_003070.9,10857618,10857722,JUNC_3589,1,+,GT,AG,0.99999976,0.99999976,0.1248282790184021,0.01709599792957306
NC_003070.9,10860852,10861261,JUNC_17757,1,+,GT,AG,0.7334944,0.7450052,0.036465734243392944,0.010255197994410992
NC_003070.9,10861520,10861696,JUNC_15221,1,+,GT,AG,0.99999976,0.9999994,0.043162908405065536,0.8132859468460083
NC_003070.9,10861871,10862108,JUNC_2810,1,+,GT,AG,1.0,1.0,0.6930644512176514,0.03548465296626091
NC_003070.9,10862192,10862308,JUNC_2811,1,+,GT,AG,1.0,1.0,0.9796761274337769,0.9306799173355103
NC_003070.9,10862550,10862731,JUNC_2812,1,+,GT,AG,0.99999976,0.9999999,0.0304661113768816,0.9642608165740967
NC_003070.9,10862963,10863236,JUNC_2813,1,+,GT,AG,0.99996567,0.99992955,0.8638875484466553,0.00011620856093941256
NC_003070.9,10863316,10863395,JUNC_2814,1,+,GT,AG,0.9779766,0.93739015,0.9863470196723938,0.8048431277275085
NC_003070.9,10863480,10863704,JUNC_2815,1,+,GT,AG,0.99953127,0.99872196,0.002228746423497796,0.23530490696430206
NC_003070.9,10863836,10863919,JUNC_2816,1,+,GT,AG,0.7309009,0.790467,0.0602077916264534,0.0269157811999321
NC_003070.9,10864033,10864132,JUNC_2817,1,+,GT,AG,0.99340564,0.97866756,0.229106605052948,6.132382623036392e-06
NC_003070.9,10864180,10864256,JUNC_2818,1,+,GT,AG,0.41509926,0.3463174,0.027367059141397476,0.7366355061531067
NC_003070.9,10864341,10864435,JUNC_2819,1,+,GT,AG,0.9902193,0.9863484,0.790652334690094,0.0001977382053155452
NC_003070.9,10864492,10864569,JUNC_2820,1,+,GT,AG,0.99843156,0.9985189,0.9701789021492004,0.7695732116699219
NC_003070.9,10887850,10888275,JUNC_18150,1,+,GT,AG,0.99999595,0.99999464,0.14076004922389984,0.9668521285057068
NC_003070.9,10889384,10889470,JUNC_18151,1,+,GT,AG,1.0,1.0,0.9733118414878845,0.6386938095092773
NC_003070.9,10889734,10889827,JUNC_18152,1,+,GT,AG,1.0,1.0,0.3658110499382019,0.025556951761245728
NC_003070.9,10918817,10919197,JUNC_18378,1,+,GT,AG,0.9999999,0.99999976,0.7575131058692932,0.3405991494655609
NC_003070.9,10919684,10919820,JUNC_18379,1,+,GT,AG,0.99999726,0.9999969,0.3478792905807495,0.07347917556762695
NC_003070.9,10938288,10938376,JUNC_2601,1,-,GT,AG,0.99981874,0.9997718,0.9976677298545837,0.006319736130535603
NC_003070.9,10938660,10938747,JUNC_2602,1,-,GT,AG,0.999949,0.9998946,0.01775432750582695,0.8534108400344849
NC_003070.9,10939321,10939417,JUNC_2603,1,-,GT,AG,0.9980593,0.9953015,0.862945020198822,0.9727268815040588
NC_003070.9,10939951,10940040,JUNC_2604,1,-,GT,AG,0.99982065,0.9998715,0.9950374960899353,0.5618591904640198
NC_003070.9,10940757,10940842,JUNC_2605,1,-,GT,AG,0.99999964,0.99999964,0.9935718774795532,0.998813271522522
NC_003070.9,10940920,10941018,JUNC_2606,1,-,GT,AG,1.0,1.0,0.9952598214149475,0.9852681159973145
NC_003070.9,10941105,10941469,JUNC_2607,1,-,GT,AG,1.0,1.0,0.5388911366462708,0.9758430123329163
NC_003070.9,10941580,10941766,JUNC_2608,1,-,GT,AG,0.9999918,0.9999895,0.0868670865893364,0.12809143960475922
NC_003070.9,10967971,10968627,JUNC_17268,1,+,GT,AG,0.83931625,0.8600951,0.8428204655647278,0.0061533041298389435
NC_003070.9,10975797,10976274,JUNC_16999,1,+,GT,AG,0.0014819694,0.001437527,0.17439806461334229,0.00024048246268648654
NC_003070.9,10987010,10987098,JUNC_17410,1,-,GT,AG,0.99999726,0.9999957,0.9935196042060852,0.9677997827529907
NC_003070.9,10987420,10987504,JUNC_17411,1,-,GT,AG,0.99999964,0.9999987,0.6763818264007568,0.9841192364692688
NC_003070.9,10988188,10988275,JUNC_17412,1,-,GT,AG,0.95571774,0.9648198,0.9662256836891174,0.15947102010250092
NC_003070.9,10988394,10988493,JUNC_17413,1,-,GT,AG,0.9994686,0.9995034,0.4188026487827301,0.9605193138122559
NC_003070.9,10991822,10992123,JUNC_8728,1,+,GT,AG,0.8650721,0.9379259,0.5804848670959473,0.008146079257130623
NC_003070.9,10993506,10993821,JUNC_10806,1,-,GT,AG,0.9999995,0.9999987,0.9554309248924255,0.2816542983055115
NC_003070.9,10994473,10994887,JUNC_16306,1,+,GT,AG,0.00057965616,0.00892168,0.00738947931677103,0.03737853839993477
NC_003070.9,10995060,10995143,JUNC_16307,1,+,GT,AG,0.9999156,0.9998783,0.200212299823761,0.0007606917060911655
NC_003070.9,10995242,10995337,JUNC_16308,1,+,GT,AG,0.9578928,0.9273699,0.6835927367210388,0.005957033485174179
NC_003070.9,10995489,10995611,JUNC_16309,1,+,GT,AG,0.99893874,0.99939144,0.005296811461448669,0.8032930493354797
NC_003070.9,10997569,10998087,JUNC_16824,1,+,GT,AG,1.0,1.0,0.9954246878623962,0.03997299075126648
NC_003070.9,10998780,10998852,JUNC_16825,1,+,GT,AG,1.0,1.0,0.010366265662014484,0.984282910823822
NC_003070.9,10998941,10999026,JUNC_16826,1,+,GT,AG,0.9999993,0.9999989,0.9878168702125549,0.973868727684021
NC_003070.9,10999096,10999177,JUNC_16827,1,+,GT,AG,0.9999374,0.99991155,0.9629431366920471,0.9757080674171448
NC_003070.9,10999261,10999349,JUNC_16828,1,+,GT,AG,0.99964714,0.9996643,0.3477366864681244,0.0012150052934885025
NC_003070.9,10999426,10999507,JUNC_16829,1,+,GT,AG,0.9999534,0.99994946,4.247252036293503e-06,8.686791261425242e-05
NC_003070.9,10999589,10999673,JUNC_16830,1,+,GT,AG,0.99996555,0.99993753,0.08472394198179245,0.01779325120151043
NC_003070.9,10999756,10999843,JUNC_16831,1,+,GT,AG,0.99438256,0.9965532,0.7036020159721375,0.010792187415063381
NC_003070.9,10999907,10999983,JUNC_16832,1,+,GT,AG,0.9993974,0.99887544,0.9397155046463013,0.941007137298584
NC_003070.9,11000112,11000198,JUNC_16833,1,+,GT,AG,0.99705803,0.996172,0.9970355033874512,0.9865823984146118
NC_003070.9,11000302,11000417,JUNC_16834,1,+,GT,AG,0.99996436,0.9999242,0.981131911277771,0.9902578592300415
NC_003070.9,11032630,11033134,JUNC_16813,1,+,GT,AG,0.931623,0.9199968,0.247564435005188,0.8770173788070679
NC_003070.9,11037839,11037925,JUNC_15824,1,-,GT,AG,0.5297711,0.46989536,0.005064388737082481,0.11308994889259338
NC_003070.9,11038065,11038158,JUNC_15825,1,-,GT,AG,0.9925234,0.9847764,0.0034573287703096867,0.0017606945475563407
NC_003070.9,11038333,11038427,JUNC_15826,1,-,GT,AG,1.0,1.0,0.8211084604263306,0.28265896439552307
NC_003070.9,11038586,11038919,JUNC_15827,1,-,GT,AG,0.9999995,0.99999964,0.6722103357315063,0.00012599445472005755
NC_003070.9,11039065,11039172,JUNC_15828,1,-,GT,AG,0.99999356,0.9999918,0.0011796324979513884,0.04075511172413826
NC_003070.9,11039262,11039458,JUNC_15829,1,-,GT,AG,0.99999785,0.99999666,0.003395229345187545,0.768184244632721
NC_003070.9,11040684,11041203,JUNC_9149,1,-,GT,AG,0.9995041,0.9991891,0.9155295491218567,0.9501580595970154
NC_003070.9,11041257,11041370,JUNC_9150,1,-,GT,AG,1.0,1.0,0.9942903518676758,0.993712842464447
NC_003070.9,11041513,11041606,JUNC_9151,1,-,GT,AG,0.9999999,0.9999999,0.9973580241203308,0.9925804138183594
NC_003070.9,11042016,11042482,JUNC_9152,1,-,GT,AG,0.99999976,0.99999917,0.9979504942893982,0.5231642127037048
NC_003070.9,11042612,11042847,JUNC_9153,1,-,GT,AG,0.9999999,0.99999976,0.017359422519803047,0.18513508141040802
NC_003070.9,11042948,11043395,JUNC_9154,1,-,GT,AG,0.99973685,0.99991906,0.23089025914669037,1.877864087873604e-05
NC_003070.9,11042948,11043399,JUNC_14230,1,-,GT,AG,0.9999993,0.99999976,0.00034556325408630073,0.996657133102417
NC_003070.9,11052316,11052791,JUNC_8667,1,+,GT,AG,0.99996614,0.9999659,0.9983373880386353,0.0006561583722941577
NC_003070.9,11075893,11075982,JUNC_3450,1,-,GT,AG,0.99954224,0.9980768,0.9017464518547058,0.11644317209720612
NC_003070.9,11076021,11076132,JUNC_11408,1,-,GT,AG,0.99953246,0.998835,0.21293394267559052,0.1258087307214737
NC_003070.9,11076198,11076389,JUNC_3451,1,-,GT,AG,0.82424945,0.83380866,0.9674248695373535,0.9890905022621155
NC_003070.9,11076458,11076819,JUNC_3452,1,-,GT,AG,0.99888974,0.9994369,0.6083492636680603,0.9862538576126099
NC_003070.9,11076936,11077477,JUNC_7542,1,-,GT,AG,0.9993414,0.99860376,0.9867604970932007,0.9796920418739319
NC_003070.9,11076948,11077477,JUNC_3453,1,-,GT,AG,0.99842,0.99869496,0.9980321526527405,0.998360812664032
NC_003070.9,11078000,11078823,JUNC_3454,1,-,GT,AG,0.9998273,0.99989355,0.2358924001455307,0.06529949605464935
NC_003070.9,11133590,11133682,JUNC_5311,1,+,GT,AG,0.9999913,0.99999535,0.10858326405286789,0.9881781935691833
NC_003070.9,11133846,11133926,JUNC_5312,1,+,GT,AG,0.9826005,0.99131215,0.4173222482204437,0.8993605375289917
NC_003070.9,11133960,11134031,JUNC_5313,1,+,GT,AG,0.9999995,0.9999993,0.9993035793304443,0.00020408103591762483
NC_003070.9,11134125,11134212,JUNC_5314,1,+,GT,AG,0.99848086,0.9986292,0.999484658241272,0.9938331842422485
NC_003070.9,11134125,11134341,JUNC_9415,1,+,GT,AG,0.9999982,0.99999964,0.8197394609451294,0.9956005811691284
NC_003070.9,11141836,11141925,JUNC_9310,1,+,GT,AG,0.5083846,0.40299982,0.0009725210256874561,5.590695309365401e-06
NC_003070.9,11142911,11142998,JUNC_2688,1,-,GT,AG,0.9999975,0.9999933,0.0009287075372412801,0.6920517683029175
NC_003070.9,11143205,11143289,JUNC_2689,1,-,GT,AG,0.9998529,0.99977416,0.00045354687608778477,0.9129085540771484
NC_003070.9,11143397,11143493,JUNC_2690,1,-,GT,AG,1.0,1.0,0.9747841358184814,0.9877859354019165
NC_003070.9,11143610,11143689,JUNC_2691,1,-,GT,AG,0.9999964,0.99999416,0.9641655683517456,0.9939018487930298
NC_003070.9,11143776,11143850,JUNC_2692,1,-,GT,AG,0.9999988,0.9999988,0.9986346364021301,0.956774115562439
NC_003070.9,11144015,11144086,JUNC_2693,1,-,GT,AG,1.0,1.0,0.8146102428436279,0.9994015693664551
NC_003070.9,11144198,11144267,JUNC_2694,1,-,GT,AG,0.9999999,0.9999999,0.7030499577522278,0.5823415517807007
NC_003070.9,11167097,11167442,JUNC_8805,1,-,GT,AG,0.24249548,0.058548562,0.011826065368950367,0.5360713601112366
NC_003070.9,11170066,11170300,JUNC_11157,1,-,GT,AG,0.2040241,0.20815606,0.9971062541007996,0.022826317697763443
NC_003070.9,11178429,11178466,JUNC_9929,1,+,GT,AG,0.0001790691,0.00033690743,0.9984281063079834,0.10760294646024704
NC_003070.9,11182197,11182403,JUNC_18267,1,+,GT,AG,1.0,0.9999999,0.9980528354644775,0.9862749576568604
NC_003070.9,11183559,11183644,JUNC_18268,1,+,GT,AG,0.9392058,0.78293616,0.0030501624569296837,0.0002829613513313234
NC_003070.9,11188398,11188506,JUNC_4939,1,+,GC,AG,7.609772e-12,1.7958135e-11,0.3217828571796417,3.523618579492904e-05
NC_003070.9,11189241,11189602,JUNC_4940,1,+,GT,AG,1.0,1.0,7.692541839787737e-05,0.9544487595558167
NC_003070.9,11190752,11190831,JUNC_4941,1,+,GT,AG,0.99722844,0.99476504,0.0030869555193930864,0.0011676071444526315
NC_003070.9,11193980,11194237,JUNC_6866,1,+,GT,AG,0.99948925,0.9996613,0.0005269054672680795,0.19229616224765778
NC_003070.9,11194448,11194539,JUNC_6867,1,+,GT,AG,0.9999919,0.9999962,0.5754656195640564,0.8937320113182068
NC_003070.9,11194628,11194718,JUNC_6868,1,+,GT,AG,0.9998857,0.9998927,0.004832788836210966,0.20161102712154388
NC_003070.9,11194857,11194945,JUNC_6869,1,+,GT,AG,0.9999851,0.99997294,0.3493301272392273,0.8306139707565308
NC_003070.9,11195020,11195228,JUNC_6870,1,+,GT,AG,0.9999068,0.9998672,0.01360995788127184,0.08229146897792816
NC_003070.9,11195350,11195448,JUNC_6871,1,+,GT,AG,0.71902674,0.8873553,0.6976755261421204,0.004451144021004438
NC_003070.9,11195524,11195610,JUNC_6872,1,+,GT,AG,1.245076e-05,7.7308636e-05,0.12355836480855942,0.0008842601673677564
NC_003070.9,11195670,11195820,JUNC_6873,1,+,GT,AG,0.86149436,0.9012858,0.002414011862128973,0.05747302249073982
NC_003070.9,11232485,11232755,JUNC_10523,1,+,GT,AG,0.9999988,0.99999905,0.02181931585073471,0.0027039519045501947
NC_003070.9,11232979,11233086,JUNC_10524,1,+,GT,AG,0.9999658,0.9999876,1.2396075135256979e-06,0.030393658205866814
NC_003070.9,11233233,11233360,JUNC_10525,1,+,GT,AG,0.99999714,0.9999933,2.1481095245690085e-05,0.012580163776874542
NC_003070.9,11233576,11233731,JUNC_10526,1,+,GT,AG,0.99923885,0.99972004,0.7506784796714783,0.6847859621047974
NC_003070.9,11233836,11234095,JUNC_10527,1,+,GT,AG,0.9999951,0.9999927,0.5403060913085938,0.007280541583895683
NC_003070.9,11234200,11234291,JUNC_10528,1,+,GT,AG,1.0,1.0,0.14392831921577454,0.5683417916297913
NC_003070.9,11234414,11234541,JUNC_10529,1,+,GT,AG,0.99995613,0.99991584,0.5271071195602417,0.02329501137137413
NC_003070.9,11234630,11234787,JUNC_10530,1,+,GT,AG,0.9852197,0.9944937,0.01039594504982233,0.05478020757436752
NC_003070.9,11234824,11234913,JUNC_10531,1,+,GT,AG,0.9999865,0.9999918,0.20626740157604218,0.9083418846130371
NC_003070.9,11234947,11235181,JUNC_10532,1,+,GT,AG,0.6448247,0.86519814,0.8861550092697144,0.5938217639923096
NC_003070.9,11235234,11235308,JUNC_10533,1,+,GT,AG,0.9971796,0.9968853,0.7146939635276794,0.004275951534509659
NC_003070.9,11235386,11235482,JUNC_10534,1,+,GT,AG,0.9999982,0.9999958,0.7147258520126343,0.7093642354011536
NC_003070.9,11235548,11235786,JUNC_10535,1,+,GT,AG,0.99744153,0.99874705,0.8511744141578674,0.9662242531776428
NC_003070.9,11235853,11235946,JUNC_10536,1,+,GT,AG,0.918625,0.9140933,0.7058690190315247,0.968186616897583
NC_003070.9,11236000,11236210,JUNC_10537,1,+,GT,AG,0.97693676,0.99664897,0.9352453351020813,0.43006742000579834
NC_003070.9,11236318,11236405,JUNC_10538,1,+,GT,AG,0.99997413,0.99998105,0.0003093778796028346,0.00013036427844781429
NC_003070.9,11236470,11236644,JUNC_10539,1,+,GT,AG,0.9999887,0.99998605,0.0022895904257893562,6.163588295748923e-06
NC_003070.9,11236723,11236926,JUNC_10540,1,+,GT,AG,0.9748692,0.9875967,1.0721280432335334e-06,2.1504661162907723e-06
NC_003070.9,11237129,11237211,JUNC_10541,1,+,GC,AG,0.71312636,0.46898502,0.04356536641716957,0.8965902924537659
NC_003070.9,11247537,11247653,JUNC_10226,1,-,GT,AG,0.999426,0.9991258,0.003115924773737788,0.018633175641298294
NC_003070.9,11247815,11247950,JUNC_10227,1,-,GT,AG,0.99987507,0.99980634,0.00022782401356380433,2.003932024763344e-07
NC_003070.9,11248133,11248221,JUNC_10228,1,-,GT,AG,0.9999943,0.9999956,5.905897069169441e-06,0.9761358499526978
NC_003070.9,11248356,11248519,JUNC_10229,1,-,GT,AG,0.9999052,0.9999627,0.999764621257782,0.9934738278388977
NC_003070.9,11248768,11248863,JUNC_10230,1,-,GT,AG,0.99996626,0.99954903,0.9996776580810547,0.9992629885673523
NC_003070.9,11249003,11249083,JUNC_10231,1,-,GT,AG,1.0,1.0,0.1804339736700058,0.1426400989294052
NC_003070.9,11249834,11250249,JUNC_17327,1,+,GT,AG,0.06420477,0.03794384,0.8784777522087097,0.18573226034641266
NC_003070.9,11250459,11250549,JUNC_17328,1,+,GT,AG,0.99731535,0.9954664,0.9968083500862122,0.16935324668884277
NC_003070.9,11250685,11250760,JUNC_17329,1,+,GT,AG,0.96614355,0.9571891,0.6372433304786682,0.9252272248268127
NC_003070.9,11250832,11250909,JUNC_17330,1,+,GT,AG,0.9419203,0.88206226,0.005345363635569811,0.9659168124198914
NC_003070.9,11250981,11251080,JUNC_17331,1,+,GT,AG,0.9976933,0.9985417,0.001969617325812578,0.0007441384368576109
NC_003070.9,11251152,11251446,JUNC_17332,1,+,GT,AG,0.9908381,0.98326635,0.08328290283679962,0.0017175119137391448
NC_003070.9,11251518,11251601,JUNC_17333,1,+,GT,AG,0.9858957,0.9843699,0.6723828315734863,0.017109274864196777
NC_003070.9,11251673,11251900,JUNC_17334,1,+,GT,AG,0.99972147,0.99993765,0.007181169465184212,0.008029528893530369
NC_003070.9,11251989,11252082,JUNC_17335,1,+,GT,AG,1.0,0.9999999,0.011111833155155182,0.06528563052415848
NC_003070.9,11252241,11252347,JUNC_17336,1,+,GT,AG,1.0,1.0,0.08742455393075943,0.00739422719925642
NC_003070.9,11252680,11252758,JUNC_17337,1,+,GT,AG,0.9918139,0.98868424,0.1721213012933731,0.8722168207168579
NC_003070.9,11253004,11253080,JUNC_17338,1,+,GT,AG,0.9999974,0.9999932,0.38876792788505554,0.00017362373182550073
NC_003070.9,11253214,11253297,JUNC_17339,1,+,GT,AG,0.999803,0.9997254,0.006446524057537317,0.0016397970030084252
NC_003070.9,11274126,11274235,JUNC_16002,1,-,GT,AG,0.994907,0.9926099,0.0013101465301588178,0.8817670345306396
NC_003070.9,11274383,11274460,JUNC_16003,1,-,GT,AG,0.99995697,0.9999783,0.960657000541687,0.0001317021669819951
NC_003070.9,11274596,11274740,JUNC_16004,1,-,GT,AG,0.9999937,0.9999864,0.9897526502609253,0.9992523789405823
NC_003070.9,11274853,11274940,JUNC_16005,1,-,GT,AG,0.99857676,0.9992951,0.9888275861740112,0.9676617980003357
NC_003070.9,11275065,11275281,JUNC_16006,1,-,GT,AG,0.99986017,0.9992404,0.0016335619147866964,0.978935956954956
NC_003070.9,11275351,11275679,JUNC_16007,1,-,GT,AG,0.99997807,0.9999585,0.5762561559677124,3.139297041343525e-05
NC_003070.9,11275729,11275916,JUNC_16008,1,-,GT,AG,0.99664414,0.9947725,0.9017828702926636,0.7539626359939575
NC_003070.9,11275957,11276059,JUNC_16240,1,-,GT,AG,0.99972147,0.99961,0.002178861992433667,0.6515901684761047
NC_003070.9,11276161,11276474,JUNC_17194,1,-,GT,AG,6.2712644e-08,3.8277042e-07,0.05128771811723709,0.0010087932460010052
NC_003070.9,11276166,11276478,JUNC_16009,1,-,GT,AG,0.9994809,0.99975306,0.006016049068421125,0.00526905432343483
NC_003070.9,11276181,11276478,JUNC_16241,1,-,GT,AG,0.9843897,0.9878451,0.05020936205983162,0.1758147031068802
NC_003070.9,11278104,11278148,JUNC_17961,1,+,GT,AG,0.8601298,0.7222735,0.09040273725986481,0.08873315900564194
NC_003070.9,11278208,11278280,JUNC_17962,1,+,GT,AG,0.0013185005,0.0007207906,0.0022449209354817867,0.03320969268679619
NC_003070.9,11311405,11311530,JUNC_3021,1,+,GT,AG,0.99997365,0.99997807,0.6159835457801819,0.0051796515472233295
NC_003070.9,11313438,11313508,JUNC_1738,1,-,GT,AG,0.20493384,0.20228678,0.019078178331255913,0.7402925491333008
NC_003070.9,11313574,11313671,JUNC_1739,1,-,GT,AG,0.9147147,0.85229754,0.2937849462032318,0.0027159464079886675
NC_003070.9,11313944,11314033,JUNC_1740,1,-,GT,AG,0.0007360242,0.0005285692,0.8837578892707825,0.08550677448511124
NC_003070.9,11314249,11314341,JUNC_1741,1,-,GT,AG,0.9999927,0.9999962,0.974073588848114,0.5307013392448425
NC_003070.9,11314443,11314623,JUNC_1742,1,-,GT,AG,0.99989367,0.9999025,0.4581267535686493,0.07087427377700806
NC_003070.9,11314994,11315568,JUNC_3532,1,-,GT,AG,0.990339,0.9956097,0.7492718696594238,0.8251686096191406
NC_003070.9,11315640,11316402,JUNC_3533,1,-,GT,AG,0.99995685,0.999936,0.9574007987976074,0.7184239029884338
NC_003070.9,11356294,11356371,JUNC_14833,1,+,GT,AG,0.99487054,0.98107624,0.9025717377662659,0.9869153499603271
NC_003070.9,11356294,11356382,JUNC_16968,1,+,GT,AG,0.8018265,0.74036294,0.0729188397526741,0.7687825560569763
NC_003070.9,11356592,11356722,JUNC_14834,1,+,GT,AG,0.9999999,0.9999994,0.9973479509353638,0.00015169895777944475
NC_003070.9,11356921,11357266,JUNC_14835,1,+,GT,AG,0.89107466,0.9110268,0.709734320640564,0.9743490815162659
NC_003070.9,11360695,11360776,JUNC_2091,1,+,GT,AG,0.98524356,0.9634311,0.010761897079646587,0.9887146353721619
NC_003070.9,11360992,11361074,JUNC_2092,1,+,GT,AG,0.9999629,0.9999418,0.8607900142669678,0.004508782643824816
NC_003070.9,11361185,11361283,JUNC_2093,1,+,GT,AG,0.9999969,0.9999912,0.46353137493133545,0.6459386944770813
NC_003070.9,11361481,11361573,JUNC_2094,1,+,GT,AG,0.9999999,0.9999988,0.9658100605010986,0.038545601069927216
NC_003070.9,11361705,11361940,JUNC_2095,1,+,GT,AG,0.99999607,0.99998224,0.9722369313240051,0.20243193209171295
NC_003070.9,11361997,11362080,JUNC_2096,1,+,GT,AG,0.99999774,0.9999951,0.9225479960441589,0.9199178218841553
NC_003070.9,11362197,11362566,JUNC_2097,1,+,GT,AG,1.0,1.0,0.49024510383605957,0.6468803286552429
NC_003070.9,11362644,11362726,JUNC_2098,1,+,GT,AG,0.999899,0.9998541,0.9799290299415588,0.6334347724914551
NC_003070.9,11362870,11362941,JUNC_2099,1,+,GT,AG,0.99993515,0.99985373,0.999491810798645,0.9893200397491455
NC_003070.9,11371098,11371790,JUNC_16505,1,-,GT,AG,0.99458885,0.9885986,0.0033228565007448196,0.9856001138687134
NC_003070.9,11373926,11374332,JUNC_17702,1,+,GT,AG,0.9933867,0.9915023,0.0005975155509077013,2.8015865609631874e-06
NC_003070.9,11400106,11400200,JUNC_4847,1,-,GT,AG,0.9995322,0.9988403,0.9446611404418945,0.08330824971199036
NC_003070.9,11400267,11400364,JUNC_4848,1,-,GT,AG,0.99064493,0.9585333,0.004031484015285969,0.000726026832126081
NC_003070.9,11400433,11400559,JUNC_4849,1,-,GT,AG,1.0,1.0,0.5342558026313782,0.8143261075019836
NC_003070.9,11400676,11400760,JUNC_4850,1,-,GT,AG,1.0,1.0,0.4782210886478424,0.5802920460700989
NC_003070.9,11400832,11400964,JUNC_4851,1,-,GT,AG,0.99999917,0.99999905,0.1935187578201294,3.580710108508356e-05
NC_003070.9,11401059,11401131,JUNC_4852,1,-,GT,AG,0.99422365,0.99452376,0.02847783826291561,0.42501115798950195
NC_003070.9,11401213,11401292,JUNC_4853,1,-,GT,AG,0.9985477,0.9965373,0.20907706022262573,0.004740778356790543
NC_003070.9,11401343,11401426,JUNC_4854,1,-,GT,AG,0.9948557,0.99443597,0.09297093003988266,0.2460446059703827
NC_003070.9,11401507,11401585,JUNC_4855,1,-,GT,AG,0.9958344,0.9974362,0.914478600025177,0.02737809158861637
NC_003070.9,11401627,11401821,JUNC_4856,1,-,GT,AG,0.99999905,0.99999905,0.38441088795661926,0.5884389281272888
NC_003070.9,11401920,11402139,JUNC_4857,1,-,GT,AG,0.9999999,0.99999976,0.037490230053663254,0.4292711913585663
NC_003070.9,11402211,11402533,JUNC_4858,1,-,GT,AG,0.9999995,0.99999964,0.004857398569583893,0.07074189186096191
NC_003070.9,11402654,11402849,JUNC_4859,1,-,GT,AG,0.9980646,0.9942075,0.009447302669286728,0.008922615088522434
NC_003070.9,11404390,11404573,JUNC_4860,1,-,GT,AG,1.0,1.0,0.004713625181466341,0.006429034750908613
NC_003070.9,11404795,11404887,JUNC_4861,1,-,GT,AG,0.9987946,0.998692,0.017643893137574196,0.004083774518221617
NC_003070.9,11405591,11405688,JUNC_4862,1,-,GT,AG,0.9998222,0.9996555,0.948394238948822,0.03184616193175316
NC_003070.9,11405770,11406067,JUNC_4863,1,-,GT,AG,0.99995697,0.9999634,0.07396193593740463,0.11870047450065613
NC_003070.9,11420423,11420683,JUNC_4357,1,-,GT,AG,0.9959037,0.98196363,0.0003719463129527867,0.00028001348255202174
NC_003070.9,11425638,11425725,JUNC_3918,1,+,GT,AG,0.99980384,0.9997253,0.04754011332988739,0.9235339164733887
NC_003070.9,11431008,11431135,JUNC_17477,1,+,GT,AG,4.5659517e-06,2.3969638e-05,0.11906323581933975,0.9791877865791321
NC_003070.9,11431443,11431526,JUNC_17478,1,+,GT,AG,0.99959844,0.9993266,0.005655722226947546,0.0056172446347773075
NC_003070.9,11431871,11431952,JUNC_17479,1,+,GT,AG,0.99979454,0.9991008,0.9611807465553284,0.2732904553413391
NC_003070.9,11432163,11432252,JUNC_17480,1,+,GT,AG,0.9977119,0.99778986,0.9543349742889404,0.001207205350510776
NC_003070.9,11432931,11433008,JUNC_17481,1,+,GT,AG,0.9998278,0.99932075,0.20760944485664368,0.9108192324638367
NC_003070.9,11433086,11433223,JUNC_17482,1,+,GT,AG,0.99999857,0.9999951,0.5192141532897949,0.03487425670027733
NC_003070.9,11445686,11446209,JUNC_10647,1,+,GT,AG,0.999218,0.996958,0.29524797201156616,0.4334034323692322
NC_003070.9,11446375,11447763,JUNC_10648,1,+,GT,AG,0.99842334,0.99317217,1.4925065443094354e-05,0.9538772106170654
NC_003070.9,11447917,11448825,JUNC_10649,1,+,GT,AG,0.99997795,0.9999542,0.0024577388539910316,0.010636952705681324
NC_003070.9,11449217,11449314,JUNC_10650,1,+,GT,AG,0.99957985,0.9993104,0.08676280826330185,0.00011400409130146727
NC_003070.9,11449444,11449546,JUNC_10651,1,+,GT,AG,0.8666702,0.7738324,0.15112948417663574,0.0005916855297982693
NC_003070.9,11449866,11449974,JUNC_10652,1,+,GT,AG,0.9033202,0.8471297,0.9458415508270264,0.9720835089683533
NC_003070.9,11457626,11458683,JUNC_17494,1,+,GT,AG,1.0,1.0,0.003589593106880784,0.014549785293638706
NC_003070.9,11458786,11459002,JUNC_17495,1,+,GT,AG,0.9999969,0.99998856,0.012096703983843327,0.022765114903450012
NC_003070.9,11459057,11459159,JUNC_17496,1,+,GT,AG,0.9999014,0.99995494,0.2741404175758362,0.9849132895469666
NC_003070.9,11459310,11459424,JUNC_17497,1,+,GT,AG,0.99998295,0.9999664,0.035792410373687744,0.28926241397857666
NC_003070.9,11459522,11459685,JUNC_17498,1,+,GC,AG,0.9966021,0.99647295,0.08894415199756622,0.0033749646972864866
NC_003070.9,11459792,11459885,JUNC_17499,1,+,GC,AG,0.997772,0.9944695,0.12179801613092422,0.16278395056724548
NC_003070.9,11459938,11460064,JUNC_17500,1,+,GT,AG,0.99999535,0.9999919,0.0024447881150990725,0.1785925179719925
NC_003070.9,11460442,11460517,JUNC_17501,1,+,GT,AG,0.9970239,0.9988575,2.0967982550246234e-07,4.1280462028225884e-05
NC_003070.9,11460622,11460741,JUNC_17502,1,+,GT,AG,0.9999974,0.99998987,0.008093583397567272,0.0047436864115297794
NC_003070.9,11460969,11461059,JUNC_17503,1,+,GT,AG,1.0,1.0,0.9412673115730286,0.002526706550270319
NC_003070.9,11461182,11461382,JUNC_17504,1,+,GT,AG,0.999783,0.9998909,0.9674091339111328,0.7051937580108643
NC_003070.9,11476070,11476157,JUNC_8069,1,+,GT,AG,0.9999982,0.999992,0.6248862743377686,0.5697875022888184
NC_003070.9,11476428,11476527,JUNC_8070,1,+,GT,AG,0.99999547,0.9999956,0.23270714282989502,0.05864524468779564
NC_003070.9,11476912,11477002,JUNC_8071,1,+,GT,AG,0.98896503,0.96982604,0.9634749293327332,0.8011478185653687
NC_003070.9,11477221,11477306,JUNC_8072,1,+,GT,AG,0.9969194,0.99804974,0.5120322108268738,0.9339872002601624
NC_003070.9,11477445,11477556,JUNC_8073,1,+,GT,AG,0.99982816,0.9993355,0.9340539574623108,0.2304254174232483
NC_003070.9,11477805,11477894,JUNC_8254,1,+,GT,AG,1.0,1.0,0.9461272358894348,0.9982878565788269
NC_003070.9,11518480,11518566,JUNC_2609,1,+,GT,AG,0.9999919,0.9999746,0.018152017146348953,0.8477346301078796
NC_003070.9,11518638,11518745,JUNC_2610,1,+,GT,AG,0.20225047,0.13357718,0.9788548350334167,0.2486981451511383
NC_003070.9,11519255,11519337,JUNC_2611,1,+,GT,AG,0.99999964,0.9999995,7.263931911438704e-05,0.015519997105002403
NC_003070.9,11519517,11519647,JUNC_2612,1,+,GT,AG,4.1871647e-08,1.7464167e-07,0.49779796600341797,0.000307934737065807
NC_003070.9,11519842,11519863,JUNC_2613,1,+,GT,AG,0.0014079582,0.0012975263,0.005213927011936903,0.6698762774467468
NC_003070.9,11641237,11641653,JUNC_10334,1,-,GT,AG,0.9999337,0.9996517,0.6325923800468445,0.21488115191459656
NC_003070.9,11653769,11654129,JUNC_17159,1,+,GT,AG,1.0,1.0,0.04091491922736168,0.2513010799884796
NC_003070.9,11654240,11654497,JUNC_17160,1,+,GT,AG,0.9999999,0.99999976,0.7503085732460022,0.0012747934088110924
NC_003070.9,11658526,11659946,JUNC_13239,1,-,GT,AG,0.9985324,0.99872386,0.007764070760458708,0.5904695391654968
NC_003070.9,11663590,11663682,JUNC_13443,1,-,GT,AG,0.5220408,0.5763761,0.7184720635414124,0.0010416049044579268
NC_003070.9,11663848,11663936,JUNC_13444,1,-,GT,AG,0.99984837,0.9994266,0.1252661645412445,0.049815524369478226
NC_003070.9,11664163,11664236,JUNC_13445,1,-,GT,AG,0.99868983,0.9967764,0.7724795341491699,0.731346070766449
NC_003070.9,11664622,11664698,JUNC_13446,1,-,GT,AG,0.9987764,0.99870694,0.9451061487197876,0.4606313705444336
NC_003070.9,11665206,11665291,JUNC_13447,1,-,GT,AG,0.99997413,0.99998057,0.8730778694152832,0.9720922708511353
NC_003070.9,11665366,11665461,JUNC_13448,1,-,GT,AG,1.0,1.0,0.23130057752132416,0.7453095316886902
NC_003070.9,11667688,11667868,JUNC_2288,1,-,GT,AG,0.9999993,0.9999987,0.2446526288986206,0.03617474064230919
NC_003070.9,11668062,11668161,JUNC_2289,1,-,GT,AG,0.9995382,0.99953365,0.16103680431842804,0.6009080410003662
NC_003070.9,11682753,11682839,JUNC_15386,1,+,GT,AG,0.43031758,0.047802005,0.05076446011662483,1.7661606761976145e-05
NC_003070.9,11683088,11683167,JUNC_15387,1,+,GT,AG,0.99998605,0.9999763,0.0012101167812943459,0.0006247921846807003
NC_003070.9,11683311,11683398,JUNC_15388,1,+,GT,AG,0.9999547,0.9999118,0.0004810030513908714,0.013441728428006172
NC_003070.9,11683566,11683643,JUNC_15389,1,+,GT,AG,0.9999882,0.999961,0.008710217662155628,0.03339207544922829
NC_003070.9,11683713,11683876,JUNC_15390,1,+,GT,AG,0.99710256,0.9979656,0.15792742371559143,0.0965113490819931
NC_003070.9,11683958,11684048,JUNC_15391,1,+,GT,AG,0.9981008,0.99744606,0.05271249637007713,0.002120019169524312
NC_003070.9,11689500,11689584,JUNC_17036,1,-,GT,AG,0.999995,0.9999963,0.037843380123376846,0.7318359017372131
NC_003070.9,11689794,11689948,JUNC_17037,1,-,GT,AG,0.9993585,0.9993092,0.7412309646606445,0.008823939599096775
NC_003070.9,11690053,11690181,JUNC_17038,1,-,GT,AG,0.9976296,0.9993311,0.1889811009168625,0.9961936473846436
NC_003070.9,11690262,11690428,JUNC_17039,1,-,GT,AG,0.9998915,0.99983793,0.9743545651435852,0.7623072862625122
NC_003070.9,11690528,11690634,JUNC_17040,1,-,GT,AG,0.9076872,0.8301211,0.8437916040420532,0.9876019358634949
NC_003070.9,11693925,11694388,JUNC_10085,1,+,GT,AG,0.042982277,0.025599424,0.08494318276643753,0.9847398400306702
NC_003070.9,11694496,11694605,JUNC_10086,1,+,GT,AG,0.10751141,0.18372943,0.04607061669230461,0.4271445870399475
NC_003070.9,11694645,11694856,JUNC_10087,1,+,GT,AG,0.81317395,0.90630364,0.99073326587677,0.6541199088096619
NC_003070.9,11694941,11695098,JUNC_10088,1,+,GT,AG,0.9988105,0.99870884,9.883796892040664e-09,1.2359441825537942e-05
NC_003070.9,11739607,11739689,JUNC_17390,1,-,GT,AG,0.99999785,0.9999962,0.20721839368343353,0.995868444442749
NC_003070.9,11739860,11739949,JUNC_17391,1,-,GT,AG,0.9999865,0.9999182,0.0022753167431801558,0.019249606877565384
NC_003070.9,11740038,11740134,JUNC_17392,1,-,GT,AG,0.17192514,0.50001836,0.009851082228124142,0.002807177370414138
NC_003070.9,11768553,11768640,JUNC_3263,1,+,GT,AG,0.774198,0.69522333,0.0032726037316024303,0.21514788269996643
NC_003070.9,11768754,11769297,JUNC_3264,1,+,GT,AG,0.023345856,0.023415916,0.5059510469436646,0.005405471660196781
NC_003070.9,11769407,11769552,JUNC_3265,1,+,GT,AG,0.9998765,0.9997053,1.2724008229270112e-05,0.00014519855903927237
NC_003070.9,11774614,11774714,JUNC_2188,1,+,GT,AG,0.6844887,0.5060752,0.08551619946956635,0.0009968001395463943
NC_003070.9,11781704,11781865,JUNC_17042,1,+,TT,CA,1.361701e-06,3.102046e-06,6.834523810539395e-05,0.0001750225928844884
NC_003070.9,11796733,11797052,JUNC_8541,1,-,GT,AG,0.9992399,0.9990552,0.9934934973716736,0.7230443954467773
NC_003070.9,11796966,11797052,JUNC_17374,1,-,GT,AG,0.0057628215,0.008944157,0.7691290974617004,0.0006014985265210271
NC_003070.9,11797237,11797247,JUNC_13116,1,-,GC,GT,2.0278367e-07,1.1811569e-06,0.6449252367019653,0.8836115598678589
NC_003070.9,11844935,11845016,JUNC_3596,1,+,GT,AG,0.07891048,0.08194963,0.8091968297958374,0.8146979212760925
NC_003070.9,11845111,11845199,JUNC_3597,1,+,GT,AG,0.9977678,0.9972465,2.592483727692496e-10,1.873873500812806e-08
NC_003070.9,11845456,11845548,JUNC_3598,1,+,GT,AG,0.9999982,0.9999943,0.6089032292366028,0.9842978119850159
NC_003070.9,11870105,11870192,JUNC_16058,1,-,GT,AG,0.99868315,0.9968553,0.020972175523638725,0.060919687151908875
NC_003070.9,11870354,11870465,JUNC_16059,1,-,GT,AG,0.9887812,0.9918391,0.9737108945846558,0.8806469440460205
NC_003070.9,11870561,11870677,JUNC_16060,1,-,GT,AG,0.9775733,0.9853865,0.2952389419078827,0.10880044102668762
NC_003070.9,11870739,11871073,JUNC_16061,1,-,GT,AG,0.75341874,0.82109094,0.040973637253046036,0.00026145169977098703
NC_003070.9,11871149,11871263,JUNC_16062,1,-,GT,AG,0.9999933,0.9999883,0.03843691945075989,0.005653569474816322
NC_003070.9,11871346,11871725,JUNC_16063,1,-,GT,AG,0.9998061,0.9999219,0.43128108978271484,0.8358251452445984
NC_003070.9,11872078,11872167,JUNC_16064,1,-,GT,AG,0.99961203,0.99771774,0.9859129786491394,0.02444428578019142
NC_003070.9,11872217,11872310,JUNC_16065,1,-,GT,AG,0.8962524,0.79015106,0.004116387572139502,0.18336306512355804
NC_003070.9,11872447,11872558,JUNC_16066,1,-,GT,AG,0.96562797,0.98319834,0.22276511788368225,0.008240682072937489
NC_003070.9,11911913,11912155,JUNC_18240,1,+,GT,AG,0.9999999,0.9999999,0.06389760971069336,0.19435939192771912
NC_003070.9,11913145,11913282,JUNC_18241,1,+,GT,AG,0.9999994,0.9999993,0.09285003691911697,0.00010048951662611216
NC_003070.9,11914225,11914323,JUNC_16953,1,-,GT,AG,0.86041135,0.7937767,0.41733723878860474,0.976346492767334
NC_003070.9,11914451,11914609,JUNC_16954,1,-,GT,AG,0.9999614,0.9999852,0.5518999099731445,0.9891268610954285
NC_003070.9,11965219,11965286,JUNC_15797,1,-,GT,AG,0.15669127,0.074359424,0.011266148649156094,3.909850875061238e-06
NC_003070.9,11965351,11965427,JUNC_13087,1,-,GT,AG,0.97503567,0.9533753,0.018192900344729424,0.0008071238989941776
NC_003070.9,11965741,11965835,JUNC_13088,1,-,GT,AG,0.99982315,0.99962413,0.0020672979298979044,0.0011466960422694683
NC_003070.9,11968004,11968126,JUNC_16427,1,-,GT,AG,0.76468253,0.7657759,0.0004927858826704323,0.7977613806724548
NC_003070.9,11968251,11968347,JUNC_3788,1,-,GT,AG,0.23535797,0.37599885,0.16127420961856842,0.5133951306343079
NC_003070.9,11968507,11968588,JUNC_3789,1,-,GT,AG,0.9456559,0.9117896,0.00983283668756485,0.0026555932126939297
NC_003070.9,11968675,11968970,JUNC_3790,1,-,GT,AG,0.549552,0.842619,0.9278433918952942,0.9873033165931702
NC_003070.9,11968744,11968970,JUNC_12860,1,-,GT,AG,0.99997604,0.99996257,0.0006737678777426481,0.028579801321029663
NC_003070.9,11970511,11970652,JUNC_3791,1,-,GT,AG,0.99462056,0.99332595,1.2581839655467775e-05,0.1153959333896637
NC_003070.9,11971046,11971409,JUNC_3792,1,-,GT,AG,0.0023922108,0.0026649535,0.20142289996147156,0.2253500372171402
NC_003070.9,11975703,11975828,JUNC_14526,1,-,GT,AG,0.88285637,0.8944448,0.014908702112734318,8.993514347821474e-05
NC_003070.9,11975715,11975828,JUNC_18275,1,-,GT,AG,0.15113918,0.21386279,0.012627476826310158,0.014254508540034294
NC_003070.9,11975978,11976053,JUNC_14527,1,-,GT,AG,0.9997516,0.9993937,0.10713417083024979,0.041657064110040665
NC_003070.9,11976485,11976560,JUNC_14528,1,-,GT,AG,0.99802256,0.99681836,0.9484508037567139,0.7374833822250366
NC_003070.9,11976929,11977038,JUNC_14529,1,-,GT,AG,1.0,1.0,0.00024212624703068286,0.9924545288085938
NC_003070.9,11977359,11977882,JUNC_14530,1,-,GT,AG,0.9990646,0.99716514,0.9947063326835632,0.8923037052154541
NC_003070.9,11978160,11978282,JUNC_14531,1,-,GT,AG,0.9999764,0.99999416,0.99446702003479,0.9919607043266296
NC_003070.9,11986024,11987129,JUNC_8680,1,+,GT,AG,0.44283143,0.38650557,0.023298827931284904,0.009473341517150402
NC_003070.9,11987671,11988655,JUNC_8681,1,+,GT,AG,0.9971501,0.9965006,0.008080560714006424,0.008340522646903992
NC_003070.9,11988742,11989081,JUNC_8682,1,+,GT,AG,0.99999905,0.9999968,1.5670916582166683e-06,0.0004812713887076825
NC_003070.9,11989138,11989285,JUNC_8683,1,+,GT,AG,0.9976463,0.99856347,0.000259337859461084,1.0627955816744361e-05
NC_003070.9,11989524,11989822,JUNC_8684,1,+,GT,AG,0.9278117,0.85765433,4.696140649684821e-07,5.169015275896527e-05
NC_003070.9,11989941,11990041,JUNC_8685,1,+,GT,AG,0.9999931,0.9999896,0.8736414313316345,0.6467100381851196
NC_003070.9,11990128,11990246,JUNC_8686,1,+,GT,AG,0.99995553,0.999926,0.8241404294967651,0.9788672924041748
NC_003070.9,12005356,12006572,JUNC_17517,1,+,GT,AG,0.9498085,0.9449098,0.9707493185997009,0.006126098334789276
NC_003070.9,12007114,12007447,JUNC_17518,1,+,GT,AG,0.9889303,0.9975315,0.09076297283172607,0.9424199461936951
NC_003070.9,12007534,12007641,JUNC_17519,1,+,GT,AG,0.941679,0.8617254,0.9199901223182678,0.4221510887145996
NC_003070.9,12007698,12007784,JUNC_17520,1,+,GT,AG,0.95144933,0.9650593,0.006899448111653328,0.8953871130943298
NC_003070.9,12008246,12008358,JUNC_17521,1,+,GT,AG,0.9999734,0.99997556,0.29903945326805115,0.00012451731890905648
NC_003070.9,12008445,12008537,JUNC_17522,1,+,GT,AG,0.9998559,0.99938524,0.23189103603363037,0.16958484053611755
NC_003070.9,12018748,12018838,JUNC_5501,1,+,GT,AG,3.7780983e-09,1.4994554e-07,0.019818635657429695,0.5594033598899841
NC_003070.9,12053660,12054030,JUNC_17945,1,-,GT,AG,0.98158896,0.98763275,0.0005493168137036264,0.001812329632230103
NC_003070.9,12065120,12065392,JUNC_2177,1,+,GT,AG,0.99975187,0.99957925,0.9910003542900085,0.9468183517456055
NC_003070.9,12074406,12074494,JUNC_15733,1,+,GT,AG,0.99999595,0.99999356,0.3028120994567871,0.9918268918991089
NC_003070.9,12074572,12074663,JUNC_15734,1,+,GT,AG,0.99994695,0.9999052,0.32408612966537476,0.33132049441337585
NC_003070.9,12074884,12074972,JUNC_15735,1,+,GT,AG,0.9998217,0.9998858,0.9732603430747986,0.9943689703941345
NC_003070.9,12075045,12075131,JUNC_15736,1,+,GT,AG,0.99999976,0.9999994,0.7573688626289368,0.0031934911385178566
NC_003070.9,12075416,12075506,JUNC_15737,1,+,GT,AG,0.9999912,0.99998474,0.8187441825866699,0.775244414806366
NC_003070.9,12075650,12075762,JUNC_15738,1,+,GT,AG,0.97378594,0.9772989,0.2401379495859146,0.014018185436725616
NC_003070.9,12075813,12075917,JUNC_15739,1,+,GT,AG,0.701592,0.7992671,0.005383720621466637,0.07831662893295288
NC_003070.9,12081389,12081467,JUNC_17739,1,+,GT,AG,0.9999924,0.9999801,0.08920475095510483,0.1446940004825592
NC_003070.9,12081636,12081743,JUNC_17740,1,+,GT,AG,0.99986243,0.9998605,0.8282107710838318,0.09247512370347977
NC_003070.9,12081803,12081887,JUNC_17741,1,+,GT,AG,0.9999918,0.9999664,0.1466761976480484,4.4810316467192024e-05
NC_003070.9,12082091,12082177,JUNC_17742,1,+,GT,AG,0.9999993,0.99999857,0.9755801558494568,0.005517439916729927
NC_003070.9,12082264,12082438,JUNC_17743,1,+,GT,AG,0.99986553,0.99980706,0.9671623110771179,0.0005588563508354127
NC_003070.9,12082546,12082959,JUNC_17744,1,+,GT,AG,0.48795512,0.73376524,0.6536596417427063,0.8896126747131348
NC_003070.9,12083055,12083140,JUNC_17745,1,+,GT,AG,0.99980754,0.99971944,0.0026880651712417603,0.08439954370260239
NC_003070.9,12083256,12083338,JUNC_17746,1,+,GT,AG,0.9999925,0.99998856,0.0032885519322007895,0.01700519770383835
NC_003070.9,12085439,12085520,JUNC_3762,1,+,GT,AG,0.99995613,0.9999591,0.014653638005256653,0.006015942431986332
NC_003070.9,12085648,12085726,JUNC_3763,1,+,GT,AG,0.999987,0.99998796,0.024913698434829712,0.005722327157855034
NC_003070.9,12085797,12085871,JUNC_3764,1,+,GT,AG,0.9999974,0.9999976,0.8596251606941223,0.9992814660072327
NC_003070.9,12085953,12086217,JUNC_3765,1,+,GT,AG,0.99999976,0.99999964,0.9933174848556519,0.6619123220443726
NC_003070.9,12105118,12105328,JUNC_4620,1,-,GT,AG,0.99997056,0.9999318,0.878511905670166,0.9942250847816467
NC_003070.9,12105409,12105547,JUNC_4621,1,-,GT,AG,0.9999974,0.99999,0.002106746891513467,0.39082926511764526
NC_003070.9,12105662,12105744,JUNC_4622,1,-,GT,AG,0.99998987,0.9999639,0.9460372924804688,0.009156900458037853
NC_003070.9,12105911,12106201,JUNC_4623,1,-,GT,AG,1.0,1.0,0.03773963451385498,0.3607196807861328
NC_003070.9,12106435,12106547,JUNC_4624,1,-,GT,AG,0.9999138,0.9998771,0.03268402814865112,0.2797711491584778
NC_003070.9,12106703,12106952,JUNC_4625,1,-,GT,AG,0.9994597,0.99962264,0.7770659327507019,0.18613214790821075
NC_003070.9,12107084,12107542,JUNC_4626,1,-,GT,AG,0.9956186,0.9967333,0.9830938577651978,0.9710522890090942
NC_003070.9,12107677,12107766,JUNC_4627,1,-,GT,AG,0.33770153,0.53736067,0.7611997723579407,0.9673482775688171
NC_003070.9,12108159,12108343,JUNC_4628,1,-,GT,AG,0.9999932,0.99996936,0.09290067106485367,0.038958024233579636
NC_003070.9,12108474,12108592,JUNC_4629,1,-,GT,AG,0.9999994,0.99999654,0.019681302830576897,0.009996267035603523
NC_003070.9,12108794,12108864,JUNC_4630,1,-,GT,AG,0.9999999,0.9999999,0.033127374947071075,0.8350081443786621
NC_003070.9,12108936,12109037,JUNC_4631,1,-,GT,AG,0.99982375,0.9998572,0.7530058026313782,0.1137319877743721
NC_003070.9,12109259,12109359,JUNC_4632,1,-,GT,AG,0.9381493,0.96370494,0.10372543334960938,0.8487684726715088
NC_003070.9,12109813,12109919,JUNC_2531,1,-,GT,AG,0.91702783,0.896772,0.00012018567940685898,0.019812146201729774
NC_003070.9,12110093,12110412,JUNC_2532,1,-,GT,AG,0.9995664,0.9984738,0.0033054095692932606,0.0728365108370781
NC_003070.9,12110553,12110996,JUNC_2533,1,-,GT,AG,0.99971443,0.9996948,0.9897485375404358,0.966521680355072
NC_003070.9,12111104,12111594,JUNC_2534,1,-,GT,AG,0.9981743,0.99736196,0.7827354669570923,0.9711228609085083
NC_003070.9,12111709,12111823,JUNC_2535,1,-,GT,AG,0.9998011,0.9998938,0.0008575893007218838,0.7093576788902283
NC_003070.9,12111892,12111971,JUNC_2536,1,-,GT,AG,0.9952329,0.9978958,0.9964274764060974,0.0013300301507115364
NC_003070.9,12112080,12112487,JUNC_2537,1,-,GT,AG,0.9999999,0.9999999,0.9984839558601379,0.9728804230690002
NC_003070.9,12112613,12112727,JUNC_2538,1,-,GT,AG,0.9999565,0.99984676,0.9977317452430725,0.9991430044174194
NC_003070.9,12113034,12113116,JUNC_2539,1,-,GT,AG,0.9999864,0.9999876,0.5886358618736267,0.9870555400848389
NC_003070.9,12113185,12113500,JUNC_2540,1,-,GT,AG,0.99983734,0.9995888,0.41132086515426636,0.9621479511260986
NC_003070.9,12113859,12113986,JUNC_2541,1,-,GT,AG,0.99999905,0.9999981,0.03902382403612137,0.4438701570034027
NC_003070.9,12114063,12114323,JUNC_2542,1,-,GT,AG,0.9999831,0.99998593,0.6618395447731018,0.00012300218804739416
NC_003070.9,12114511,12114635,JUNC_2543,1,-,GT,AG,0.9999957,0.9999927,0.9395372867584229,0.09025847911834717
NC_003070.9,12114910,12114998,JUNC_2544,1,-,GT,AG,0.9999932,0.99999154,0.00023743110068608075,0.9533470869064331
NC_003070.9,12115161,12115285,JUNC_2545,1,-,GT,AG,0.9999999,0.9999994,0.012347908690571785,0.006193933077156544
NC_003070.9,12115851,12115946,JUNC_2546,1,-,GT,AG,0.99993026,0.99990547,0.8952324390411377,0.9912464022636414
NC_003070.9,12116133,12116259,JUNC_2547,1,-,GT,AG,0.9995321,0.9998061,0.9440155625343323,0.07090239226818085
NC_003070.9,12116442,12116540,JUNC_2548,1,-,GT,AG,0.87370986,0.94616234,0.1695718914270401,0.00017859737272374332
NC_003070.9,12116658,12117057,JUNC_2549,1,-,GT,AG,0.99983495,0.999764,0.022892506793141365,0.22053907811641693
NC_003070.9,12117155,12117281,JUNC_2550,1,-,GT,AG,0.9999995,0.9999982,0.05735248327255249,0.009404405020177364
NC_003070.9,12117386,12117473,JUNC_2551,1,-,GT,AG,0.99970996,0.9996846,0.00021284275862853974,0.02709857188165188
NC_003070.9,12117559,12117655,JUNC_2552,1,-,GT,AG,0.9992503,0.998863,0.2907027304172516,2.6452840756974183e-05
NC_003070.9,12117813,12117980,JUNC_16295,1,-,GC,AG,0.99841917,0.9991129,0.2340344786643982,0.8050268888473511
NC_003070.9,12117825,12117980,JUNC_2553,1,-,GC,AG,0.99896383,0.997863,0.8262542486190796,0.00012682726082857698
NC_003070.9,12118038,12118120,JUNC_2554,1,-,GT,AG,0.99960357,0.99973196,0.14782869815826416,0.9436421394348145
NC_003070.9,12118385,12118474,JUNC_2555,1,-,GT,AG,1.4865734e-05,0.00011852845,0.07211833447217941,0.9851165413856506
NC_003070.9,12119334,12119472,JUNC_8597,1,+,GT,AG,0.9883128,0.9712664,9.405778109794483e-05,1.6139289300554083e-06
NC_003070.9,12119599,12119713,JUNC_8598,1,+,GT,AG,0.99599504,0.9930368,0.001579760923050344,0.3192843198776245
NC_003070.9,12119866,12120009,JUNC_8599,1,+,GT,AG,0.9936342,0.99757093,0.5751562714576721,0.0011356372851878405
NC_003070.9,12120151,12120427,JUNC_8600,1,+,GT,AG,0.99596727,0.9924143,0.0005178977735340595,0.9572064280509949
NC_003070.9,12120585,12120691,JUNC_8601,1,+,GT,AG,0.57160634,0.51638925,0.8677449822425842,0.0038084243424236774
NC_003070.9,12121686,12121886,JUNC_8602,1,+,GT,AG,5.6299646e-06,2.425947e-06,0.16268333792686462,0.0022080696653574705
NC_003070.9,12121894,12121981,JUNC_13202,1,-,GT,AG,0.99999833,0.999997,0.06751890480518341,3.9952552469912916e-05
NC_003070.9,12122894,12122997,JUNC_13203,1,-,GT,AG,0.99843425,0.99799883,2.5220238967449404e-05,7.812897138137487e-07
NC_003070.9,12122943,12123011,JUNC_8603,1,+,GT,AG,5.9015045e-05,0.00030232308,0.9903393387794495,0.9697237610816956
NC_003070.9,12144787,12144873,JUNC_778,1,+,GT,AG,0.999987,0.99996996,0.040074288845062256,0.9900484085083008
NC_003070.9,12145006,12145352,JUNC_779,1,+,GT,AG,0.98516417,0.9577973,6.182571087265387e-05,0.11615116894245148
NC_003070.9,12145479,12145573,JUNC_780,1,+,GT,AG,0.015313846,0.0058041797,0.0014883740805089474,0.0018966527422890067
NC_003070.9,12145610,12145683,JUNC_781,1,+,GT,AG,0.9693787,0.9548904,0.010684257373213768,0.004185293335467577
NC_003070.9,12145942,12146014,JUNC_6380,1,+,GT,AG,0.0005152175,0.0007994604,0.0007407238008454442,2.765869339782512e-06
NC_003070.9,12147721,12148027,JUNC_10406,1,-,GT,AG,0.99993837,0.99995565,0.24814921617507935,0.35052791237831116
NC_003070.9,12162429,12162527,JUNC_9280,1,-,GC,AG,0.8217575,0.729361,0.04127994924783707,0.8130066990852356
NC_003070.9,12162809,12162893,JUNC_9281,1,-,GT,AG,0.017056616,0.012168089,0.9913620352745056,0.1621103137731552
NC_003070.9,12162965,12163047,JUNC_9282,1,-,GT,AG,0.3514769,0.08359628,0.32134008407592773,0.7845982909202576
NC_003070.9,12163194,12163285,JUNC_9283,1,-,GT,AG,0.9992712,0.99718815,0.4427716135978699,0.7196720838546753
NC_003070.9,12163372,12163460,JUNC_9284,1,-,GT,AG,0.99999547,0.99998987,0.09984036535024643,0.015077552758157253
NC_003070.9,12163562,12163652,JUNC_9285,1,-,GT,AG,0.99990034,0.9998465,0.0019095541210845113,0.0010459932964295149
NC_003070.9,12163690,12163775,JUNC_9286,1,-,GT,AG,0.99786323,0.98831767,0.015785546973347664,0.0015678399940952659
NC_003070.9,12163878,12163967,JUNC_9287,1,-,GT,AG,0.999998,0.999992,0.009595020674169064,0.9039823412895203
NC_003070.9,12164090,12164191,JUNC_9288,1,-,GT,AG,0.25087354,0.14153728,0.9965025186538696,0.006482173688709736
NC_003070.9,12164268,12164338,JUNC_9289,1,-,GT,AG,0.98077387,0.96089375,0.13857823610305786,0.9934014678001404
NC_003070.9,12164484,12164563,JUNC_16637,1,-,GT,AG,0.029275732,0.019425875,0.006025305483490229,1.20431104733143e-06
NC_003070.9,12182222,12184207,JUNC_8825,1,+,GT,AG,0.08619784,0.07628965,0.5108600854873657,0.05424988269805908
NC_003070.9,12193098,12193199,JUNC_16964,1,-,GT,AG,0.61873084,0.6907883,0.15699860453605652,0.14917148649692535
NC_003070.9,12193271,12193457,JUNC_14489,1,-,GT,AG,4.416361e-06,1.0439448e-05,0.7601373791694641,0.0233945082873106
NC_003070.9,12193541,12193622,JUNC_14490,1,-,GT,AG,0.86066,0.8906081,0.008866026066243649,0.16600623726844788
NC_003070.9,12193711,12193811,JUNC_14491,1,-,GT,AG,0.85181916,0.8981839,5.8930684332381134e-08,0.15471704304218292
NC_003070.9,12193938,12194172,JUNC_14492,1,-,GT,AG,0.9998302,0.9998766,0.054058436304330826,0.0028888224624097347
NC_003070.9,12194261,12194350,JUNC_14493,1,-,GT,AG,0.9998149,0.99956506,0.02418413758277893,0.004014086443930864
NC_003070.9,12194413,12194532,JUNC_14494,1,-,GT,AG,0.98757905,0.9955812,0.00011771488061640412,0.001984639326110482
NC_003070.9,12194413,12195267,JUNC_16965,1,-,GT,AG,0.9454391,0.93078744,0.029018310829997063,0.12575891613960266
NC_003070.9,12194599,12194685,JUNC_14495,1,-,GT,AG,0.80937415,0.9584389,0.00015459007408935577,0.1906668245792389
NC_003070.9,12194754,12195267,JUNC_14496,1,-,GT,AG,0.42282394,0.6386871,0.995501697063446,0.00040676453500054777
NC_003070.9,12195639,12195715,JUNC_14497,1,-,GT,AG,0.8829652,0.7236254,0.20725184679031372,0.03951459750533104
NC_003070.9,12195781,12195894,JUNC_14498,1,-,GT,AG,0.999837,0.9999229,0.35811010003089905,0.0007407934172078967
NC_003070.9,12196367,12196455,JUNC_16966,1,-,GT,AG,0.99867415,0.9994443,0.8007112145423889,0.34926292300224304
NC_003070.9,12221574,12221649,JUNC_499,1,-,GT,AG,0.99999964,0.999998,0.995069146156311,0.8585211634635925
NC_003070.9,12222172,12222406,JUNC_3455,1,-,GT,AG,0.9901039,0.9892818,0.23073245584964752,0.8925802111625671
NC_003070.9,12261870,12261953,JUNC_9401,1,+,GT,AG,0.9998665,0.9999249,7.308368026315293e-07,0.001990215852856636
NC_003070.9,12268066,12268151,JUNC_14313,1,+,GT,AG,0.9999981,0.99999833,0.05330676957964897,0.08988001197576523
NC_003070.9,12268255,12268561,JUNC_14314,1,+,GT,AG,0.999985,0.99998116,0.997312605381012,0.00021250892314128578
NC_003070.9,12268686,12268789,JUNC_14315,1,+,GT,AG,0.99991393,0.9996501,0.0006271356251090765,0.17554904520511627
NC_003070.9,12269038,12269127,JUNC_14316,1,+,GT,AG,0.99999845,0.99999917,0.04368002712726593,0.0007075864705257118
NC_003070.9,12269395,12269472,JUNC_14317,1,+,GT,AG,0.99997604,0.9999199,0.035594839602708817,0.24178601801395416
NC_003070.9,12301408,12301490,JUNC_14987,1,-,GT,AG,0.9996356,0.9978837,0.00024288304848596454,0.01555568352341652
NC_003070.9,12301619,12301714,JUNC_14988,1,-,GT,AG,0.9999999,0.9999995,0.9300896525382996,0.08099757879972458
NC_003070.9,12301879,12301965,JUNC_14989,1,-,GT,AG,0.93484366,0.8283904,0.001275118556804955,2.0615357243514154e-06
NC_003070.9,12302243,12302364,JUNC_14990,1,-,GT,AG,0.99971163,0.99822384,0.0033478066325187683,0.0028374746907502413
NC_003070.9,12302547,12303301,JUNC_14991,1,-,GT,AG,0.9999429,0.99995315,0.011734770610928535,0.035560768097639084
NC_003070.9,12304062,12304177,JUNC_13199,1,-,GT,AG,0.99999964,0.9999994,0.7695683836936951,0.9991395473480225
NC_003070.9,12304449,12304679,JUNC_13200,1,-,GT,AG,0.9999949,0.9999801,0.9740538001060486,0.9945425987243652
NC_003070.9,12304943,12305087,JUNC_13201,1,-,GT,AG,0.36451253,0.51457936,0.8985450267791748,0.4081030786037445
NC_003070.9,12315099,12315277,JUNC_14891,1,+,GT,AG,0.9999999,0.99999964,0.9970972537994385,0.9160259962081909
NC_003070.9,12315555,12315646,JUNC_14892,1,+,GT,AG,0.9999962,0.99999285,0.9417219758033752,0.9055426120758057
NC_003070.9,12315814,12315913,JUNC_14893,1,+,GT,AG,0.9999999,0.99999964,0.015432138927280903,1.9388942746445537e-05
NC_003070.9,12316045,12316126,JUNC_14894,1,+,GT,AG,0.9996673,0.99900013,0.00017962705169338733,0.04925953596830368
NC_003070.9,12320026,12320494,JUNC_17368,1,+,GT,AG,0.9999976,0.99999416,0.040869031101465225,6.302157271420583e-05
NC_003070.9,12323565,12323887,JUNC_4350,1,+,GT,AG,0.99989486,0.9999517,0.7096983790397644,0.2020852416753769
NC_003070.9,12324167,12326064,JUNC_4351,1,+,GT,AG,0.9999993,0.999997,0.941748857498169,0.8252787590026855
NC_003070.9,12326342,12326422,JUNC_4352,1,+,GT,AG,0.9999875,0.9999757,0.0021558962762355804,0.0013007032684981823
NC_003070.9,12326587,12326692,JUNC_4353,1,+,GT,AG,0.99798906,0.99896145,0.16893427073955536,0.07369143515825272
NC_003070.9,12326824,12326928,JUNC_4354,1,+,GT,AG,1.0,1.0,0.9572526812553406,0.26889362931251526
NC_003070.9,12331559,12331847,JUNC_15822,1,-,GT,AG,0.46890402,0.38443518,0.005346658639609814,0.855528712272644
NC_003070.9,12332413,12332493,JUNC_15823,1,-,GT,AG,0.00016525004,0.000545393,0.1435624361038208,0.03271586447954178
NC_003070.9,12333183,12333262,JUNC_10719,1,-,GT,AG,0.98327416,0.9182229,0.0007341666496358812,0.03486583009362221
NC_003070.9,12333394,12333470,JUNC_10720,1,-,GT,AG,0.9999989,0.99999523,0.9899124503135681,0.9940505623817444
NC_003070.9,12333635,12338582,JUNC_10721,1,-,GT,AG,0.99999917,0.9999982,0.8601661920547485,0.9974445104598999
NC_003070.9,12338860,12338959,JUNC_10722,1,-,GT,AG,0.73190033,0.5547602,0.4481726288795471,0.8118276000022888
NC_003070.9,12339182,12340354,JUNC_10723,1,-,GT,AG,0.82820636,0.5790322,0.9824206233024597,0.016585806384682655
NC_003070.9,12346272,12346533,JUNC_14231,1,+,GT,AG,0.13452984,0.07814428,0.4114828407764435,0.8953037858009338
NC_003070.9,12346855,12347156,JUNC_14232,1,+,GT,AG,0.99990094,0.9997625,0.45036211609840393,0.31633275747299194
NC_003070.9,12347434,12347522,JUNC_14233,1,+,GT,AG,1.0,1.0,0.14399577677249908,0.9735052585601807
NC_003070.9,12347687,12347778,JUNC_14234,1,+,GT,AG,0.9999243,0.9998341,0.9733036160469055,0.9855233430862427
NC_003070.9,12347910,12347998,JUNC_14235,1,+,GT,AG,0.9999989,0.99999666,0.9914331436157227,0.674994707107544
NC_003070.9,12351858,12352105,JUNC_9100,1,+,GT,AG,0.9999982,0.9999964,0.13679155707359314,0.5712570548057556
NC_003070.9,12352212,12352310,JUNC_9101,1,+,GT,AG,1.0,1.0,0.9677034616470337,0.9988988637924194
NC_003070.9,12352505,12352613,JUNC_9102,1,+,GT,AG,0.99999,0.999995,0.9981294274330139,0.9935764670372009
NC_003070.9,12352693,12352838,JUNC_9103,1,+,GT,AG,0.99996877,0.9999503,0.9859132170677185,0.06957873702049255
NC_003070.9,12352937,12353020,JUNC_9104,1,+,GT,AG,0.99999726,0.99999547,2.0020752344862558e-05,8.472574108964182e-07
NC_003070.9,12353141,12353237,JUNC_9105,1,+,GT,AG,0.99999964,0.9999993,0.028850577771663666,0.8533100485801697
NC_003070.9,12353338,12353436,JUNC_9106,1,+,GT,AG,0.9997121,0.9995772,0.0008029441814869642,0.04194733127951622
NC_003070.9,12353668,12353749,JUNC_9107,1,+,GT,AG,0.99348843,0.9863804,0.017388222739100456,0.0024299276992678642
NC_003070.9,12353881,12353968,JUNC_9108,1,+,GT,AG,0.9997342,0.99955094,0.09491703659296036,0.004201224073767662
NC_003070.9,12354055,12354160,JUNC_9109,1,+,GT,AG,0.7540901,0.85288936,0.1741466373205185,0.04418246075510979
NC_003070.9,12354276,12354362,JUNC_9110,1,+,GC,AG,0.9997272,0.99823654,0.00014255016867537051,0.013165573589503765
NC_003070.9,12354420,12354497,JUNC_9111,1,+,GT,AG,0.93077636,0.90896857,0.5087879300117493,0.0015489199431613088
NC_003070.9,12358265,12358498,JUNC_16311,1,-,GT,AG,1.0,1.0,0.8111893534660339,0.033920444548130035
NC_003070.9,12361866,12362057,JUNC_18153,1,+,GT,AG,0.0012620274,0.001608388,0.279441237449646,1.1181534773641033e-06
NC_003070.9,12362309,12363273,JUNC_18154,1,+,GT,AG,0.8909382,0.79266524,0.5327471494674683,0.9953362345695496
NC_003070.9,12367011,12367274,JUNC_17345,1,+,GT,AG,0.9984856,0.99945253,0.13736744225025177,0.8820263743400574
NC_003070.9,12367488,12367575,JUNC_17346,1,+,GT,AG,0.99763286,0.9977673,0.9879599809646606,0.9732541441917419
NC_003070.9,12367760,12367840,JUNC_17347,1,+,GT,AG,0.8909854,0.95558447,0.15479791164398193,0.10060509294271469
NC_003070.9,12368041,12368127,JUNC_17348,1,+,GT,AG,0.99998283,0.9999782,0.09645209461450577,0.021255481988191605
NC_003070.9,12368289,12368635,JUNC_17349,1,+,GT,AG,0.9994418,0.9987901,0.08198267221450806,0.6763653755187988
NC_003070.9,12382151,12382231,JUNC_1367,1,-,GT,AG,0.82027364,0.5168377,0.3548756539821625,0.1298919916152954
NC_003070.9,12382309,12382419,JUNC_1368,1,-,GT,AG,0.99610066,0.9979797,0.008146040141582489,0.15023240447044373
NC_003070.9,12382520,12382610,JUNC_1369,1,-,GT,AG,0.99974567,0.99942756,0.08558483421802521,0.7209064960479736
NC_003070.9,12382649,12382761,JUNC_3919,1,-,GT,AG,0.6486696,0.655217,0.41325104236602783,0.9736799597740173
NC_003070.9,12383494,12383623,JUNC_1372,1,-,GT,AG,0.23502019,0.15993774,0.0007395292050205171,0.004465981852263212
NC_003070.9,12383677,12383881,JUNC_1373,1,-,GT,AG,0.9995652,0.99973947,0.706966757774353,0.853215217590332
NC_003070.9,12383937,12384029,JUNC_1374,1,-,GT,AG,0.9996057,0.99937135,0.525636613368988,0.6068884134292603
NC_003070.9,12384155,12384288,JUNC_1375,1,-,GT,AG,0.9923927,0.9806223,0.9873149394989014,0.007743419613689184
NC_003070.9,12384363,12384444,JUNC_1376,1,-,GT,AG,0.060766395,0.0340661,0.009974410757422447,1.5529762094956823e-05
NC_003070.9,12384886,12385195,JUNC_1377,1,-,GT,AG,0.9999949,0.9999976,0.05656130611896515,0.05433247983455658
NC_003070.9,12385271,12385685,JUNC_1378,1,-,GT,AG,0.99999964,0.9999995,0.05219190940260887,0.2957872450351715
NC_003070.9,12398830,12398927,JUNC_18312,1,-,GT,AG,0.30280763,0.23732093,3.8447509723482653e-05,0.004977380856871605
NC_003070.9,12399008,12399128,JUNC_18313,1,-,GT,AG,0.9999999,0.99999976,0.0753636434674263,0.041148360818624496
NC_003070.9,12399242,12399328,JUNC_18314,1,-,GT,AG,0.9999926,0.99999344,0.14308975636959076,0.002312603173777461
NC_003070.9,12399418,12399546,JUNC_18315,1,-,GT,AG,0.9807473,0.9830724,0.0006496976129710674,0.001031388295814395
NC_003070.9,12399642,12399723,JUNC_18316,1,-,GT,AG,0.9933662,0.9927867,0.01563619263470173,0.0011074320646002889
NC_003070.9,12399777,12399992,JUNC_18317,1,-,GT,AG,0.9982671,0.99586856,0.2446526288986206,0.03617474064230919
NC_003070.9,12400083,12400184,JUNC_18318,1,-,GT,AG,0.99983066,0.9994891,0.16103680431842804,0.6009080410003662
NC_003070.9,12400261,12400393,JUNC_18319,1,-,GT,AG,0.9999683,0.9999684,0.08335081487894058,1.2305303016546532e-06
NC_003070.9,12400476,12400562,JUNC_18320,1,-,GT,AG,0.9999144,0.99970317,0.009168783202767372,0.01610746420919895
NC_003070.9,12400673,12400828,JUNC_18321,1,-,GT,AG,1.0,0.9999999,0.019422248005867004,0.9304354786872864
NC_003070.9,12400883,12400985,JUNC_18322,1,-,GT,AG,0.9832912,0.99083066,0.9246217608451843,0.47951939702033997
NC_003070.9,12411714,12411803,JUNC_16690,1,-,GT,AG,1.5981186e-05,3.5366003e-05,0.0008133470546454191,0.00019427036750130355
NC_003070.9,12412133,12412184,JUNC_16691,1,-,GT,AG,1.1546406e-05,1.1642669e-05,0.9014058113098145,0.3294135630130768
NC_003070.9,12412403,12412496,JUNC_16692,1,-,GT,AG,1.6932248e-07,2.022959e-06,0.02419670671224594,0.0016241807024925947
NC_003070.9,12417043,12417371,JUNC_14135,1,-,GT,AG,0.84598935,0.8845865,0.2549348473548889,0.05806795880198479
NC_003070.9,12417707,12418404,JUNC_14136,1,-,GC,AG,0.9999993,0.9999993,0.8452290296554565,0.00031676256912760437
NC_003070.9,12436184,12436418,JUNC_13220,1,+,GT,AG,0.9999938,0.99999106,0.004857398569583893,0.07074189186096191
NC_003070.9,12436478,12436557,JUNC_13221,1,+,GT,AG,0.99975103,0.9989906,0.009447302669286728,0.008922615088522434
NC_003070.9,12436703,12436785,JUNC_13222,1,+,GT,AG,0.9992079,0.99928766,7.464046211680397e-05,0.0034255855716764927
NC_003070.9,12436831,12436918,JUNC_13223,1,+,GT,AG,0.99993026,0.999829,0.0011246261419728398,0.0050416551530361176
NC_003070.9,12437029,12437262,JUNC_13224,1,+,GT,AG,0.19868354,0.11628173,0.0042906529270112514,0.025890981778502464
NC_003070.9,12437344,12437431,JUNC_13225,1,+,GT,AG,0.99999976,0.9999999,0.0005242088227532804,0.9721664786338806
NC_003070.9,12437528,12437658,JUNC_13226,1,+,GT,AG,0.9990098,0.99778205,0.617974042892456,0.010799473151564598
NC_003070.9,12437719,12437809,JUNC_13227,1,+,GT,AG,0.93852663,0.92261803,0.1752198189496994,0.9351224899291992
NC_003070.9,12437940,12438333,JUNC_13228,1,+,GT,AG,0.9522284,0.87547064,0.9736000299453735,0.5446587204933167
NC_003070.9,12438451,12438568,JUNC_13229,1,+,GT,AG,0.9999045,0.9998965,0.3759433925151825,0.9216315150260925
NC_003070.9,12438692,12438777,JUNC_13230,1,+,GT,AG,0.9992811,0.99924815,0.9915447235107422,0.9971864819526672
NC_003070.9,12438888,12438988,JUNC_13231,1,+,GT,AG,0.9997242,0.9996755,0.9941650032997131,0.005855799186974764
NC_003070.9,12439075,12439169,JUNC_13232,1,+,GT,AG,0.9996716,0.9998173,0.005978096276521683,0.9575573205947876
NC_003070.9,12443719,12443802,JUNC_17932,1,-,GT,AG,0.9998142,0.9990608,0.4838891923427582,0.7272778749465942
NC_003070.9,12443990,12444208,JUNC_17933,1,-,GT,AG,1.0,0.9999999,0.9875518679618835,0.8815081715583801
NC_003070.9,12444650,12444741,JUNC_17934,1,-,GT,AG,0.9931375,0.9956524,0.031116804108023643,0.5336818099021912
NC_003070.9,12444880,12444971,JUNC_17935,1,-,GT,AG,0.9996692,0.99909294,0.7604396343231201,0.9966643452644348
NC_003070.9,12445044,12445124,JUNC_17936,1,-,GT,AG,0.84063196,0.829401,0.002810357604175806,3.4195750231447164e-06
NC_003070.9,12445160,12445347,JUNC_17937,1,-,GT,AG,0.59294003,0.28569523,8.15548173704883e-06,0.0001478496560594067
NC_003070.9,12445512,12445586,JUNC_17938,1,-,GT,AG,0.9999783,0.9999392,0.16178655624389648,0.08555430173873901
NC_003070.9,12445683,12445751,JUNC_17939,1,-,GT,AG,1.0,1.0,0.09113214164972305,0.013673366978764534
NC_003070.9,12445836,12445917,JUNC_17940,1,-,GT,AG,0.99543554,0.9942762,0.8336358070373535,0.11547055095434189
NC_003070.9,12446061,12446171,JUNC_17941,1,-,GT,AG,0.9999155,0.9999374,0.8462638258934021,0.912945032119751
NC_003070.9,12446228,12446340,JUNC_17942,1,-,GT,AG,0.99998665,0.99995434,0.7551105618476868,0.2610800266265869
NC_003070.9,12446436,12446508,JUNC_17943,1,-,GT,AG,0.99999976,0.99999964,0.05854868143796921,0.6900604367256165
NC_003070.9,12446627,12446721,JUNC_17944,1,-,GC,AG,0.9999988,0.99999905,0.2371385246515274,0.0004279649874661118
NC_003070.9,12485494,12485909,JUNC_9761,1,+,GT,AG,0.99992955,0.99994016,0.012113082222640514,0.0002285071532242
NC_003070.9,12485762,12485909,JUNC_15764,1,+,GT,AG,1.0,1.0,0.0026252560783177614,0.0016595185734331608
NC_003070.9,12486012,12486090,JUNC_9762,1,+,GT,AG,0.9660333,0.9665382,0.00182389747351408,0.0002680234028957784
NC_003070.9,12486124,12486213,JUNC_9763,1,+,GT,AG,0.99999964,0.99999976,0.32636889815330505,0.965808629989624
NC_003070.9,12486804,12486957,JUNC_9764,1,+,GT,AG,0.9999882,0.9999422,0.024818342179059982,1.431142482033465e-05
NC_003070.9,12487102,12487189,JUNC_9765,1,+,GT,AG,0.9999999,0.9999999,0.003665671218186617,0.02229170687496662
NC_003070.9,12487543,12487707,JUNC_9766,1,+,GT,AG,0.99998915,0.99998665,0.8492401242256165,0.0003125095390714705
NC_003070.9,12488466,12488577,JUNC_9767,1,+,GT,AG,0.9836864,0.9873324,0.0004174104833509773,0.002328678732737899
NC_003070.9,12488912,12489177,JUNC_9768,1,+,GT,AG,0.950452,0.90721464,7.999979345640895e-08,9.725572454044595e-06
NC_003070.9,12489304,12489515,JUNC_9769,1,+,GT,AG,0.99988604,0.9994449,0.0066252583637833595,0.0004117200442124158
NC_003070.9,12489671,12489759,JUNC_9770,1,+,GT,AG,0.99999714,0.9999951,0.10907702893018723,9.273593605030328e-05
NC_003070.9,12491049,12491154,JUNC_9771,1,+,GT,AG,1.0,1.0,1.4749783076695167e-05,3.2015788747230545e-05
NC_003070.9,12491427,12491538,JUNC_9772,1,+,GT,AG,0.9999753,0.9999168,1.1383820996968552e-08,4.3185460526729e-05
NC_003070.9,12508596,12508686,JUNC_17726,1,-,GT,AG,0.9999976,0.99999356,0.18943902850151062,0.9829406142234802
NC_003070.9,12508874,12508961,JUNC_17727,1,-,GT,AG,0.9995535,0.9995695,0.9935961961746216,0.0008123706211335957
NC_003070.9,12509374,12509478,JUNC_17728,1,-,GT,AG,0.99989414,0.9999143,0.9878168702125549,0.973868727684021
NC_003070.9,12509617,12509709,JUNC_17729,1,-,GT,AG,0.9916123,0.99424267,0.9629431366920471,0.9757080674171448
NC_003070.9,12509782,12509871,JUNC_17730,1,-,GT,AG,0.99241215,0.9833627,0.0007216691155917943,0.9545959234237671
NC_003070.9,12509985,12510091,JUNC_17731,1,-,GT,AG,0.9997929,0.9996685,0.0026803386863321066,0.00023630420037079602
NC_003070.9,12510256,12510335,JUNC_17732,1,-,GT,AG,0.9998041,0.999645,0.0003502708568703383,0.006139061879366636
NC_003070.9,12510426,12510517,JUNC_17733,1,-,GT,AG,1.0,0.9999999,0.0024714618921279907,0.003269626060500741
NC_003070.9,12510602,12510681,JUNC_17734,1,-,GT,AG,0.98658246,0.96903014,0.02712901495397091,0.00026204131427221
NC_003070.9,12510825,12510920,JUNC_17735,1,-,GT,AG,0.99999917,0.9999988,0.033358991146087646,0.009782955050468445
NC_003070.9,12510977,12511075,JUNC_17736,1,-,GT,AG,0.99999976,0.99999917,0.0005000081146135926,0.051467038691043854
NC_003070.9,12511171,12511277,JUNC_17737,1,-,GT,AG,1.0,1.0,0.27734458446502686,0.008937627077102661
NC_003070.9,12511396,12511471,JUNC_17738,1,-,GT,AG,0.9996866,0.99975306,0.042054273188114166,0.06391861289739609
NC_003070.9,12512507,12512572,JUNC_9827,1,+,TC,TG,4.857108e-07,4.8687557e-06,0.18071171641349792,0.005477780941873789
NC_003070.9,12520379,12520493,JUNC_13252,1,+,GT,AG,0.97709537,0.9854268,0.0008089086040854454,0.26279860734939575
NC_003070.9,12521027,12521107,JUNC_13253,1,+,GT,AG,0.9990737,0.99930716,0.8365162014961243,0.9240630865097046
NC_003070.9,12521433,12521520,JUNC_13254,1,+,GT,AG,0.9999968,0.999998,0.05198776349425316,8.722644270164892e-05
NC_003070.9,12521613,12521708,JUNC_13255,1,+,GT,AG,0.98259693,0.9860657,0.0017753149149939418,1.2964635061507579e-05
NC_003070.9,12521799,12521885,JUNC_13256,1,+,GT,AG,0.99999523,0.9999906,0.007708155084401369,0.056807562708854675
NC_003070.9,12521979,12522109,JUNC_13257,1,+,GT,AG,0.9999974,0.9999907,0.3050634562969208,0.44442397356033325
NC_003070.9,12522213,12522314,JUNC_13258,1,+,GT,AG,0.99622965,0.99454653,0.18398357927799225,0.8309953212738037
NC_003070.9,12522384,12522516,JUNC_13259,1,+,GT,AG,0.9995701,0.9998023,0.039542634040117264,0.000439917464973405
NC_003070.9,12522620,12522835,JUNC_13260,1,+,GT,AG,0.9999999,0.99999976,0.0007128394790925086,0.037873271852731705
NC_003070.9,12522952,12523080,JUNC_13261,1,+,GT,AG,0.9902712,0.9770653,0.15495921671390533,0.005480483639985323
NC_003070.9,12523157,12523366,JUNC_13262,1,+,GT,AG,0.99999,0.9999925,0.001139967585913837,0.42043381929397583
NC_003070.9,12523411,12523508,JUNC_13263,1,+,GT,AG,0.999623,0.99915576,0.6766737103462219,0.34076303243637085
NC_003070.9,12534725,12534900,JUNC_17663,1,+,GT,AG,0.9999999,0.9999999,0.0012113950215280056,0.0014238472795113921
NC_003070.9,12535006,12535395,JUNC_17664,1,+,GT,AG,0.99973744,0.999877,0.11322536319494247,0.00012245729158166796
NC_003070.9,12535544,12535831,JUNC_17665,1,+,GT,AG,0.75318897,0.9126954,0.42787691950798035,0.7439540028572083
NC_003070.9,12536809,12536927,JUNC_8185,1,+,GT,AG,0.3220349,0.40157434,0.006367688067257404,0.0065606022253632545
NC_003070.9,12537154,12537278,JUNC_8186,1,+,GT,AG,0.9999759,0.9999099,1.1282357093023165e-07,1.1518034881419226e-07
NC_003070.9,12537740,12537896,JUNC_8187,1,+,GT,AG,0.9999999,0.99999976,0.23324419558048248,0.005814541131258011
NC_003070.9,12540557,12540631,JUNC_8188,1,+,GT,AG,0.9999229,0.9996506,0.48359552025794983,0.23957067728042603
NC_003070.9,12540767,12541033,JUNC_8189,1,+,GT,AG,0.9982729,0.99924004,0.09113214164972305,0.013673366978764534
NC_003070.9,12541401,12541478,JUNC_8190,1,+,GT,AG,0.9998573,0.99981624,0.8336358070373535,0.11547055095434189
NC_003070.9,12543198,12543603,JUNC_4758,1,+,GT,AG,0.99999714,0.99999857,0.9007338285446167,0.8340299129486084
NC_003070.9,12543694,12543966,JUNC_4759,1,+,GT,AG,0.9999999,0.9999995,0.8462638258934021,0.912945032119751
NC_003070.9,12544034,12544305,JUNC_4760,1,+,GT,AG,1.0,1.0,0.7906855940818787,0.995495080947876
NC_003070.9,12544404,12544505,JUNC_4761,1,+,GT,AG,0.9999696,0.99993217,0.9759672284126282,0.8288235068321228
NC_003070.9,12544559,12544673,JUNC_4762,1,+,GT,AG,1.0,0.9999999,0.9594391584396362,0.9960297346115112
NC_003070.9,12544742,12544975,JUNC_4763,1,+,GT,AG,0.99999726,0.999987,0.961630642414093,0.11008106917142868
NC_003070.9,12545059,12545140,JUNC_4764,1,+,GT,AG,0.9999876,0.99998367,0.8591209053993225,0.901043713092804
NC_003070.9,12552938,12553034,JUNC_3011,1,-,GT,AG,0.9959944,0.97405756,0.015036802738904953,0.4787261188030243
NC_003070.9,12553605,12553730,JUNC_3012,1,-,GT,AG,0.99996495,0.9999583,0.9978354573249817,0.0419270396232605
NC_003070.9,12553874,12553957,JUNC_3013,1,-,GT,AG,0.37430733,0.14195666,5.747055638494203e-06,0.19894912838935852
NC_003070.9,12566295,12566553,JUNC_14158,1,-,GT,AG,0.050401863,0.087314576,0.9778052568435669,0.00021928490605205297
NC_003070.9,12576009,12576092,JUNC_9482,1,-,GT,AG,0.023748916,0.012229035,0.0015622859355062246,0.5440160632133484
NC_003070.9,12595265,12595610,JUNC_1557,1,+,GT,AG,8.8624844e-08,2.2243903e-07,0.32949161529541016,0.0033836569637060165
NC_003070.9,12595716,12596119,JUNC_1558,1,+,GT,AG,0.9946879,0.99863786,0.6320151090621948,0.8979334831237793
NC_003070.9,12596188,12596531,JUNC_1559,1,+,GT,AG,0.9764949,0.9596383,0.003944525960832834,0.0009086570353247225
NC_003070.9,12596188,12596927,JUNC_3847,1,+,GT,AG,0.999458,0.99959666,0.896527886390686,0.631635308265686
NC_003070.9,12596573,12596927,JUNC_1560,1,+,GT,AG,0.9979596,0.99746716,0.01862027496099472,0.00023579066328238696
NC_003070.9,12597273,12597323,JUNC_1561,1,+,GT,AG,0.030698836,0.040289573,0.8110194206237793,0.9948318004608154
NC_003070.9,12597273,12597332,JUNC_17584,1,+,GT,AG,0.0036908996,0.010145182,0.8045412302017212,0.06123980134725571
NC_003070.9,12597645,12597777,JUNC_1562,1,+,GT,AG,1.0,1.0,0.998740017414093,0.9997604489326477
NC_003070.9,12597936,12598321,JUNC_1563,1,+,GT,AG,0.9999976,0.9999981,0.8549054265022278,0.9131137728691101
NC_003070.9,12598389,12599095,JUNC_1564,1,+,GT,AG,0.3902076,0.41323397,0.9975691437721252,0.9966722726821899
NC_003070.9,12599249,12599315,JUNC_17585,1,+,GT,AG,0.7935727,0.89966434,0.9885862469673157,0.10076349973678589
NC_003070.9,12599249,12599574,JUNC_1565,1,+,GT,AG,0.0081555545,0.048110213,0.15974609553813934,0.631413996219635
NC_003070.9,12599371,12599574,JUNC_17586,1,+,GT,AG,4.2321797e-05,7.3479474e-05,0.0029342176858335733,0.008258970454335213
NC_003070.9,12599724,12599824,JUNC_1566,1,+,GT,AG,0.9820241,0.982821,0.9385255575180054,0.0010354925179854035
NC_003070.9,12599943,12600023,JUNC_1567,1,+,GT,AG,0.84512633,0.7737636,0.000652843969874084,0.01129617728292942
NC_003070.9,12600110,12600509,JUNC_1568,1,+,GT,AG,0.12605722,0.0966142,0.03759545460343361,0.0018513615941628814
NC_003070.9,12600864,12601104,JUNC_1569,1,+,GT,AG,0.6805451,0.64791125,0.0005490262992680073,0.09110764414072037
NC_003070.9,12603034,12603338,JUNC_14281,1,-,GT,AG,0.999938,0.99993944,0.012357945553958416,0.07648532092571259
NC_003070.9,12647171,12647667,JUNC_16455,1,-,GT,AG,0.99905926,0.9985877,0.0002470173640176654,0.015859520062804222
NC_003070.9,12647846,12648177,JUNC_16456,1,-,GT,AG,1.0,1.0,0.9965362548828125,0.7181988954544067
NC_003070.9,12648434,12648782,JUNC_16457,1,-,GT,AG,0.9952863,0.98277307,0.9777211546897888,0.9764516353607178
NC_003070.9,12648994,12649477,JUNC_16458,1,-,GT,AG,0.9999999,0.9999999,0.7010647654533386,0.013763194903731346
NC_003070.9,12649830,12649912,JUNC_16459,1,-,GT,AG,0.9993857,0.99962914,0.5485837459564209,0.0015909301582723856
NC_003070.9,12650479,12650558,JUNC_16460,1,-,GT,AG,0.074306495,0.12756835,0.027963198721408844,0.0010762920137494802
NC_003070.9,12655603,12655696,JUNC_10965,1,-,GT,AG,0.98568994,0.96920604,0.0008937488310039043,0.984234631061554
NC_003070.9,12655818,12655912,JUNC_10966,1,-,GT,AG,0.9999908,0.99998677,0.9862164258956909,0.9835253953933716
NC_003070.9,12656034,12656235,JUNC_10967,1,-,GT,AG,0.9999944,0.9999944,0.6661949753761292,0.00022416096180677414
NC_003070.9,12656295,12656428,JUNC_10968,1,-,GT,AG,0.8855609,0.7727665,0.0006524519412778318,0.6482737064361572
NC_003070.9,12666130,12666206,JUNC_3887,1,+,GT,AG,0.9999548,0.99995565,0.3000178337097168,0.0005327614489942789
NC_003070.9,12667036,12667104,JUNC_3888,1,+,GT,AG,1.0,1.0,0.32408612966537476,0.33132049441337585
NC_003070.9,12667290,12667335,JUNC_3889,1,+,GT,AG,0.5230621,0.4434148,0.00635905284434557,0.9804309010505676
NC_003070.9,12676468,12676559,JUNC_16627,1,+,GT,AG,1.0,1.0,1.6056335880421102e-05,0.00014570016355719417
NC_003070.9,12677246,12677356,JUNC_16628,1,+,GT,AG,0.9999988,0.9999958,0.8800551295280457,0.00015606656961608678
NC_003070.9,12677518,12677593,JUNC_16629,1,+,GT,AG,0.99999857,0.9999976,0.010732514783740044,0.00019133980094920844
NC_003070.9,12677713,12677802,JUNC_16630,1,+,GT,AG,0.9999994,0.99999964,0.0003942476469092071,0.02204853668808937
NC_003070.9,12677838,12677918,JUNC_16631,1,+,GT,AG,0.99941194,0.9983542,0.00011832811287604272,0.0009647737024351954
NC_003070.9,12678313,12678396,JUNC_16632,1,+,GT,AG,0.9999982,0.999997,0.04533028602600098,0.00014155446842778474
NC_003070.9,12678481,12678594,JUNC_16633,1,+,GT,AG,0.998422,0.99822015,0.1776263564825058,0.2714186906814575
NC_003070.9,12679060,12679145,JUNC_16634,1,+,GT,AG,0.99999785,0.99999774,0.502077043056488,0.9771627187728882
NC_003070.9,12685603,12685675,JUNC_3149,1,+,GT,AG,0.37259597,0.2668116,0.42734843492507935,0.8511932492256165
NC_003070.9,12685816,12685930,JUNC_3150,1,+,GC,AG,0.07460144,0.033253036,0.114495187997818,0.00015484660980291665
NC_003070.9,12686158,12686273,JUNC_3151,1,+,GT,AG,0.9999963,0.9999933,0.9890828132629395,0.9397748708724976
NC_003070.9,12686481,12686606,JUNC_3152,1,+,GT,AG,0.99971044,0.99981254,0.0014834448229521513,0.00010657112579792738
NC_003070.9,12686743,12686827,JUNC_3153,1,+,GT,AG,0.08190874,0.061805837,0.03792576491832733,0.02017705701291561
NC_003070.9,12686908,12687001,JUNC_3154,1,+,GT,AG,0.008244949,0.003956112,0.045018721371889114,0.27250292897224426
NC_003070.9,12687068,12687138,JUNC_10459,1,+,GT,AG,2.0102475e-06,4.643484e-07,0.00045692099956795573,0.008288981392979622
NC_003070.9,12693108,12693207,JUNC_17143,1,+,GT,AG,0.99999464,0.9999912,0.0013778512366116047,1.704891474219039e-05
NC_003070.9,12693325,12693549,JUNC_17144,1,+,GT,AG,0.9999999,0.9999999,0.9923107624053955,0.4370713531970978
NC_003070.9,12693738,12694579,JUNC_17145,1,+,GT,AG,0.96397257,0.945654,0.29994744062423706,0.0003600972122512758
NC_003070.9,12695092,12695768,JUNC_17146,1,+,GT,AG,0.99951804,0.9981848,0.01853213459253311,0.9598194360733032
NC_003070.9,12695867,12695948,JUNC_17147,1,+,GT,AG,0.6702729,0.58884734,0.1226615309715271,0.7398510575294495
NC_003070.9,12696158,12696293,JUNC_17148,1,+,GT,AG,1.8064826e-06,1.7806648e-06,0.9520262479782104,0.9771086573600769
NC_003070.9,12696474,12696647,JUNC_17149,1,+,GT,AG,0.9937331,0.9984653,0.9780712723731995,0.9004166126251221
NC_003070.9,12696916,12697020,JUNC_17150,1,+,GT,AG,0.92769474,0.8392397,0.010430825874209404,1.6589956430834718e-05
NC_003070.9,12697110,12697418,JUNC_17151,1,+,GT,AG,0.9998222,0.99920934,0.0019391527166590095,9.623311780160293e-05
NC_003070.9,12743986,12744076,JUNC_18089,1,-,GT,AG,0.99823517,0.9960503,0.0036444293800741434,0.00018651083519216627
NC_003070.9,12744111,12744217,JUNC_18090,1,-,GT,AG,0.99999857,0.9999988,0.017074020579457283,0.07203265279531479
NC_003070.9,12744363,12744449,JUNC_18091,1,-,GT,AG,0.9999685,0.99989045,0.9929875731468201,0.9965938925743103
NC_003070.9,12744559,12744636,JUNC_18092,1,-,GT,AG,0.9999975,0.99999547,0.9941896200180054,0.9770998954772949
NC_003070.9,12744724,12744822,JUNC_18093,1,-,GT,AG,1.0,1.0,0.025242535397410393,0.0023611681535840034
NC_003070.9,12745129,12745536,JUNC_18094,1,-,GT,AG,0.99999535,0.99999285,1.2963878859295619e-09,5.262634772407182e-10
NC_003070.9,12746553,12746622,JUNC_9998,1,+,GT,AG,0.99907625,0.99811625,0.0008501503034494817,0.07602564990520477
NC_003070.9,12746671,12746763,JUNC_9999,1,+,GT,AG,0.99999607,0.9999926,0.27267324924468994,0.8188284039497375
NC_003070.9,12747013,12747099,JUNC_10000,1,+,GT,AG,0.99999857,0.99999464,0.9988792538642883,7.269420052580244e-07
NC_003070.9,12747342,12747747,JUNC_10001,1,+,AT,AC,1.999908e-08,1.1973826e-08,0.3144945800304413,0.9903618097305298
NC_003070.9,12764435,12765060,JUNC_9483,1,+,GT,AG,0.121482484,0.18676373,0.8122398853302002,0.4869232177734375
NC_003070.9,12804966,12805068,JUNC_2449,1,+,GT,AG,1.0113457e-06,1.3578484e-06,0.19759786128997803,0.01625724881887436
NC_003070.9,12864253,12864325,JUNC_17270,1,-,GT,AG,0.004551436,0.004311778,0.9993174076080322,0.01834885962307453
NC_003070.9,12864487,12864558,JUNC_17271,1,-,GT,AG,1.8152825e-05,1.9209643e-05,0.5300028324127197,0.5317518711090088
NC_003070.9,12864707,12865102,JUNC_17272,1,-,GT,AG,0.0005531174,5.6633966e-05,0.009157526306807995,0.6536899209022522
NC_003070.9,12865809,12865972,JUNC_17273,1,-,GT,AG,0.9832138,0.98605216,0.9404702186584473,0.00011140035348944366
NC_003070.9,12867758,12867848,JUNC_17322,1,+,GT,AG,0.99999726,0.999997,0.0034573287703096867,0.0017606945475563407
NC_003070.9,12867971,12868055,JUNC_17323,1,+,GT,AG,0.9999999,0.9999994,0.06647789478302002,0.0003167379763908684
NC_003070.9,12868172,12868361,JUNC_17324,1,+,GT,AG,0.1467035,0.0863799,0.9484045505523682,0.3846551775932312
NC_003070.9,12890636,12890773,JUNC_2290,1,+,GT,AG,0.9998327,0.9999695,0.006527682300657034,0.736200749874115
NC_003070.9,12890969,12891049,JUNC_2291,1,+,GT,AG,1.0,1.0,0.001244490616954863,0.2858429551124573
NC_003070.9,12891148,12891224,JUNC_2292,1,+,GT,AG,0.9999819,0.99997437,0.017226289957761765,0.001533775357529521
NC_003070.9,12891276,12891418,JUNC_2293,1,+,GT,AG,0.9999989,0.9999995,0.039399050176143646,6.185988604556769e-05
NC_003070.9,12891540,12891628,JUNC_2294,1,+,GT,AG,0.9999875,0.9999764,0.00677202083170414,4.019601362870162e-07
NC_003070.9,12891726,12891812,JUNC_2295,1,+,GT,AG,0.99940944,0.9992692,0.007562584243714809,0.002528428565710783
NC_003070.9,12891871,12892001,JUNC_2296,1,+,GT,AG,0.8996029,0.8221261,0.00017280805332120508,0.19255247712135315
NC_003070.9,12892058,12892149,JUNC_2297,1,+,GT,AG,0.9372916,0.94105166,0.07990188151597977,0.5108094215393066
NC_003070.9,12892195,12892377,JUNC_2298,1,+,GT,AG,0.99998045,0.99997747,0.7135285139083862,0.9357385635375977
NC_003070.9,12892457,12892544,JUNC_2299,1,+,GT,AG,0.99990916,0.9999193,0.9206210374832153,0.26576805114746094
NC_003070.9,12908987,12909273,JUNC_13668,1,+,GT,AG,0.46147275,0.5632037,0.5311850309371948,0.9260500073432922
NC_003070.9,12909420,12909514,JUNC_13669,1,+,GT,AG,0.99991226,0.99981517,0.9936699271202087,0.9869352579116821
NC_003070.9,12909632,12910041,JUNC_13670,1,+,GT,AG,0.99996364,0.9999796,2.8626243874896318e-05,4.708507185569033e-05
NC_003070.9,12910138,12910233,JUNC_13671,1,+,GT,AG,0.42162904,0.6553037,0.4031878113746643,0.00274202274158597
NC_003070.9,12910340,12910573,JUNC_13672,1,+,GT,AG,0.99956554,0.9991567,0.04879157990217209,0.3215074837207794
NC_003070.9,12910696,12910828,JUNC_13673,1,+,GT,AG,1.0,1.0,0.00096721580484882,0.0007600800017826259
NC_003070.9,12910982,12911312,JUNC_13674,1,+,GT,AG,1.0,1.0,0.010314511135220528,0.19618594646453857
NC_003070.9,12911373,12911472,JUNC_13675,1,+,GT,AG,0.9999969,0.99999726,0.005933617707341909,0.002211662707850337
NC_003070.9,12911849,12911982,JUNC_13676,1,+,GT,AG,0.9927904,0.9935656,0.1397152841091156,0.006463675759732723
NC_003070.9,12913588,12913669,JUNC_13677,1,+,GT,AG,0.9999126,0.9998858,0.0016274540685117245,2.0563654743455118e-06
NC_003070.9,12913968,12914432,JUNC_14704,1,+,GT,AG,0.9999987,0.9999987,0.00574383744969964,0.06377828866243362
NC_003070.9,12923488,12923607,JUNC_2916,1,-,GT,AG,0.00015418978,0.000822861,0.0752844586968422,0.9786533117294312
NC_003070.9,12923746,12923829,JUNC_2917,1,-,GT,AG,0.038062222,0.017888362,0.912760853767395,0.0005098185501992702
NC_003070.9,12923887,12924015,JUNC_2918,1,-,GT,AG,0.01251016,0.029000675,0.1113775372505188,0.9629985094070435
NC_003070.9,12924269,12924360,JUNC_2919,1,-,GT,AG,0.81283873,0.4097087,0.9510011672973633,0.6138070225715637
NC_003070.9,12927544,12927633,JUNC_2016,1,-,GT,AG,0.9999193,0.99981135,0.09145587682723999,0.39622461795806885
NC_003070.9,12927821,12927906,JUNC_2017,1,-,GT,AG,0.99339575,0.9904979,0.976028323173523,0.9123302102088928
NC_003070.9,12928277,12928423,JUNC_2018,1,-,GT,AG,0.9994677,0.9993068,0.5574132204055786,0.8632174134254456
NC_003070.9,12928562,12928654,JUNC_2019,1,-,GT,AG,0.99991715,0.9999511,0.8967657685279846,0.07764261215925217
NC_003070.9,12928727,12928816,JUNC_2020,1,-,GT,AG,0.9937338,0.9888748,0.0019042311469092965,0.07120557874441147
NC_003070.9,12928930,12929036,JUNC_2021,1,-,GT,AG,0.99988914,0.9997632,0.012137687765061855,0.040241602808237076
NC_003070.9,12929201,12929277,JUNC_2022,1,-,GT,AG,0.9921113,0.9888937,0.8501170873641968,0.23289445042610168
NC_003070.9,12929368,12929459,JUNC_2023,1,-,GT,AG,1.0,1.0,0.06020880118012428,0.1320599466562271
NC_003070.9,12929544,12929623,JUNC_2024,1,-,GT,AG,0.99839103,0.99872315,0.11251281946897507,0.05879797786474228
NC_003070.9,12929767,12929862,JUNC_2025,1,-,GT,AG,0.99998856,0.9999846,0.19984771311283112,0.388030469417572
NC_003070.9,12929919,12930017,JUNC_2026,1,-,GT,AG,1.0,0.9999999,0.0024438034743070602,0.006182248238474131
NC_003070.9,12930113,12930278,JUNC_2027,1,-,GT,AG,1.0,1.0,0.0008984063169918954,0.0004129110893700272
NC_003070.9,12930397,12930474,JUNC_2028,1,-,GT,AG,0.9999671,0.9999584,0.011741595342755318,0.002421834971755743
NC_003070.9,12940892,12941032,JUNC_2304,1,-,GT,AG,0.025983898,0.011897141,3.778521568165161e-05,0.0002999325224664062
NC_003070.9,12947882,12947974,JUNC_16861,1,-,GT,AG,0.9961797,0.9954006,0.09485290199518204,0.009847569279372692
NC_003070.9,12948070,12948162,JUNC_16862,1,-,GT,AG,0.9999968,0.9999964,0.504866898059845,0.9035962224006653
NC_003070.9,12948272,12948371,JUNC_16863,1,-,GT,AG,0.9998996,0.99994504,0.02388741634786129,0.9872463941574097
NC_003070.9,12948472,12948638,JUNC_16864,1,-,GT,AG,0.9999989,0.9999974,0.9770589470863342,0.9634808897972107
NC_003070.9,12959379,12959476,JUNC_9859,1,-,GT,AG,0.9950937,0.9919413,0.9420009851455688,0.0029107104055583477
NC_003070.9,12960589,12960680,JUNC_10287,1,-,GT,AG,0.99730515,0.9936033,0.00037750063347630203,0.9967873096466064
NC_003070.9,12960799,12960893,JUNC_9860,1,-,GT,AG,0.9999789,0.9999486,0.7369181513786316,0.01582380011677742
NC_003070.9,12961024,12961139,JUNC_10288,1,-,GT,AG,0.999884,0.9989938,6.761565884971787e-08,0.0001538704673293978
NC_003070.9,12961027,12961139,JUNC_9861,1,-,GT,AG,0.999848,0.9991875,0.12339639663696289,0.8948565125465393
NC_003070.9,12961319,12961599,JUNC_9862,1,-,GT,AG,0.9793522,0.99921495,0.0009656170150265098,8.664083725307137e-05
NC_003070.9,12961683,12962762,JUNC_9863,1,-,GT,AG,0.00044928645,0.00035644622,0.37014225125312805,0.045321326702833176
NC_003070.9,12978013,12978079,JUNC_3854,1,+,GT,AG,0.99874926,0.9991122,0.22823475301265717,0.03926226496696472
NC_003070.9,12978355,12978439,JUNC_3855,1,+,GT,AG,0.99968386,0.9990262,0.8827118873596191,0.051767267286777496
NC_003070.9,12978514,12978940,JUNC_3856,1,+,GT,AG,0.9998815,0.99994886,0.02792767621576786,0.45285943150520325
NC_003070.9,12979078,12979263,JUNC_3857,1,+,GT,AG,0.9999993,0.99999714,0.008093583397567272,0.0047436864115297794
NC_003070.9,12979405,12979588,JUNC_3858,1,+,GT,AG,0.99991834,0.99984163,0.9412673115730286,0.002526706550270319
NC_003070.9,12981350,12981438,JUNC_14532,1,-,GT,AG,0.99988294,0.9998659,0.9674091339111328,0.7051937580108643
NC_003070.9,12981575,12981654,JUNC_14533,1,-,GT,AG,0.983054,0.95601225,0.6248862743377686,0.5697875022888184
NC_003070.9,12982080,12982204,JUNC_14534,1,-,GT,AG,0.9998832,0.99995935,0.0002174161490984261,0.006933285389095545
NC_003070.9,12982249,12982321,JUNC_14535,1,-,GT,AG,0.9929387,0.9891187,0.00015085052291397005,0.0006397291435860097
NC_003070.9,12982426,12982515,JUNC_14536,1,-,GT,AG,0.9930547,0.9912383,0.9938389658927917,0.4927172362804413
NC_003070.9,12982774,12982866,JUNC_14537,1,-,GT,AG,0.95749414,0.9706097,0.9952808022499084,0.6749102473258972
NC_003070.9,12982987,12983186,JUNC_14538,1,-,GT,AG,0.99999976,0.9999995,0.832082986831665,0.003829194465652108
NC_003070.9,12983316,12983406,JUNC_14539,1,-,GT,AG,0.99832565,0.994288,0.0024986453354358673,0.9449769854545593
NC_003070.9,12983478,12983560,JUNC_14540,1,-,GT,AG,0.9957981,0.9982659,0.36666959524154663,0.4556403160095215
NC_003070.9,12983609,12983688,JUNC_14541,1,-,GT,AG,0.99999976,0.99999964,0.000603443942964077,0.0011211390374228358
NC_003070.9,13078929,13079304,JUNC_2956,1,+,GT,AG,0.0007787926,6.7360954e-05,0.9948292374610901,1.0354126970923971e-05
NC_003070.9,13090035,13090109,JUNC_14842,1,+,GT,AG,0.99998856,0.9999924,0.021648071706295013,0.9661319851875305
NC_003070.9,13090402,13090483,JUNC_14843,1,+,GT,AG,7.710805e-07,6.202919e-07,0.09191176295280457,0.03794315457344055
NC_003070.9,13090623,13090710,JUNC_14844,1,+,GT,AG,0.99327326,0.997928,0.003041299292817712,0.021201498806476593
NC_003070.9,13090793,13090878,JUNC_14845,1,+,GT,AG,0.9706637,0.97688735,0.008705666288733482,0.00038153145578689873
NC_003070.9,13090993,13091097,JUNC_14846,1,+,GT,AG,0.99856657,0.9973164,0.18970724940299988,2.430618678772589e-06
NC_003070.9,13091189,13091315,JUNC_14847,1,+,GT,AG,0.9909605,0.98444945,0.0019397775176912546,0.02517375722527504
NC_003070.9,13091370,13091443,JUNC_14848,1,+,GT,AG,0.9999275,0.99989593,0.097077876329422,0.0021798063535243273
NC_003070.9,13091565,13091648,JUNC_14849,1,+,GT,AG,0.97175545,0.8828602,0.5129348635673523,0.08058909326791763
NC_003070.9,13091762,13091848,JUNC_14850,1,+,GT,AG,0.7319451,0.5663057,0.12952803075313568,0.01789196953177452
NC_003070.9,13092042,13092152,JUNC_14851,1,+,GT,AG,0.9726678,0.9872088,0.15931321680545807,0.0019610594026744366
NC_003070.9,13092283,13092378,JUNC_14852,1,+,GT,AG,0.9972766,0.99620014,0.008096369914710522,0.1887783259153366
NC_003070.9,13092439,13092525,JUNC_14853,1,+,GT,AG,0.18130827,0.39288244,0.00041124538984149694,0.36125457286834717
NC_003070.9,13092596,13092680,JUNC_14854,1,+,GT,AG,0.99984944,0.9996867,0.9325428605079651,0.9046868085861206
NC_003070.9,13092730,13092819,JUNC_14855,1,+,GT,AG,1.0,0.9999999,0.9843859076499939,0.9310451745986938
NC_003070.9,13092981,13093327,JUNC_14856,1,+,GT,AG,0.9695487,0.97507554,0.8587474822998047,0.6053171157836914
NC_003070.9,13093663,13093751,JUNC_14857,1,+,GT,AG,0.99928087,0.998657,0.9962520003318787,0.9984338879585266
NC_003070.9,13093818,13094204,JUNC_14858,1,+,GT,AG,0.9999143,0.9999392,0.9984643459320068,0.9974988102912903
NC_003070.9,13094765,13095263,JUNC_14859,1,+,GT,AG,1.0,1.0,0.9728155732154846,0.9357395768165588
NC_003070.9,13095707,13096096,JUNC_14860,1,+,GT,AG,0.999964,0.99993813,0.11112448573112488,0.3999595046043396
NC_003070.9,13096154,13096294,JUNC_14861,1,+,GT,AG,0.9999502,0.99997413,0.34077557921409607,0.05389949679374695
NC_003070.9,13096441,13096519,JUNC_14862,1,+,GT,AG,0.9992485,0.9995534,0.816020131111145,0.8015984296798706
NC_003070.9,13105387,13105506,JUNC_18170,1,-,GT,AG,0.27784362,0.3884244,6.934807515790453e-06,0.003950676880776882
NC_003070.9,13107812,13107942,JUNC_5249,1,-,GT,CT,0.009268246,0.0071688937,0.95966637134552,0.321347177028656
NC_003070.9,13108682,13108754,JUNC_8695,1,+,GT,AG,0.99984056,0.99977154,0.6266797184944153,0.9583995938301086
NC_003070.9,13108873,13109069,JUNC_8696,1,+,GT,AG,1.0,1.0,0.9979740977287292,0.9915997982025146
NC_003070.9,13109165,13109263,JUNC_8697,1,+,GT,AG,0.9999995,0.99999917,0.9970972537994385,0.9160259962081909
NC_003070.9,13109320,13109415,JUNC_8698,1,+,GT,AG,0.9999994,0.9999988,0.9417219758033752,0.9055426120758057
NC_003070.9,13109559,13109637,JUNC_8699,1,+,GT,AG,0.9988172,0.9994166,0.9903393387794495,0.9697237610816956
NC_003070.9,13109722,13109812,JUNC_8700,1,+,GT,AG,1.0,0.9999999,0.040074288845062256,0.9900484085083008
NC_003070.9,13109903,13109978,JUNC_8701,1,+,GT,AG,0.99879473,0.9981799,0.9802489876747131,0.012493908405303955
NC_003070.9,13110143,13110250,JUNC_8702,1,+,GT,AG,0.99982136,0.9995907,0.004166989121586084,0.9424304366111755
NC_003070.9,13110364,13110452,JUNC_8703,1,+,GT,AG,0.99837047,0.99764603,0.0010523892706260085,0.024255409836769104
NC_003070.9,13110525,13110617,JUNC_8704,1,+,GT,AG,0.9746889,0.9583937,0.8337732553482056,0.003622450865805149
NC_003070.9,13110756,13110840,JUNC_8705,1,+,GT,AG,0.9944977,0.99280846,0.5787387490272522,0.24656203389167786
NC_003070.9,13110990,13112492,JUNC_16204,1,-,GT,AG,0.0004307478,0.00075111823,0.11104047298431396,0.3375299274921417
NC_003070.9,13111250,13111337,JUNC_8706,1,+,GT,AG,0.999907,0.999938,0.022446701303124428,0.026006454601883888
NC_003070.9,13111525,13111612,JUNC_8707,1,+,GT,AG,0.9998772,0.9996786,0.0004575188795570284,1.774233351170551e-05
NC_003070.9,13156713,13156917,JUNC_3770,1,+,GT,AG,0.99999905,0.99999714,0.699357271194458,0.10412316769361496
NC_003070.9,13157021,13157127,JUNC_3771,1,+,GT,AG,0.99999344,0.9999498,0.026685645803809166,0.02891235239803791
NC_003070.9,13157498,13157574,JUNC_3772,1,+,GT,AG,0.9999752,0.99994886,0.9765967726707458,0.992958664894104
NC_003070.9,13157882,13157950,JUNC_3773,1,+,GT,AG,1.0,0.99999976,0.25535887479782104,0.9921613335609436
NC_003070.9,13187893,13188672,JUNC_3127,1,-,GT,AG,0.99995637,0.99991715,0.9987412095069885,0.4569713771343231
NC_003070.9,13188753,13188831,JUNC_3128,1,-,GT,AG,0.9999951,0.99999905,0.7643935680389404,0.9988535642623901
NC_003070.9,13188903,13189028,JUNC_3129,1,-,GT,AG,0.9999999,0.9999995,0.9848716855049133,0.7576079964637756
NC_003070.9,13189556,13190014,JUNC_3130,1,-,GT,AG,1.0,0.9999999,0.8420001864433289,0.3298291563987732
NC_003070.9,13190157,13190246,JUNC_3131,1,-,GT,AG,0.99561536,0.99714124,0.0028143562376499176,0.8892741799354553
NC_003070.9,13190301,13190464,JUNC_3132,1,-,GT,AG,0.99999464,0.99998724,0.9853000044822693,0.9492928981781006
NC_003070.9,13190505,13191067,JUNC_3133,1,-,GT,AG,4.7327423e-05,1.0727305e-05,0.8700756430625916,0.9710006713867188
NC_003070.9,13192954,13193053,JUNC_5385,1,+,GT,AG,0.9995433,0.99945146,0.0006000716821290553,0.10028021037578583
NC_003070.9,13193178,13193256,JUNC_5386,1,+,GT,AG,0.91240394,0.88786155,0.913022518157959,0.0013214038917794824
NC_003070.9,13193464,13193542,JUNC_5387,1,+,GT,AG,0.89968336,0.9000276,0.058764610439538956,0.7884479761123657
NC_003070.9,13194065,13194143,JUNC_5388,1,+,GT,AG,0.92000556,0.84920377,0.8571246862411499,6.390761882357765e-06
NC_003070.9,13194395,13194494,JUNC_5389,1,+,GT,AG,0.9999933,0.99998903,0.00021294243924785405,0.0002641952014528215
NC_003070.9,13194683,13194766,JUNC_5390,1,+,GT,AG,0.8659881,0.849626,0.004357714205980301,0.3334464132785797
NC_003070.9,13194841,13194932,JUNC_5391,1,+,GT,AG,1.0,0.9999999,0.028861520811915398,0.8814345002174377
NC_003070.9,13197272,13197361,JUNC_5392,1,+,GT,AG,0.9988477,0.99926347,0.9412135481834412,0.9902883768081665
NC_003070.9,13197659,13197751,JUNC_5393,1,+,GT,AG,0.99907696,0.99907804,0.7089219093322754,0.9934155941009521
NC_003070.9,13227428,13227501,JUNC_5182,1,-,GT,AG,0.9999993,0.99999917,0.9984006285667419,0.9984476566314697
NC_003070.9,13227751,13227829,JUNC_5183,1,-,GT,AG,0.99999595,0.99999607,0.9992951154708862,0.9964566826820374
NC_003070.9,13227993,13228143,JUNC_5184,1,-,GT,AG,1.0,1.0,0.0904126912355423,0.0007039282936602831
NC_003070.9,13228306,13228783,JUNC_5185,1,-,GT,AG,0.999974,0.9999864,0.15058524906635284,0.07272551953792572
NC_003070.9,13269721,13269821,JUNC_2567,1,-,GT,AG,0.003347885,0.0057125674,1.4887007182551315e-06,0.6145229339599609
NC_003070.9,13270199,13270288,JUNC_2568,1,-,GT,AG,1.0,1.0,0.031511448323726654,0.0016088741831481457
NC_003070.9,13270373,13270470,JUNC_2569,1,-,GT,AG,0.99999034,0.9999964,0.003308715531602502,0.12595544755458832
NC_003070.9,13270529,13271007,JUNC_2570,1,-,GT,AG,0.99962986,0.99896395,0.0019043833017349243,0.0001685965107753873
NC_003070.9,13271052,13271142,JUNC_2571,1,-,GT,AG,0.9920006,0.9836932,0.0006704899715259671,0.02483048103749752
NC_003070.9,13271190,13271685,JUNC_2572,1,-,GT,AG,0.99999034,0.99999344,0.1515590399503708,0.0061169154942035675
NC_003070.9,13271751,13271846,JUNC_2573,1,-,GT,AG,0.9999989,0.9999987,0.11112448573112488,0.3999595046043396
NC_003070.9,13271912,13271987,JUNC_2574,1,-,GT,AG,0.9999999,0.9999999,0.34077557921409607,0.05389949679374695
NC_003070.9,13272053,13272130,JUNC_2575,1,-,GT,AG,0.98720455,0.9900512,0.9440515637397766,0.40976476669311523
NC_003070.9,13272196,13272311,JUNC_2576,1,-,GT,AG,0.99997294,0.99996686,0.816020131111145,0.8015984296798706
NC_003070.9,13272377,13272492,JUNC_2577,1,-,GT,AG,0.9999999,0.9999999,3.3541913580847904e-05,4.956728005822697e-08
NC_003070.9,13272567,13272666,JUNC_2578,1,-,GT,AG,0.99999845,0.99999917,4.4708112767466446e-08,0.00011705230281222612
NC_003070.9,13272732,13273081,JUNC_2579,1,-,GT,AG,0.99992335,0.99991524,0.04511284455657005,0.05105230584740639
NC_003070.9,13273147,13273223,JUNC_2580,1,-,GT,AG,0.9998721,0.9995752,0.02953300252556801,0.0630631372332573
NC_003070.9,13273289,13273580,JUNC_2581,1,-,GT,AG,0.99962735,0.99963796,0.011502362787723541,0.0014773810980841517
NC_003070.9,13273646,13273911,JUNC_2582,1,-,GT,AG,0.99998236,0.9999654,0.15587687492370605,0.00010550441947998479
NC_003070.9,13274589,13274809,JUNC_2583,1,-,GT,AG,1.0,1.0,4.0009170334087685e-05,0.27262184023857117
NC_003070.9,13274992,13275072,JUNC_2584,1,-,GT,AG,0.0068952804,0.016250426,0.005076425150036812,0.0013651601038873196
NC_003070.9,13278023,13278098,JUNC_714,1,-,GT,AG,0.9999987,0.99999416,0.9600706696510315,0.00022237702796701342
NC_003070.9,13278383,13278466,JUNC_715,1,-,GT,AG,0.99999654,0.99998915,0.037044916301965714,0.03085586614906788
NC_003070.9,13308357,13308454,JUNC_14800,1,-,GT,AG,0.9917932,0.99589163,0.04372980818152428,0.9546016454696655
NC_003070.9,13308941,13309022,JUNC_14801,1,-,GT,AG,0.99246925,0.9818283,0.9199525713920593,0.07874950766563416
NC_003070.9,13309109,13309206,JUNC_14802,1,-,GT,AG,2.464007e-07,2.2845118e-06,0.15321752429008484,0.8535873889923096
NC_003070.9,13332213,13332285,JUNC_9495,1,-,GT,AG,0.895877,0.74847955,0.9038631319999695,0.8085098266601562
NC_003070.9,13332384,13332517,JUNC_9496,1,-,GT,AG,0.99769557,0.9995573,0.9969632029533386,0.9820126295089722
NC_003070.9,13332670,13332886,JUNC_9497,1,-,GT,AG,0.0039345194,0.003952806,0.26140621304512024,0.04172896221280098
NC_003070.9,13333058,13333146,JUNC_9498,1,-,GT,AG,0.99999535,0.99999774,0.00048529653577134013,0.003979738336056471
NC_003070.9,13333254,13333359,JUNC_9499,1,-,GT,AG,0.95397747,0.9686909,0.011301741935312748,0.0003195492608938366
NC_003070.9,13333571,13333738,JUNC_9500,1,-,GT,AG,0.5386062,0.597593,0.044628746807575226,0.12205258011817932
NC_003070.9,13333963,13333986,JUNC_9501,1,-,GT,AG,8.18162e-06,1.3217182e-05,0.6775790452957153,0.9525051116943359
NC_003070.9,13378070,13378175,JUNC_15905,1,+,GT,AG,0.99986815,0.9998944,0.00487999152392149,0.0007790704257786274
NC_003070.9,13378343,13378456,JUNC_15906,1,+,GT,AG,0.999998,0.9999995,0.7310717105865479,0.8183573484420776
NC_003070.9,13378588,13378677,JUNC_15907,1,+,GT,AG,0.99999976,0.99999976,0.0003668063145596534,0.0015630474081262946
NC_003070.9,13379076,13379158,JUNC_15908,1,+,GT,AG,0.9997631,0.999491,0.08637671172618866,0.11880315095186234
NC_003070.9,13379597,13379694,JUNC_15909,1,+,GT,AG,0.953881,0.9511727,0.007997270673513412,0.977264404296875
NC_003070.9,13380644,13380729,JUNC_15910,1,+,GT,AG,0.9999802,0.9999646,0.5476842522621155,2.2171794626046903e-05
NC_003070.9,13381327,13381418,JUNC_15911,1,+,GT,AG,1.0,1.0,0.011165800504386425,0.0003833819064311683
NC_003070.9,13381939,13382015,JUNC_15912,1,+,GT,AG,0.011881689,0.02326041,0.013428296893835068,0.0009161167545244098
NC_003070.9,13382093,13382187,JUNC_15913,1,+,GT,AG,0.9996275,0.99983984,0.851424515247345,0.8522499203681946
NC_003070.9,13382307,13382385,JUNC_15914,1,+,GT,AG,0.001364155,0.0033947416,0.2598656117916107,0.031155895441770554
NC_003070.9,13382658,13382757,JUNC_15915,1,+,GT,AG,0.17147973,0.56249654,0.11945655941963196,0.04559889808297157
NC_003070.9,13383267,13383373,JUNC_15916,1,+,GT,AG,0.999998,0.999995,0.09041536599397659,0.00010306998592568561
NC_003070.9,13432649,13432664,JUNC_8518,1,+,GT,AG,0.14085168,0.07845572,0.07408972829580307,0.677777886390686
NC_003070.9,13432879,13432978,JUNC_8519,1,+,GT,AG,0.7536046,0.53550553,0.10588940978050232,0.9940091371536255
NC_003070.9,13450608,13450693,JUNC_17164,1,+,GT,AG,0.999977,0.99996066,0.7228002548217773,0.03811518847942352
NC_003070.9,13450767,13450850,JUNC_17165,1,+,GT,AG,0.9996612,0.99959296,0.2670224905014038,0.15213240683078766
NC_003070.9,13450934,13451028,JUNC_17166,1,+,GT,AG,0.092241295,0.032079484,0.11505478620529175,0.8778637647628784
NC_003070.9,13451109,13451273,JUNC_17167,1,+,GT,AG,0.9999473,0.99990284,0.532880425453186,0.001526293228380382
NC_003070.9,13451354,13451597,JUNC_17168,1,+,GT,AG,1.0,1.0,0.9528728723526001,0.9294622540473938
NC_003070.9,13451690,13451942,JUNC_17169,1,+,GT,AG,1.0,1.0,1.1701003131747711e-05,0.14089594781398773
NC_003070.9,13452122,13452208,JUNC_17170,1,+,GT,AG,0.99999774,0.9999939,0.06310165673494339,0.3155953288078308
NC_003070.9,13452276,13452352,JUNC_17171,1,+,GT,AG,0.6792073,0.4850656,0.00013506520190276206,0.013584512285888195
NC_003070.9,13452404,13452496,JUNC_17172,1,+,GT,AG,0.46342805,0.609388,1.4591854551326833e-06,1.0412576356699788e-09
NC_003070.9,13452550,13452635,JUNC_17173,1,+,GT,AG,0.99911505,0.999171,5.858850727236131e-06,0.0002508554025553167
NC_003070.9,13452728,13452810,JUNC_17174,1,+,GT,AG,0.99962556,0.9996784,0.9799200892448425,0.8271648287773132
NC_003070.9,13452877,13452963,JUNC_17175,1,+,GT,AG,0.9918765,0.994206,0.9804837107658386,0.12697018682956696
NC_003070.9,13453041,13453360,JUNC_17547,1,+,GT,AG,0.99745744,0.99705505,0.5148239135742188,0.9850108027458191
NC_003070.9,13467577,13467777,JUNC_5394,1,-,GT,AG,0.6756624,0.8694388,0.985618531703949,0.42764151096343994
NC_003070.9,13467864,13467963,JUNC_5395,1,-,GT,AG,0.9991678,0.9981401,0.36423930525779724,0.023319877684116364
NC_003070.9,13468069,13468176,JUNC_5396,1,-,GT,AG,0.9999778,0.9999907,0.9985688924789429,0.9915157556533813
NC_003070.9,13468268,13468367,JUNC_5397,1,-,GT,AG,0.9999882,0.9999919,0.9887224435806274,0.9842738509178162
NC_003070.9,13468478,13468564,JUNC_5398,1,-,GT,AG,0.9968649,0.99556386,0.9748908281326294,0.01861531101167202
NC_003070.9,13468699,13469097,JUNC_9992,1,-,GT,AG,0.9563208,0.9756296,0.09156856685876846,0.8760669231414795
NC_003070.9,13468699,13469913,JUNC_5399,1,-,GT,AG,0.8989757,0.90597486,0.24971148371696472,0.0021963429171591997
NC_003070.9,13470003,13470095,JUNC_5400,1,-,GT,AG,0.99989426,0.99981385,0.05249926447868347,0.9514618515968323
NC_003070.9,13470394,13470509,JUNC_5401,1,-,GT,AG,0.9999999,0.9999999,0.16923533380031586,0.19693106412887573
NC_003070.9,13533559,13534166,JUNC_14999,1,+,GT,AG,0.7028736,0.90173453,0.7999297380447388,0.9728150963783264
NC_003070.9,13534537,13534688,JUNC_12572,1,+,GT,AG,0.99993134,0.99977463,0.9627060890197754,0.49336299300193787
NC_003070.9,13534895,13534981,JUNC_12573,1,+,GT,AG,0.99999917,0.9999995,0.058297157287597656,0.9500333070755005
NC_003070.9,13535143,13535224,JUNC_12574,1,+,GT,AG,0.9999975,0.999997,0.8482857346534729,0.03501984104514122
NC_003070.9,13535317,13535450,JUNC_12575,1,+,GT,AG,0.999949,0.9999573,0.6373993754386902,0.6725229024887085
NC_003070.9,13535546,13535726,JUNC_12576,1,+,GT,AG,1.0,0.99999976,0.4300374686717987,0.9383105635643005
NC_003070.9,13535900,13535993,JUNC_12577,1,+,GT,AG,0.9840419,0.9584595,0.018020160496234894,2.2283933503786102e-05
NC_003070.9,13536087,13536182,JUNC_12578,1,+,GT,AG,0.99346066,0.9795411,0.8568643927574158,0.0004219252150505781
NC_003070.9,13536370,13536452,JUNC_12579,1,+,GT,AG,0.999895,0.9998976,0.7089317440986633,0.0075685009360313416
NC_003070.9,13536503,13536577,JUNC_12580,1,+,GT,AG,0.99984753,0.9997392,0.11033020168542862,0.269115686416626
NC_003070.9,13536617,13536705,JUNC_12581,1,+,GT,AG,0.99999964,0.99999917,0.1777075082063675,0.9621309638023376
NC_003070.9,13536830,13536906,JUNC_12582,1,+,GT,AG,0.99998236,0.999967,0.9944794178009033,0.9449012875556946
NC_003070.9,13537023,13537098,JUNC_12583,1,+,GT,AG,0.99801356,0.99820495,0.847089409828186,0.9461860060691833
NC_003070.9,13537173,13537249,JUNC_12584,1,+,GT,AG,0.97680515,0.95227873,0.2807973325252533,0.17955628037452698
NC_003070.9,13537306,13537423,JUNC_12585,1,+,GT,AG,0.7700811,0.65138674,0.04584510624408722,0.030349096283316612
NC_003070.9,13537528,13537639,JUNC_12586,1,+,GC,AG,0.99986935,0.99991155,0.013332490809261799,0.0005097661050967872
NC_003070.9,13537726,13537823,JUNC_12587,1,+,GT,AG,0.99997437,0.9999517,0.9838046431541443,0.9654964804649353
NC_003070.9,13538015,13538089,JUNC_12588,1,+,GT,AG,0.9999888,0.9999652,0.9760204553604126,0.14266765117645264
NC_003070.9,13538278,13538357,JUNC_12589,1,+,GT,AG,0.99999774,0.9999956,0.003382541937753558,0.0007481204229407012
NC_003070.9,13538468,13538567,JUNC_12590,1,+,GT,AG,0.99995327,0.9999211,0.0003216288750991225,0.9101423025131226
NC_003070.9,13538657,13538739,JUNC_12591,1,+,GT,AG,0.99999964,0.99999905,0.9161813855171204,5.19794457431999e-06
NC_003070.9,13538916,13539006,JUNC_12592,1,+,GT,AG,0.99992895,0.9995776,0.005012929439544678,0.026019463315606117
NC_003070.9,13539084,13539159,JUNC_12593,1,+,GT,AG,0.9999999,0.9999999,0.6638948321342468,0.95998215675354
NC_003070.9,13539282,13539355,JUNC_12594,1,+,GT,AG,0.9999999,0.99999976,0.9919887185096741,4.3336054659448564e-05
NC_003070.9,13539625,13539728,JUNC_12595,1,+,GT,AG,0.9996822,0.99910533,0.02994108945131302,0.9888366460800171
NC_003070.9,13540060,13540139,JUNC_12596,1,+,GT,AG,0.99980885,0.99967504,0.978813648223877,0.9882957935333252
NC_003070.9,13540377,13540457,JUNC_12597,1,+,GT,AG,0.883735,0.90945953,0.954089343547821,0.00032716154237277806
NC_003070.9,13540810,13540890,JUNC_12598,1,+,GT,AG,0.9978631,0.99716306,0.4710218012332916,0.0016513814916834235
NC_003070.9,13541104,13541199,JUNC_12599,1,+,GT,AG,0.95608854,0.94534624,0.020779870450496674,0.993782103061676
NC_003070.9,13541376,13541463,JUNC_12600,1,+,GT,AG,0.9996766,0.9996277,0.10648118704557419,0.023500746116042137
NC_003070.9,13543614,13543716,JUNC_12601,1,+,GT,AG,0.9995839,0.9990036,0.0421840064227581,0.9184871315956116
NC_003070.9,13546311,13546514,JUNC_843,1,+,GT,AG,0.47925964,0.8544194,0.8883239030838013,0.9400469660758972
NC_003070.9,13546897,13546975,JUNC_844,1,+,GT,AG,0.9706576,0.85841006,0.9352626204490662,0.07091837376356125
NC_003070.9,13547182,13547262,JUNC_845,1,+,GT,AG,0.9960425,0.9980114,0.30404841899871826,0.0036333356983959675
NC_003070.9,13547424,13547501,JUNC_846,1,+,GT,AG,0.9912152,0.9733689,0.005041829310357571,0.42928335070610046
NC_003070.9,13547594,13547679,JUNC_847,1,+,GT,AG,0.9982718,0.99787045,0.4447094202041626,0.011345494538545609
NC_003070.9,13670758,13670834,JUNC_8947,1,+,GT,AG,0.9999759,0.9999722,0.5365729331970215,0.0006234476459212601
NC_003070.9,13681763,13682892,JUNC_14948,1,-,GT,AG,0.6908289,0.83875126,0.6655079126358032,0.9230026602745056
NC_003070.9,13696472,13696557,JUNC_5128,1,-,GT,AG,0.9999907,0.99999475,0.9410024881362915,0.4136596918106079
NC_003070.9,13696659,13696744,JUNC_5129,1,-,GT,AG,0.999818,0.99916327,1.5254903701134026e-05,0.0029195104725658894
NC_003070.9,13697150,13697520,JUNC_5130,1,-,GT,AG,0.9917225,0.9883278,0.17599527537822723,6.983545608818531e-05
NC_003070.9,13701013,13701107,JUNC_3194,1,+,GT,AG,0.20266278,0.1285165,0.061056189239025116,0.09439220279455185
NC_003070.9,13701264,13701345,JUNC_3195,1,+,GT,AG,0.9999958,0.9999957,0.013230204582214355,0.03274759650230408
NC_003070.9,13701603,13701798,JUNC_2446,1,-,GT,AG,0.9999424,0.9999043,0.012563844211399555,2.648792758463969e-07
NC_003070.9,13701993,13702787,JUNC_2447,1,-,GT,AG,0.99999845,0.9999944,0.09472762048244476,0.4057537317276001
NC_003070.9,13703264,13703344,JUNC_2448,1,-,GT,AG,0.99999213,0.9999789,0.00442116241902113,0.28695613145828247
NC_003070.9,13708081,13708304,JUNC_4439,1,+,GT,AG,0.70315605,0.7723969,0.9344174861907959,0.013249842450022697
NC_003070.9,13762063,13762153,JUNC_10591,1,+,GT,AG,0.9999695,0.9999584,0.5327334403991699,0.3679986894130707
NC_003070.9,13762265,13762503,JUNC_10592,1,+,GT,AG,0.9999995,0.99999857,0.010365829803049564,0.30562832951545715
NC_003070.9,13762573,13763064,JUNC_10593,1,+,GT,AG,1.0,1.0,0.9990053772926331,0.9825935959815979
NC_003070.9,13763200,13763290,JUNC_10594,1,+,GT,AG,0.9999473,0.9999695,0.9637255072593689,0.25680011510849
NC_003070.9,13763365,13763414,JUNC_10595,1,+,GT,AG,0.0018325526,0.00089023897,0.10146583616733551,0.8515150547027588
NC_003070.9,13763474,13763595,JUNC_10596,1,+,GT,AG,0.99715,0.9933747,0.8280847668647766,0.5602881908416748
NC_003070.9,13763712,13763824,JUNC_10597,1,+,GT,AG,0.9999999,0.9999999,0.9005278944969177,0.9954392313957214
NC_003070.9,13763986,13764079,JUNC_10598,1,+,GT,AG,1.0,0.99999964,0.9590932130813599,0.9181264042854309
NC_003070.9,13816605,13817350,JUNC_3942,1,-,GT,AG,0.91940755,0.9423587,0.9249231219291687,0.4949140250682831
NC_003070.9,13817425,13817545,JUNC_3943,1,-,GT,AG,0.9975145,0.99877214,0.8245412111282349,0.9745849967002869
NC_003070.9,13817638,13817777,JUNC_3944,1,-,GT,AG,2.862009e-05,2.3551442e-05,0.9895378351211548,0.957024872303009
NC_003070.9,13817980,13818075,JUNC_3945,1,-,GT,AG,0.99997354,0.99992347,0.9514851570129395,0.08519560843706131
NC_003070.9,13818293,13818417,JUNC_3946,1,-,GT,AG,0.27765268,0.19946718,0.2267943173646927,0.0012648596893996
NC_003070.9,13921305,13921385,JUNC_8351,1,-,GT,AG,9.095777e-07,5.4803986e-06,0.049961596727371216,0.971007764339447
NC_003070.9,13983033,13983146,JUNC_16381,1,+,GT,AG,0.99991465,0.9999312,0.9719959497451782,0.003401233581826091
NC_003070.9,13983412,13983488,JUNC_3015,1,+,GT,AG,0.9784897,0.9249057,0.9693735837936401,0.058486636728048325
NC_003070.9,13983585,13983677,JUNC_3016,1,+,GT,AG,0.99999857,0.99999905,0.020502032712101936,1.7847906974566285e-07
NC_003070.9,13983803,13983888,JUNC_3017,1,+,GT,AG,1.0,0.9999999,0.024006688967347145,0.06277605146169662
NC_003070.9,13983973,13984059,JUNC_3018,1,+,GT,AG,0.99999547,0.99998546,0.001768650603480637,5.814641212964489e-09
NC_003070.9,13984186,13984263,JUNC_3019,1,+,GT,AG,0.9691316,0.93934864,0.005809440743178129,0.006405206397175789
NC_003070.9,14004700,14005319,JUNC_10969,1,+,GT,AG,2.7883657e-06,2.0315533e-06,0.038672421127557755,0.40746232867240906
NC_003070.9,14009787,14010087,JUNC_3564,1,-,GT,AG,0.00016552549,0.00034238902,0.01642068475484848,0.013948651030659676
NC_003070.9,14010401,14010482,JUNC_3565,1,-,GT,AG,0.988362,0.96449006,0.0819496139883995,0.10883955657482147
NC_003070.9,14010617,14010705,JUNC_3566,1,-,GT,AG,0.99993265,0.99976414,0.3732968270778656,0.003690971527248621
NC_003070.9,14030047,14030151,JUNC_4369,1,+,GT,AG,0.00045168903,0.00069037837,0.00045418855734169483,0.014375004917383194
NC_003070.9,14079850,14079942,JUNC_9917,1,+,GT,AG,1.7384788e-10,2.608129e-09,0.9807664155960083,0.4424417316913605
NC_003070.9,14079984,14080252,JUNC_9918,1,+,GT,AG,0.004637129,0.0054869587,0.0014525788137689233,8.280747715616599e-05
NC_003070.9,14080549,14080600,JUNC_9919,1,+,GT,AG,1.517028e-06,1.8355431e-06,0.006087333895266056,0.005931213963776827
NC_003070.9,14080782,14080878,JUNC_9920,1,+,GT,AG,5.1064973e-05,2.6601338e-05,0.011005990207195282,0.00015012531366664916
NC_003070.9,14080988,14081115,JUNC_9921,1,+,GT,AG,0.02630292,0.022313844,0.5715356469154358,0.4722992181777954
NC_003070.9,14081272,14081315,JUNC_9922,1,+,GT,AG,3.1534484e-05,5.8255937e-05,0.9265485405921936,0.9918451905250549
NC_003070.9,14081708,14081887,JUNC_9923,1,+,GT,AG,5.784716e-09,2.7733552e-08,0.9976859092712402,0.6655568480491638
NC_003070.9,14081963,14082241,JUNC_9924,1,+,GT,AG,0.00097151095,0.000945765,0.970787525177002,0.9914788603782654
NC_003070.9,14082514,14082749,JUNC_9925,1,+,GT,AG,0.9884139,0.9887194,0.28138190507888794,0.7679622769355774
NC_003070.9,14155253,14155831,JUNC_10358,1,-,GT,GA,3.4621368e-09,3.794768e-09,0.7008721232414246,0.10869298875331879
NC_003070.9,14175068,14175169,JUNC_5097,1,-,GT,AG,0.5323747,0.23244137,0.9515078067779541,0.9352588653564453
NC_003070.9,14175218,14175329,JUNC_5098,1,-,GT,AG,0.9963404,0.99226063,7.501389518438373e-07,0.012660997919738293
NC_003070.9,14175396,14175794,JUNC_2658,1,-,GT,AG,0.9986614,0.9988422,0.0007283006561920047,0.050871022045612335
NC_003070.9,14175840,14175995,JUNC_2659,1,-,GT,AG,1.0,1.0,0.019844433292746544,6.328668405330973e-06
NC_003070.9,14176151,14176244,JUNC_2660,1,-,GT,AG,0.9999994,0.99999964,0.5492037534713745,0.39931294322013855
NC_003070.9,14176365,14176442,JUNC_2661,1,-,GT,AG,0.9999373,0.9998365,0.9716923236846924,0.420708566904068
NC_003070.9,14176591,14176682,JUNC_2662,1,-,GT,AG,0.9991075,0.9996118,0.863008975982666,0.9877558946609497
NC_003070.9,14176744,14176826,JUNC_2663,1,-,GT,AG,0.68579674,0.7894836,0.9246242046356201,0.6713511943817139
NC_003070.9,14176754,14176826,JUNC_5099,1,-,GT,AG,0.5149892,0.6496652,0.01513652503490448,0.9960971474647522
NC_003070.9,14177100,14177213,JUNC_2664,1,-,GT,AG,0.99983114,0.99977547,0.09389210492372513,0.004474174696952105
NC_003070.9,14177240,14177659,JUNC_13715,1,-,GT,AG,0.9999989,0.9999993,0.04428704455494881,0.2438933551311493
NC_003070.9,14177289,14177659,JUNC_5587,1,-,GT,AG,0.9999958,0.99999714,0.008347353897988796,0.007019721902906895
NC_003070.9,14177742,14177994,JUNC_13441,1,-,GT,AG,0.524056,0.39461797,0.000567304901778698,6.06739085924346e-05
NC_003070.9,14290137,14290291,JUNC_16555,1,-,GT,AG,0.99991643,0.99980634,0.09315213561058044,0.01594872958958149
NC_003070.9,14290482,14290563,JUNC_16556,1,-,GT,AG,0.9999919,0.9999839,0.0035222473088651896,0.04225294664502144
NC_003070.9,14290731,14290809,JUNC_16557,1,-,GT,AG,0.99999344,0.9999789,0.12713703513145447,0.9458150863647461
NC_003070.9,14290977,14291080,JUNC_16558,1,-,GT,AG,0.99999976,0.99999833,0.0007884872611612082,1.3782640451154293e-07
NC_003070.9,14291285,14291370,JUNC_16559,1,-,GT,AG,0.99999607,0.99999344,0.00977582298219204,0.001842048019170761
NC_003070.9,14291568,14291647,JUNC_16560,1,-,GT,AG,0.9999646,0.999744,0.0005264114588499069,0.00014487466251011938
NC_003070.9,14291736,14291823,JUNC_16561,1,-,GT,AG,0.99999344,0.99999213,0.0101042240858078,0.0030425640288740396
NC_003070.9,14291930,14292005,JUNC_16562,1,-,GT,AG,0.997774,0.99417007,0.0005633107502944767,0.002772404346615076
NC_003070.9,14446429,14446544,JUNC_10954,1,+,GT,AG,0.999943,0.999831,1.2617084621524555e-07,0.0005535596865229309
NC_003070.9,14446782,14447016,JUNC_10955,1,+,GT,AG,1.2341866e-07,1.8157927e-07,3.908382495865226e-06,5.2840587159153074e-05
NC_003070.9,14447573,14447684,JUNC_10956,1,+,GT,AG,0.0009287797,0.0005559331,0.10111334174871445,0.06206308677792549
NC_003070.9,14607897,14608305,JUNC_16969,1,-,GT,AG,0.00420584,0.0061691003,0.4830179214477539,0.8435045480728149
NC_003070.9,14608374,14608456,JUNC_16970,1,-,GT,AG,0.013723561,0.037901435,0.04844246432185173,0.822360634803772
NC_003070.9,14608544,14608635,JUNC_16971,1,-,GT,AG,0.00013131576,6.7335415e-05,0.9945340156555176,0.7790679335594177
NC_003070.9,14701721,14702338,JUNC_15067,1,+,GT,AG,4.8622635e-08,2.8090499e-08,0.9877653121948242,0.9953926801681519
NC_003070.9,14702358,14702497,JUNC_15068,1,+,GT,AG,3.021834e-06,1.4720777e-06,0.8163214325904846,0.9164671301841736
NC_003070.9,14702517,14702656,JUNC_15069,1,+,GT,AG,2.2391687e-05,7.1429818e-06,0.0007668890175409615,6.587261304957792e-05
NC_003070.9,14702675,14702973,JUNC_15070,1,+,GT,AG,0.000950132,0.00046712285,0.011378675699234009,0.9749385118484497
NC_003070.9,14703107,14703768,JUNC_15071,1,+,GT,AG,0.00025023255,0.00014020997,0.6458734273910522,0.0378408208489418
NC_003070.9,14930287,14930368,JUNC_16807,1,+,GT,AG,4.950387e-08,1.7858832e-07,0.24056777358055115,0.733869731426239
NC_003070.9,14930442,14930738,JUNC_16808,1,+,GT,AG,0.0074354415,0.007443228,0.0038901222869753838,0.05096666142344475
NC_003070.9,14930833,14931289,JUNC_16809,1,+,GT,AG,7.1216666e-10,3.1102285e-09,0.015036802738904953,0.4787261188030243
NC_003070.9,14931333,14931371,JUNC_16810,1,+,GT,AG,0.03772453,0.008167473,0.9978354573249817,0.0419270396232605
NC_003070.9,14931391,14932006,JUNC_16811,1,+,GT,AG,1.4335768e-07,2.0566537e-08,0.028947219252586365,0.9989604949951172
NC_003070.9,14932026,14932323,JUNC_16812,1,+,GT,AG,5.8114034e-07,4.1471606e-07,0.01468876376748085,0.6241506934165955
NC_003070.9,15240612,15241702,JUNC_17657,1,+,GT,AG,0.99983114,0.9993475,0.009157526306807995,0.6536899209022522
NC_003070.9,15241901,15241988,JUNC_17658,1,+,GT,AG,6.6802177e-06,1.3946023e-05,0.9404702186584473,0.00011140035348944366
NC_003070.9,15242471,15242687,JUNC_17659,1,+,GT,AG,0.99453956,0.9922633,0.9970571994781494,0.8833843469619751
NC_003070.9,15242999,15243056,JUNC_17660,1,+,GT,AG,0.99991584,0.9998529,0.9756808280944824,0.0055786739103496075
NC_003070.9,15243385,15243658,JUNC_17661,1,+,GT,AG,0.98994815,0.9965443,0.9995484948158264,0.9995347261428833
NC_003070.9,15243797,15243854,JUNC_17662,1,+,GT,AG,0.99999917,0.9999995,0.9996861219406128,0.9856686592102051
NC_003070.9,15580143,15580227,JUNC_10194,1,-,GT,AG,0.022623347,0.038714018,0.9978011250495911,0.9955896139144897
NC_003070.9,15580300,15580342,JUNC_10195,1,-,GT,AG,0.35724983,0.38779232,0.15513475239276886,0.037323255091905594
NC_003070.9,15647899,15647947,JUNC_3567,1,+,GT,AG,5.6169665e-05,7.476935e-05,0.9710502624511719,0.04362459108233452
NC_003070.9,15648173,15648221,JUNC_3568,1,+,GT,AG,0.09325742,0.029524906,0.250796377658844,0.9631137251853943
NC_003070.9,15648343,15648376,JUNC_3569,1,+,GT,AG,0.9999988,0.99999666,0.1654699295759201,0.005566819105297327
NC_003070.9,15648517,15648881,JUNC_3570,1,+,GT,AG,1.9092724e-05,2.006234e-06,0.44511234760284424,0.8742418885231018
NC_003070.9,15651303,15651412,JUNC_8806,1,-,GT,AG,0.020759104,0.0058474443,0.8066333532333374,0.00010521794320084155
NC_003070.9,15651626,15651713,JUNC_8807,1,-,GT,AG,0.99999595,0.9999927,0.6541446447372437,0.303193062543869
NC_003070.9,15651942,15652251,JUNC_8808,1,-,GT,AG,0.99999976,0.99999917,0.664469301700592,0.9975550770759583
NC_003070.9,15652287,15652398,JUNC_8809,1,-,GT,AG,0.99948186,0.9990025,0.9977158308029175,0.49171316623687744
NC_003070.9,15671065,15671078,JUNC_10221,1,-,GT,AG,0.18391113,0.41986552,0.2408353090286255,0.7845207452774048
NC_003070.9,15671170,15671681,JUNC_10222,1,-,GT,AG,0.9277922,0.60849327,0.6470633149147034,0.0912439376115799
NC_003070.9,15671845,15671866,JUNC_10223,1,-,GT,AG,0.020606149,0.017072128,0.9997398257255554,0.9385195374488831
NC_003070.9,15672189,15672296,JUNC_10224,1,-,GT,AG,0.9999975,0.9999901,0.9848482012748718,0.9833770990371704
NC_003070.9,15672533,15672766,JUNC_10225,1,-,GT,AG,0.99989796,0.9996019,0.02629638835787773,0.9226239919662476
NC_003070.9,15864843,15864946,JUNC_15032,1,-,GT,AG,0.99963903,0.998748,0.995267391204834,0.5684800744056702
NC_003070.9,15865050,15865138,JUNC_15033,1,-,GT,AG,0.99935883,0.9993924,0.9838031530380249,0.9962995648384094
NC_003070.9,15865315,15865403,JUNC_15034,1,-,GT,AG,0.9986511,0.99864715,0.07463888823986053,0.7992786765098572
NC_003070.9,15891786,15891861,JUNC_13269,1,+,GT,AG,0.9980757,0.9993917,0.4488138258457184,0.03440840542316437
NC_003070.9,15891786,15891912,JUNC_2786,1,+,GT,AG,0.2810696,0.7052583,0.2719404101371765,0.02560434117913246
NC_003070.9,15891953,15892256,JUNC_2787,1,+,GT,AG,0.9997353,0.9994884,0.01501704566180706,0.0005666862125508487
NC_003070.9,15892450,15892681,JUNC_2788,1,+,GT,AG,0.8278059,0.4741284,0.4460183382034302,0.4085438847541809
NC_003070.9,15892721,15892956,JUNC_2789,1,+,GT,AG,0.99990714,0.99993134,0.002294480102136731,0.20686012506484985
NC_003070.9,15893038,15893143,JUNC_2790,1,+,GT,AG,0.4465609,0.52382046,0.5185502171516418,0.004482242278754711
NC_003070.9,15893221,15893336,JUNC_2791,1,+,GT,AG,0.014204573,0.013524691,0.7182981967926025,0.9326874017715454
NC_003070.9,15893462,15893625,JUNC_2792,1,+,GT,AG,2.8664793e-08,8.031434e-08,0.00024308401043526828,0.00037659017834812403
NC_003070.9,15893747,15893864,JUNC_2793,1,+,GT,AG,0.0051693926,0.012370557,0.008486412465572357,0.34051674604415894
NC_003070.9,15893904,15894005,JUNC_2794,1,+,GT,AG,0.020299634,0.07045063,0.009548992849886417,0.00010367770300945267
NC_003070.9,15894080,15894165,JUNC_2795,1,+,GT,AG,0.0001863929,0.00021236553,0.0007896912284195423,6.542025857925182e-06
NC_003070.9,16037771,16037963,JUNC_5232,1,+,GT,AG,0.5844068,0.5755444,2.089989493470057e-06,1.2187409765829216e-06
NC_003070.9,16038127,16038328,JUNC_5233,1,+,GT,AG,0.9954478,0.9933596,8.244390414802183e-08,7.015016194600321e-07
NC_003070.9,16038385,16038413,JUNC_5234,1,+,GT,AG,0.9999994,0.9999995,0.0005578285781666636,0.01822330430150032
NC_003070.9,16066990,16067107,JUNC_17667,1,+,GT,AG,0.5314921,0.38834324,0.45966386795043945,0.3023883104324341
NC_003070.9,16067439,16067534,JUNC_17668,1,+,GT,AG,0.8832298,0.8806856,0.0017873451579362154,0.05445702001452446
NC_003070.9,16125929,16126226,JUNC_17133,1,+,GT,AG,0.9613752,0.94040245,0.8004287481307983,0.8420113325119019
NC_003070.9,16126347,16126520,JUNC_17134,1,+,GT,AG,0.999516,0.99911743,0.9778738617897034,0.9971531629562378
NC_003070.9,16126617,16126770,JUNC_17135,1,+,GT,AG,1.0,0.99999976,0.12622538208961487,0.15733002126216888
NC_003070.9,16126857,16126945,JUNC_17136,1,+,GT,AG,1.0,0.9999999,0.257640540599823,0.09838862717151642
NC_003070.9,16141001,16141105,JUNC_15924,1,+,GT,AG,0.99964666,0.99975294,0.004880538210272789,0.44502660632133484
NC_003070.9,16141321,16141406,JUNC_15925,1,+,GT,AG,0.9991191,0.998995,0.08096379041671753,0.009272649884223938
NC_003070.9,16151115,16151200,JUNC_4955,1,+,GT,AG,3.5407227e-10,7.1598527e-10,0.6405060291290283,0.31086820363998413
NC_003070.9,16151294,16151371,JUNC_4956,1,+,GT,AG,0.19187719,0.29609948,0.04100145772099495,0.8785890936851501
NC_003070.9,16151613,16151773,JUNC_4957,1,+,GT,AG,0.8114371,0.81568134,0.991211473941803,0.9881256818771362
NC_003070.9,16151816,16151962,JUNC_4958,1,+,GT,AG,0.99826163,0.99793446,0.7394354343414307,0.44024959206581116
NC_003070.9,16214228,16214320,JUNC_13154,1,-,GT,AG,0.99981135,0.99965453,0.9570693969726562,0.7950668334960938
NC_003070.9,16214845,16215057,JUNC_13155,1,-,GT,AG,0.9856985,0.9673557,0.003905569203197956,0.9228834509849548
NC_003070.9,16215369,16215684,JUNC_13156,1,-,GT,AG,0.9995864,0.998309,0.9929832220077515,0.05625748261809349
NC_003070.9,16232792,16232911,JUNC_9931,1,+,GT,AG,0.91512895,0.9245604,0.08713256567716599,0.02749527245759964
NC_003070.9,16233061,16233130,JUNC_9932,1,+,GT,AG,0.9999989,0.999995,0.028483916074037552,0.9444230198860168
NC_003070.9,16233230,16233304,JUNC_9933,1,+,GT,AG,0.99999607,0.99999523,0.07681919634342194,0.02568873204290867
NC_003070.9,16233538,16233617,JUNC_9934,1,+,GT,AG,1.0,1.0,0.9386676549911499,0.6406808495521545
NC_003070.9,16233899,16233987,JUNC_9935,1,+,GT,AG,0.9999963,0.9999926,0.48853206634521484,0.9491762518882751
NC_003070.9,16234077,16234313,JUNC_9936,1,+,GT,AG,0.99999845,0.9999982,0.9962043166160583,0.5296046137809753
NC_003070.9,16234768,16234862,JUNC_9937,1,+,GT,AG,0.9999994,0.9999993,0.02201860025525093,0.9692739844322205
NC_003070.9,16234914,16235054,JUNC_9938,1,+,GT,AG,0.9999999,0.99999976,0.1286516785621643,0.00020011721062473953
NC_003070.9,16235216,16235301,JUNC_9939,1,+,GT,AG,0.9999999,0.99999976,0.7389258742332458,0.01695137843489647
NC_003070.9,16235664,16235744,JUNC_9940,1,+,GT,AG,1.0,1.0,0.7616922855377197,0.5414554476737976
NC_003070.9,16235912,16236007,JUNC_9941,1,+,GT,AG,1.0,1.0,0.09028521180152893,0.016476284712553024
NC_003070.9,16365244,16365338,JUNC_5317,1,-,GT,AG,0.72944033,0.72780955,0.08828023076057434,0.09678813815116882
NC_003070.9,16365402,16365521,JUNC_5318,1,-,GT,AG,0.9990477,0.99926156,0.004465844947844744,0.03053852915763855
NC_003070.9,16365569,16365844,JUNC_5319,1,-,GT,AG,0.10703562,0.23671088,0.10215345025062561,0.002936788834631443
NC_003070.9,16365975,16366148,JUNC_5320,1,-,GT,AG,0.9880085,0.9961839,0.006873416714370251,0.9504446983337402
NC_003070.9,16379105,16379183,JUNC_10677,1,+,GT,AG,0.9207022,0.75350827,0.970085620880127,0.9963578581809998
NC_003070.9,16425866,16425999,JUNC_8786,1,-,GT,AG,0.99999857,0.999997,0.9918831586837769,0.9772157073020935
NC_003070.9,16426149,16426279,JUNC_8787,1,-,GT,AG,0.98422974,0.9753853,0.2708139717578888,0.9450517296791077
NC_003070.9,16426327,16426422,JUNC_8788,1,-,GT,AG,0.9374126,0.86919665,0.42161130905151367,0.24732239544391632
NC_003070.9,16426502,16426607,JUNC_8789,1,-,GT,AG,0.9957409,0.9980342,2.0346174522956062e-08,8.114979266338196e-08
NC_003070.9,16426710,16426968,JUNC_8790,1,-,GT,AG,0.9990941,0.99903,0.001054286491125822,0.0021917899139225483
NC_003070.9,16427099,16427342,JUNC_8791,1,-,GT,AG,0.9999987,0.9999988,0.013275671750307083,0.0003041760646738112
NC_003070.9,16427520,16427613,JUNC_8792,1,-,GT,AG,0.6626102,0.65247446,0.6720932722091675,0.22924429178237915
NC_003070.9,16427671,16427767,JUNC_8793,1,-,GT,AG,0.98846614,0.98468614,1.2684119310435449e-09,6.672471499769017e-05
NC_003070.9,16427831,16427913,JUNC_8794,1,-,GT,AG,0.40126386,0.3643295,0.0011237505823373795,0.009762165136635303
NC_003070.9,16428084,16428176,JUNC_8795,1,-,GT,AG,0.9999908,0.9999871,0.011914321221411228,0.9670507311820984
NC_003070.9,16428288,16428627,JUNC_8796,1,-,GT,AG,0.99999523,0.99999785,0.8333727121353149,0.224812313914299
NC_003070.9,16428867,16429084,JUNC_8797,1,-,GT,AG,0.9999883,0.9999646,0.09702350944280624,0.5486143231391907
NC_003070.9,16429233,16429349,JUNC_8798,1,-,GT,AG,0.9999763,0.9999651,0.4673820436000824,0.9941708445549011
NC_003070.9,16429558,16429642,JUNC_8799,1,-,GT,AG,0.0011671487,0.0008656346,0.0013765770709142089,9.762699482962489e-05
NC_003070.9,16429749,16430028,JUNC_8800,1,-,GT,AG,0.008186963,0.007631389,0.000195134271052666,0.0027812279295176268
NC_003070.9,16440333,16440424,JUNC_2430,1,-,GT,AG,0.9999913,0.999992,0.016716593876481056,0.010709894821047783
NC_003070.9,16440557,16440737,JUNC_2431,1,-,GT,AG,0.099931054,0.1490359,0.9850484728813171,0.5069333910942078
NC_003070.9,16440825,16440899,JUNC_2432,1,-,GT,AG,0.4158636,0.3058727,0.31006351113319397,0.03146101161837578
NC_003070.9,16441289,16441760,JUNC_2433,1,-,GT,AG,0.23482443,0.25576502,0.014982733875513077,0.35165441036224365
NC_003070.9,16443993,16444119,JUNC_13747,1,-,GT,AG,7.8682664e-05,0.00085156114,0.07004260271787643,0.014280124567449093
NC_003070.9,16444513,16445444,JUNC_13748,1,-,GT,AG,0.99999976,0.99999976,0.12906119227409363,0.006082615815103054
NC_003070.9,16445676,16446302,JUNC_13749,1,-,GT,AG,0.9999765,0.9999453,0.7186930775642395,0.06542178988456726
NC_003070.9,16446419,16446503,JUNC_13750,1,-,GT,AG,0.97938937,0.95871294,0.2555217146873474,0.9202505946159363
NC_003070.9,16446566,16446638,JUNC_13751,1,-,GT,AG,0.264665,0.23325749,0.8761865496635437,0.19425742328166962
NC_003070.9,16478925,16480423,JUNC_17083,1,+,GT,AG,0.99997187,0.9999677,0.006933182943612337,0.02892841026186943
NC_003070.9,16480502,16480584,JUNC_17084,1,+,GT,AG,0.9996685,0.9996605,0.14828579127788544,0.4377652704715729
NC_003070.9,16480721,16480821,JUNC_17085,1,+,GT,AG,0.9547086,0.8860598,0.9387325644493103,0.9918339252471924
NC_003070.9,16480933,16481039,JUNC_17086,1,+,GT,AG,0.94822145,0.92228633,0.9848462343215942,0.9766840934753418
NC_003070.9,16481216,16481593,JUNC_17087,1,+,GT,AG,0.99921197,0.99887806,0.005481664557009935,0.06873450428247452
NC_003070.9,16481665,16481773,JUNC_17088,1,+,GT,AG,1.0,0.9999999,0.11547328531742096,0.5598551034927368
NC_003070.9,16509358,16509457,JUNC_14514,1,-,GT,AG,5.7706155e-09,9.900133e-09,0.02172643505036831,0.20682746171951294
NC_003070.9,16557807,16557975,JUNC_15832,1,-,GT,AG,0.9999101,0.99964046,0.0015051207737997174,0.48087015748023987
NC_003070.9,16558061,16558134,JUNC_15833,1,-,GT,AG,0.008639404,0.03970477,0.863008975982666,0.9877558946609497
NC_003070.9,16558367,16558491,JUNC_15834,1,-,GT,AG,7.696894e-05,0.00015580514,0.894836962223053,0.9647765755653381
NC_003070.9,16558602,16558757,JUNC_15835,1,-,GT,AG,4.5677566e-06,2.701452e-07,0.6436659693717957,0.9061655402183533
NC_003070.9,16582491,16582567,JUNC_9477,1,+,AT,CT,0.0016171715,0.00140717,0.5161843299865723,0.9234223961830139
NC_003070.9,16582590,16583289,JUNC_9478,1,+,GT,AG,0.99999714,0.99999845,0.9958207607269287,0.3802312910556793
NC_003070.9,16583478,16584253,JUNC_9479,1,+,GT,AG,0.9858431,0.9595984,0.005525663495063782,0.03664262592792511
NC_003070.9,16617231,16617611,JUNC_10575,1,+,GT,AG,0.75686735,0.69471365,0.8611424565315247,0.23249474167823792
NC_003070.9,16618837,16618921,JUNC_10576,1,+,GT,AG,0.86638814,0.75836533,0.4623570144176483,0.3629363179206848
NC_003070.9,16619041,16619193,JUNC_10577,1,+,GT,AG,0.99950397,0.99927086,0.9784704446792603,0.00036932030343450606
NC_003070.9,16619242,16619331,JUNC_10578,1,+,GT,AG,0.99999964,0.9999995,0.001871818327344954,0.2669955790042877
NC_003070.9,16619546,16619633,JUNC_10579,1,+,GT,AG,0.99972314,0.9996025,0.3615952730178833,0.21882234513759613
NC_003070.9,16619702,16619945,JUNC_10580,1,+,GT,AG,0.99709296,0.9976236,0.48143842816352844,0.009026636369526386
NC_003070.9,16620043,16620138,JUNC_10581,1,+,GT,AG,0.9995458,0.9996923,0.00651606684550643,0.02712244912981987
NC_003070.9,16620232,16620428,JUNC_10582,1,+,GT,AG,0.99999475,0.99998975,0.08238721638917923,0.03215418756008148
NC_003070.9,16620498,16620643,JUNC_10583,1,+,GT,AG,0.9997851,0.9997402,0.5184419751167297,0.12696781754493713
NC_003070.9,16622723,16622805,JUNC_18142,1,-,GT,AG,0.9693081,0.95977014,0.017325853928923607,0.9884443879127502
NC_003070.9,16622973,16623071,JUNC_18143,1,-,GT,AG,0.9999031,0.9996613,0.9919847846031189,0.0009458842105232179
NC_003070.9,16623272,16623367,JUNC_18144,1,-,GT,AG,0.9992835,0.9986355,0.0006935980054549873,0.0002527008473407477
NC_003070.9,16623497,16624251,JUNC_18145,1,-,GT,AG,0.9977264,0.99877244,0.0002207490906585008,1.5314434165247803e-07
NC_003070.9,16627805,16627919,JUNC_9118,1,+,GT,AG,0.99995697,0.9999093,0.02088514156639576,0.0004655306111089885
NC_003070.9,16628661,16628815,JUNC_13194,1,+,GT,AG,1.3437691e-08,1.8411153e-08,2.1819394078193e-06,0.04128112271428108
NC_003070.9,16628895,16628968,JUNC_13195,1,+,GT,AG,1.0,1.0,0.9583530426025391,0.9864038228988647
NC_003070.9,16629118,16629192,JUNC_13196,1,+,GT,AG,1.0,1.0,0.9796344637870789,0.9095011949539185
NC_003070.9,16629626,16629681,JUNC_13197,1,+,GT,AG,0.8898957,0.9765762,0.9922195672988892,0.9872685670852661
NC_003070.9,16629768,16629818,JUNC_13198,1,+,GT,AG,0.0012853227,0.004932358,0.9912031888961792,0.9911380410194397
NC_003070.9,16647069,16647156,JUNC_10183,1,+,GT,AG,0.9999926,0.9999858,0.0013825604692101479,0.9917357563972473
NC_003070.9,16647225,16647725,JUNC_10184,1,+,GT,AG,0.99999845,0.9999957,0.9566159248352051,0.03341108188033104
NC_003070.9,16647791,16647870,JUNC_10185,1,+,GT,AG,0.9987746,0.9976794,0.0011604621540755033,2.3409958771480888e-07
NC_003070.9,16647992,16648071,JUNC_10186,1,+,GT,AG,0.9999964,0.99999607,2.856128594430629e-05,0.2722545862197876
NC_003070.9,16648200,16648278,JUNC_10187,1,+,GT,AG,0.99986875,0.9998264,0.9593523740768433,4.399265526444651e-05
NC_003070.9,16654379,16654463,JUNC_14963,1,+,GT,AG,0.99807596,0.99436486,0.06129616126418114,0.7614086270332336
NC_003070.9,16654606,16654686,JUNC_14964,1,+,GT,AG,0.99997425,0.99997246,0.6557353734970093,0.06009812280535698
NC_003070.9,16654785,16654869,JUNC_14965,1,+,GT,AG,0.99997866,0.9999765,0.5274839401245117,0.9833653569221497
NC_003070.9,16655028,16655109,JUNC_14966,1,+,GT,AG,1.0,0.9999999,0.29675546288490295,0.3090309798717499
NC_003070.9,16655196,16655295,JUNC_14967,1,+,GT,AG,0.9999702,0.9999529,0.97507643699646,0.07517552375793457
NC_003070.9,16655387,16655472,JUNC_14968,1,+,GT,AG,0.9977607,0.99332774,0.8462203145027161,0.9831720590591431
NC_003070.9,16655544,16655681,JUNC_14969,1,+,GT,AG,0.8316292,0.6443058,0.8826830983161926,0.30209091305732727
NC_003070.9,16672618,16672693,JUNC_10101,1,-,GT,AG,0.34805903,0.29506186,0.7452029585838318,0.007231971714645624
NC_003070.9,16672775,16672867,JUNC_10102,1,-,GT,AG,0.99995756,0.99985874,0.7755564451217651,0.9780266284942627
NC_003070.9,16672952,16673032,JUNC_10103,1,-,TT,AG,0.28657994,0.5581004,0.11247595399618149,0.038524895906448364
NC_003070.9,16673176,16673272,JUNC_10104,1,-,GT,AG,0.9999999,0.9999999,0.17350350320339203,0.6140832304954529
NC_003070.9,16673329,16673428,JUNC_10105,1,-,GT,AG,0.9999994,0.99999774,0.9306086897850037,0.5981404781341553
NC_003070.9,16673524,16673707,JUNC_10106,1,-,GT,AG,0.9998797,0.9999443,0.021381355822086334,0.07989909499883652
NC_003070.9,16673826,16673903,JUNC_10107,1,-,GT,AG,0.9995746,0.9995666,0.5967555046081543,0.3403981029987335
NC_003070.9,16760955,16761238,JUNC_16205,1,-,GT,AG,0.9928596,0.99099475,0.8983005285263062,0.9923492670059204
NC_003070.9,16761563,16761932,JUNC_16206,1,-,GT,AG,0.99998236,0.9999651,0.9861387610435486,0.9694736003875732
NC_003070.9,16782868,16783003,JUNC_3014,1,-,GT,AG,0.7874568,0.8776337,0.0019917578902095556,2.1018639017711394e-05
NC_003070.9,16783197,16783690,JUNC_3950,1,-,GT,AG,0.29073125,0.34099808,1.7914955606102012e-05,0.9344297647476196
NC_003070.9,16783921,16784147,JUNC_3951,1,-,GT,AG,0.8257641,0.6749639,0.0006484901532530785,8.839875590638258e-06
NC_003070.9,16796797,16796882,JUNC_978,1,-,GT,AG,0.9999943,0.99998987,0.005721088033169508,0.0015992405824363232
NC_003070.9,16797032,16797111,JUNC_979,1,-,GT,AG,1.0,1.0,0.0007254730444401503,0.07307378202676773
NC_003070.9,16797202,16797273,JUNC_980,1,-,GT,AG,0.99999666,0.999995,0.002421524841338396,0.2160509079694748
NC_003070.9,16797446,16797518,JUNC_981,1,-,GT,AG,1.0,1.0,0.06671921908855438,0.003882631426677108
NC_003070.9,16797623,16797714,JUNC_982,1,-,GT,AG,0.99999213,0.9999919,0.02258075773715973,0.014323657378554344
NC_003070.9,16797830,16797904,JUNC_983,1,-,GT,AG,0.99999356,0.99999607,0.04483683779835701,0.5617977380752563
NC_003070.9,16798111,16798196,JUNC_984,1,-,GT,AG,0.9999789,0.99998474,0.6819058656692505,0.06968273967504501
NC_003070.9,16798293,16798370,JUNC_985,1,-,GT,AG,0.99999595,0.9999937,0.9984126091003418,0.9986178874969482
NC_003070.9,16798439,16798550,JUNC_9804,1,-,GT,AG,0.99451184,0.9973398,0.9587962627410889,0.9960694313049316
NC_003070.9,16808322,16808414,JUNC_16119,1,-,GT,AG,0.6757147,0.4929648,3.776177254621871e-05,5.766939352724876e-07
NC_003070.9,16808654,16809114,JUNC_16120,1,-,GT,AG,0.9999994,0.99999857,0.44447192549705505,0.6528007388114929
NC_003070.9,16809252,16809567,JUNC_16121,1,-,GT,AG,1.0,1.0,0.9880867004394531,0.9983360171318054
NC_003070.9,16835117,16835870,JUNC_3234,1,-,GT,AG,0.9994802,0.99874467,0.9965768456459045,0.5761317014694214
NC_003070.9,16835999,16836074,JUNC_3235,1,-,GT,AG,0.9999958,0.999977,0.05205735191702843,0.12926915287971497
NC_003070.9,16836374,16836938,JUNC_3236,1,-,GT,AG,0.9999975,0.99999785,0.029930833727121353,0.007877352647483349
NC_003070.9,16837064,16837730,JUNC_3237,1,-,GT,AG,1.0,0.9999999,0.7358207106590271,0.6452984809875488
NC_003070.9,16848828,16848911,JUNC_8228,1,-,GT,AG,0.9995115,0.999297,0.8974162340164185,0.9311157464981079
NC_003070.9,16849206,16849282,JUNC_10343,1,-,GT,AG,0.008193596,0.0060771983,0.06273601949214935,0.7569200992584229
NC_003070.9,16849395,16849483,JUNC_8229,1,-,GT,AG,0.022445934,0.04571436,0.053382232785224915,0.0004190088948234916
NC_003070.9,16849668,16849743,JUNC_8230,1,-,GT,AG,0.9997818,0.9997389,0.9980443716049194,0.9637640118598938
NC_003070.9,16849891,16849973,JUNC_8231,1,-,GT,AG,0.99999845,0.99999774,6.134032864979488e-11,4.3052439391289e-10
NC_003070.9,16850249,16850327,JUNC_8232,1,-,GT,AG,0.98697656,0.98375005,0.9993565678596497,0.004650838673114777
NC_003070.9,16850432,16850700,JUNC_8233,1,-,GT,AG,0.9982046,0.99758625,0.8691338896751404,0.9965183734893799
NC_003070.9,16850937,16851065,JUNC_8234,1,-,GT,AG,0.9953609,0.9921285,0.6670011878013611,0.00011356590403011069
NC_003070.9,16852669,16852772,JUNC_8413,1,-,GT,AG,0.9969664,0.9973193,0.6039612889289856,0.9347048997879028
NC_003070.9,16852878,16852977,JUNC_8414,1,-,GT,AG,5.5602675e-07,1.059415e-06,0.05297790840268135,0.6365009546279907
NC_003070.9,16853085,16853199,JUNC_8415,1,-,GT,AG,0.0036369697,0.002099823,0.025355763733386993,0.9646915197372437
NC_003070.9,16895327,16895872,JUNC_1572,1,+,GT,AG,0.9910567,0.9968509,0.00146961968857795,0.943015992641449
NC_003070.9,16907915,16907994,JUNC_2071,1,-,GT,AG,0.9916932,0.9815119,0.007034945767372847,0.00257978867739439
NC_003070.9,16908103,16908528,JUNC_2072,1,-,GT,AG,0.99914527,0.9991922,0.9902672171592712,0.523165225982666
NC_003070.9,16908556,16908654,JUNC_2073,1,-,GT,AG,0.999648,0.99962413,0.00045679789036512375,1.6132844393723644e-05
NC_003070.9,16908863,16908942,JUNC_2074,1,-,GT,AG,0.012277185,0.0062059574,2.116740461133304e-06,0.0019486697856336832
NC_003070.9,16909060,16909142,JUNC_2075,1,-,GT,AG,0.98379415,0.978908,0.006728379055857658,3.3172170788020594e-07
NC_003070.9,16909880,16910089,JUNC_5041,1,+,GT,AG,0.9997954,0.9999149,0.006255674175918102,0.23523889482021332
NC_003070.9,16910195,16910286,JUNC_5042,1,+,GT,AG,0.9999988,0.99999404,0.0005338098271749914,0.001598347444087267
NC_003070.9,16910537,16910627,JUNC_5043,1,+,GT,AG,1.0,1.0,0.0009439708665013313,0.0024333614856004715
NC_003070.9,16910733,16910814,JUNC_5044,1,+,GT,AG,1.0,1.0,0.0011629584478214383,0.00018306805577594787
NC_003070.9,16911132,16911209,JUNC_5045,1,+,GT,AG,0.9999889,0.9999902,0.0017565995221957564,0.8676644563674927
NC_003070.9,16911289,16911377,JUNC_5046,1,+,GT,AG,0.99999976,0.99999976,0.01030360721051693,0.8891319632530212
NC_003070.9,16911502,16911706,JUNC_5047,1,+,GT,AG,1.0,1.0,0.0007147599826566875,0.001912708394229412
NC_003070.9,16911952,16912028,JUNC_5048,1,+,GT,AG,0.9999956,0.9999895,0.028393708169460297,0.2022719532251358
NC_003070.9,16927190,16927266,JUNC_8586,1,+,GT,AG,1.0,1.0,0.17611970007419586,0.0011740281479433179
NC_003070.9,16927404,16927927,JUNC_8587,1,+,GT,AG,1.0,1.0,5.7234025518937415e-08,0.0001550058659631759
NC_003070.9,16928167,16928255,JUNC_8588,1,+,GT,AG,0.99995553,0.99981505,0.9391562938690186,0.02852565236389637
NC_003070.9,16939947,16940294,JUNC_18056,1,+,GT,AG,0.9998604,0.9998977,0.8726502656936646,0.26744329929351807
NC_003070.9,16940354,16940452,JUNC_18057,1,+,GT,AG,1.0,1.0,8.39053827803582e-05,0.002774112392216921
NC_003070.9,16940506,16940601,JUNC_18058,1,+,GT,AG,0.9999989,0.99999523,0.9796885848045349,0.9976168870925903
NC_003070.9,16940662,16940791,JUNC_18059,1,+,GT,AG,0.99999857,0.99999607,0.3765183687210083,0.09168539196252823
NC_003070.9,16940868,16941157,JUNC_18060,1,+,GT,AG,0.9997015,0.9997241,0.050908055156469345,0.2143726497888565
NC_003070.9,16941207,16941310,JUNC_18061,1,+,GT,AG,0.9996105,0.9994316,0.0033107001800090075,0.023866824805736542
NC_003070.9,16941393,16941493,JUNC_18062,1,+,GT,AG,0.99442816,0.98931235,0.0997081995010376,0.0007041463977657259
NC_003070.9,16941564,16941651,JUNC_18063,1,+,GC,AG,0.9999056,0.9998252,0.00026519058155827224,0.009980655275285244
NC_003070.9,16941805,16941901,JUNC_18064,1,+,GT,AG,0.99994135,0.99993646,0.050534386187791824,0.37534037232398987
NC_003070.9,16942032,16942105,JUNC_18065,1,+,GT,AG,0.10725732,0.21113893,0.5673916935920715,0.9895692467689514
NC_003070.9,16942180,16942265,JUNC_18066,1,+,GT,AG,0.98309165,0.97749925,2.5653545776549436e-07,0.00010866080992855132
NC_003070.9,16947881,16949258,JUNC_14763,1,-,GT,AG,0.9661714,0.85994846,3.341865806305577e-08,5.605345450021559e-07
NC_003070.9,16952308,16952401,JUNC_3266,1,-,GT,AG,0.99832493,0.99635047,6.179890988278203e-06,2.752149612206267e-06
NC_003070.9,16952852,16953117,JUNC_13241,1,+,GT,AG,0.00042360232,0.00047266693,0.9917234778404236,0.9952539205551147
NC_003070.9,16994170,16994473,JUNC_10918,1,+,GT,AG,0.00011975067,0.00014747265,0.00040416198316961527,1.6156375295395264e-06
NC_003070.9,16994185,16994473,JUNC_10706,1,+,GT,AG,0.00044804302,0.0015040253,0.9950740933418274,0.02352810464799404
NC_003070.9,16994495,16994836,JUNC_10707,1,+,GT,AG,0.9198224,0.7055941,0.00598520552739501,0.001522180624306202
NC_003070.9,17004521,17004646,JUNC_13405,1,-,GT,AG,0.9999999,0.99999964,0.012390512973070145,0.10717599093914032
NC_003070.9,17004911,17005504,JUNC_13406,1,-,GT,AG,0.9996431,0.9998907,0.4722001254558563,0.18986459076404572
NC_003070.9,17005648,17005857,JUNC_13407,1,-,GT,AG,1.5732851e-07,1.9748745e-06,0.0003834387462120503,2.149507236026693e-05
NC_003070.9,17021764,17022042,JUNC_9653,1,+,GT,AG,6.6132093e-06,0.00023423934,0.8165507316589355,0.45356178283691406
NC_003070.9,17022126,17022221,JUNC_9654,1,+,GT,AG,0.9999987,0.9999993,2.6461171728442423e-05,0.27485010027885437
NC_003070.9,17022388,17022497,JUNC_9655,1,+,GT,AG,0.9992872,0.9991443,0.0001964894327102229,0.0006739491946063936
NC_003070.9,17075533,17076169,JUNC_16713,1,-,GT,AG,0.99944323,0.9995241,0.013917705044150352,0.002296744380146265
NC_003070.9,17083912,17084039,JUNC_10411,1,-,GT,AG,0.98485434,0.99160486,0.002772078849375248,0.00016153436445165426
NC_003070.9,17084114,17084213,JUNC_10412,1,-,GT,AG,0.9999999,0.9999999,0.997920572757721,0.012368659488856792
NC_003070.9,17084342,17084553,JUNC_10413,1,-,GT,AG,1.0,1.0,0.0032025424297899008,0.006136642768979073
NC_003070.9,17084610,17084732,JUNC_10414,1,-,GT,AG,0.9999795,0.9999919,0.0005391169688664377,9.887118358165026e-05
NC_003070.9,17084784,17085064,JUNC_10415,1,-,GT,AG,0.9999964,0.99999666,0.7986711263656616,0.7751339673995972
NC_003070.9,17085153,17085563,JUNC_10416,1,-,GT,AG,0.99999964,0.99999964,0.03371160477399826,0.4901495575904846
NC_003070.9,17085649,17085725,JUNC_10417,1,-,GT,AG,0.99998593,0.99998045,0.8592239618301392,0.6172546744346619
NC_003070.9,17085918,17086184,JUNC_10418,1,-,GT,AG,0.99995553,0.999977,0.0029705583583563566,0.014273594133555889
NC_003070.9,17086277,17086354,JUNC_10419,1,-,GT,AG,0.99999845,0.9999912,0.23092399537563324,0.0027571646496653557
NC_003070.9,17086495,17086572,JUNC_10420,1,-,GT,AG,0.9994081,0.9982261,0.20131680369377136,0.07183593511581421
NC_003070.9,17086665,17087043,JUNC_10421,1,-,GT,AG,0.99999976,0.99999976,0.0006399216363206506,0.772174060344696
NC_003070.9,17087269,17087345,JUNC_10422,1,-,GT,AG,0.9999813,0.99997234,0.00672710919752717,3.203732194378972e-05
NC_003070.9,17087518,17087985,JUNC_10423,1,-,GT,AG,0.99999833,0.99999595,0.0795639380812645,0.00046832545194774866
NC_003070.9,17089200,17089432,JUNC_10424,1,-,GT,AG,0.99999964,0.99999857,0.23307470977306366,0.013752912171185017
NC_003070.9,17089609,17089689,JUNC_10425,1,-,GT,AG,0.9999975,0.9999937,0.030295617878437042,0.23557724058628082
NC_003070.9,17089790,17090072,JUNC_10426,1,-,GT,AG,0.9999968,0.9999964,0.19890491664409637,0.001768684247508645
NC_003070.9,17096313,17097000,JUNC_13135,1,-,GT,AG,1.0,1.0,0.9939817786216736,0.9934816360473633
NC_003070.9,17097075,17097213,JUNC_13136,1,-,GT,AG,0.9995689,0.9999329,0.014470105990767479,0.9927195310592651
NC_003070.9,17097360,17097709,JUNC_13137,1,-,GT,AG,1.0,1.0,3.148007635900285e-06,2.2233329843857064e-07
NC_003070.9,17098856,17099257,JUNC_14124,1,+,GT,AG,0.9877864,0.9925007,4.703678769146791e-06,5.698872200810001e-07
NC_003070.9,17100831,17100976,JUNC_14125,1,+,GT,AG,0.99979013,0.9996892,0.00021117727737873793,9.329768545285333e-06
NC_003070.9,17101027,17101108,JUNC_14126,1,+,GT,AG,0.99999785,0.9999908,3.956803266191855e-05,0.059135954827070236
NC_003070.9,17101207,17101275,JUNC_14127,1,+,GT,AG,1.0,1.0,0.013038385659456253,0.00031172792660072446
NC_003070.9,17101416,17101533,JUNC_14128,1,+,GT,AG,0.99893385,0.99799156,0.15102989971637726,0.05392539128661156
NC_003070.9,17116187,17116256,JUNC_15084,1,+,GT,AG,0.99998426,0.99996674,0.0016958094201982021,1.5293417163775302e-05
NC_003070.9,17148114,17148380,JUNC_17835,1,-,GC,AG,0.99783,0.99692035,0.39762401580810547,0.45151424407958984
NC_003070.9,17148504,17148594,JUNC_17836,1,-,GT,AG,0.99714524,0.9977155,0.0009287075372412801,0.6920517683029175
NC_003070.9,17148689,17148759,JUNC_17837,1,-,GT,AG,0.99993396,0.99985754,0.9993174076080322,0.01834885962307453
NC_003070.9,17148895,17149046,JUNC_17838,1,-,GT,AG,0.99999833,0.99999917,0.9998759031295776,0.9995424747467041
NC_003070.9,17149278,17149369,JUNC_17839,1,-,GT,AG,0.9998016,0.9996045,0.9991626739501953,0.9995912909507751
NC_003070.9,17149533,17149978,JUNC_17840,1,-,GT,AG,1.0,1.0,0.7934150695800781,0.9749284386634827
NC_003070.9,17150100,17150211,JUNC_17841,1,-,GT,AG,0.9999989,0.99999607,0.7395418286323547,0.7311269640922546
NC_003070.9,17150628,17150702,JUNC_17842,1,-,GT,AG,0.9999759,0.99988616,0.6837865710258484,0.78944993019104
NC_003070.9,17150767,17150866,JUNC_17843,1,-,GT,AG,0.99999297,0.9999845,0.8507272601127625,0.823622465133667
NC_003070.9,17150900,17150977,JUNC_17844,1,-,GT,AG,0.9993111,0.99930406,0.9757192730903625,0.9323202967643738
NC_003070.9,17151017,17151102,JUNC_17845,1,-,GT,AG,0.9951847,0.99045336,0.9517678022384644,0.981444239616394
NC_003070.9,17153438,17153612,JUNC_16814,1,+,GT,AG,0.99982256,0.999796,0.9706786870956421,0.9924858808517456
NC_003070.9,17153949,17154040,JUNC_16815,1,+,GT,AG,0.999918,0.9999305,0.8892329931259155,0.9736137986183167
NC_003070.9,17154333,17154416,JUNC_16816,1,+,GT,AG,0.99924517,0.99231136,0.06647789478302002,0.0003167379763908684
NC_003070.9,17163276,17163345,JUNC_8244,1,-,GT,AG,0.99990463,0.99977714,0.027332734316587448,0.9581079483032227
NC_003070.9,17163276,17163534,JUNC_14407,1,-,GT,AG,0.99999046,0.9999869,0.9436478018760681,0.7902323007583618
NC_003070.9,17163399,17163534,JUNC_8245,1,-,GT,AG,0.50997084,0.7140331,0.002387996530160308,0.0005825896514579654
NC_003070.9,17163683,17163780,JUNC_8246,1,-,GT,AG,0.9999999,0.9999999,0.3837703466415405,0.7165603041648865
NC_003070.9,17163876,17164196,JUNC_8247,1,-,GT,AG,1.0,1.0,0.5670596361160278,0.0001760359009495005
NC_003070.9,17164250,17164615,JUNC_8248,1,-,GT,AG,0.99657756,0.9993655,0.007371749263256788,3.0945819162297994e-05
NC_003070.9,17164250,17164670,JUNC_14408,1,-,GT,AG,0.9804304,0.9756442,0.13626064360141754,0.03932004049420357
NC_003070.9,17165494,17165600,JUNC_14757,1,-,GT,AG,0.99006104,0.9181577,0.1989114135503769,0.9773939847946167
NC_003070.9,17165630,17165710,JUNC_14758,1,-,GT,AG,0.9999999,0.99999964,0.01651446893811226,0.05181041359901428
NC_003070.9,17165782,17166036,JUNC_17275,1,-,GT,AG,0.99740076,0.99609524,0.5155825614929199,0.7977492809295654
NC_003070.9,17165782,17166341,JUNC_14759,1,-,GT,AG,0.9999902,0.9999896,0.236347496509552,8.653813665659982e-09
NC_003070.9,17166069,17166341,JUNC_1026,1,-,GT,AG,0.90667903,0.78509355,0.0015783675480633974,0.2752463221549988
NC_003070.9,17167451,17167772,JUNC_1027,1,-,GT,AG,0.9005926,0.80242854,0.27579259872436523,0.2009803205728531
NC_003070.9,17170046,17170336,JUNC_16267,1,-,GT,AG,0.004311982,0.0042536,0.3450160324573517,0.020296582952141762
NC_003070.9,17170050,17170340,JUNC_16915,1,-,GT,AG,0.99998534,0.99998796,2.5294832084910013e-05,2.4652026695548557e-05
NC_003070.9,17170455,17171013,JUNC_16268,1,-,GT,AG,1.0,1.0,0.24659492075443268,0.9621671438217163
NC_003070.9,17177874,17177976,JUNC_14220,1,+,GT,AG,0.9897288,0.9929536,0.9647766947746277,0.4781350791454315
NC_003070.9,17179537,17179609,JUNC_3004,1,+,GT,AG,0.99615914,0.9951662,0.4768010377883911,0.2360118180513382
NC_003070.9,17179742,17179827,JUNC_3005,1,+,GT,AG,0.46091178,0.29160175,0.012558224610984325,0.07577298581600189
NC_003070.9,17179940,17180020,JUNC_3006,1,+,GT,AG,0.9999579,0.99992764,0.0028719876427203417,0.0014847327256575227
NC_003070.9,17180217,17180296,JUNC_3007,1,+,GT,AG,0.99950397,0.9996149,0.008637331426143646,1.9450392301223474e-06
NC_003070.9,17182315,17182399,JUNC_783,1,-,GT,AG,1.0,0.9999999,0.0001605303114047274,0.01161575224250555
NC_003070.9,17182984,17183114,JUNC_10214,1,-,GT,AG,0.99547595,0.9962674,0.04034974053502083,3.3957836421905085e-05
NC_003070.9,17191990,17192206,JUNC_14943,1,+,GT,AG,0.99986446,0.99993575,0.8843522071838379,0.947482705116272
NC_003070.9,17192392,17192516,JUNC_14944,1,+,GT,AG,0.9999542,0.99983615,0.9734573364257812,0.001478363061323762
NC_003070.9,17237491,17237710,JUNC_3883,1,-,GT,AG,0.98946863,0.99477535,0.42925146222114563,0.7094799280166626
NC_003070.9,17301377,17301458,JUNC_13919,1,+,GT,AG,0.99999976,0.99999833,0.3778301477432251,0.011252019554376602
NC_003070.9,17301691,17301775,JUNC_13920,1,+,GT,AG,0.9999989,0.99999833,0.13979868590831757,0.0015249084681272507
NC_003070.9,17301928,17302013,JUNC_13921,1,+,GT,AG,0.99999905,0.9999975,0.0028279991820454597,0.00016241947014350444
NC_003070.9,17302197,17302295,JUNC_13922,1,+,GT,AG,0.99657094,0.9977404,0.8988137245178223,1.3828898772771936e-05
NC_003070.9,17302430,17302512,JUNC_13923,1,+,GT,AG,0.9929201,0.99168843,0.6956911087036133,0.4210599660873413
NC_003070.9,17309273,17309488,JUNC_5100,1,-,GT,AG,0.99998605,0.99998856,0.06832137703895569,0.8744852542877197
NC_003070.9,17310141,17310229,JUNC_5101,1,-,GT,AG,0.9996767,0.99961704,0.3788040578365326,0.37007904052734375
NC_003070.9,17310366,17310736,JUNC_5102,1,-,GT,AG,0.24507299,0.59546185,0.00015099378651939332,2.1774390290829615e-07
NC_003070.9,17326848,17327042,JUNC_10586,1,+,GT,AG,0.97534174,0.960296,9.508737093710806e-06,0.0006233251770026982
NC_003070.9,17327086,17327160,JUNC_10587,1,+,GT,AG,0.9992592,0.9982799,0.03882540762424469,0.01089788693934679
NC_003070.9,17327488,17327562,JUNC_10588,1,+,GT,AG,0.9994795,0.99868625,0.2539338171482086,0.0002027937734965235
NC_003070.9,17327650,17327731,JUNC_10589,1,+,GT,AG,0.9851757,0.95108706,0.012947872281074524,0.867527186870575
NC_003070.9,17327864,17327939,JUNC_10590,1,+,GT,AG,0.88727355,0.85720235,0.9737952351570129,0.826130211353302
NC_003070.9,17330916,17331364,JUNC_8209,1,+,GT,AG,0.9994605,0.99948186,0.22376880049705505,0.6057719588279724
NC_003070.9,17331553,17331654,JUNC_8210,1,+,GT,AG,0.99895054,0.9944823,0.9805794358253479,0.011492658406496048
NC_003070.9,17335975,17336104,JUNC_4973,1,+,GT,AG,0.9594934,0.9380812,0.04528958722949028,0.0014349347911775112
NC_003070.9,17336364,17336440,JUNC_4974,1,+,GT,AG,0.9839212,0.99255264,0.017922647297382355,0.015838822349905968
NC_003070.9,17336530,17336622,JUNC_4975,1,+,GT,AG,0.96143246,0.9039118,0.011502362787723541,0.0014773810980841517
NC_003070.9,17336756,17336856,JUNC_4976,1,+,GT,AG,0.014108976,0.00846716,0.15587687492370605,0.00010550441947998479
NC_003070.9,17337027,17337356,JUNC_4977,1,+,GT,AG,0.9999703,0.9999107,4.0009170334087685e-05,0.27262184023857117
NC_003070.9,17337482,17337971,JUNC_4978,1,+,GT,AG,0.999866,0.9998925,0.005076425150036812,6.811563798692077e-05
NC_003070.9,17338051,17338155,JUNC_4979,1,+,GT,AG,0.9994685,0.99940324,0.10741112381219864,0.01699882373213768
NC_003070.9,17338354,17338455,JUNC_4980,1,+,GT,AG,0.81953305,0.8446862,0.6619746088981628,0.6553194522857666
NC_003070.9,17338522,17338821,JUNC_4981,1,+,GT,AG,0.00031960986,0.0005545728,0.6251135468482971,0.9372153878211975
NC_003070.9,17343207,17343277,JUNC_3326,1,+,GT,AG,0.99963653,0.99949265,0.45607200264930725,0.8171511292457581
NC_003070.9,17343595,17343874,JUNC_3327,1,+,GT,AG,0.9997121,0.9985049,0.6780473589897156,0.018573977053165436
NC_003070.9,17349150,17349253,JUNC_15941,1,+,GT,AG,6.230068e-05,0.0001702885,0.7380322813987732,0.21346412599086761
NC_003070.9,17349493,17349675,JUNC_15942,1,+,GT,AG,4.2258103e-10,2.097891e-10,0.14556217193603516,0.7872553467750549
NC_003070.9,17355429,17356107,JUNC_15054,1,-,GT,AG,0.058763463,0.06509416,0.09946789592504501,3.649058271548711e-05
NC_003070.9,17355429,17356421,JUNC_8953,1,-,GT,AG,0.99970007,0.9997205,0.502167284488678,0.9950436353683472
NC_003070.9,17359573,17360024,JUNC_9079,1,-,GT,AG,0.86991227,0.77210534,0.23078207671642303,0.06691603362560272
NC_003070.9,17360093,17360331,JUNC_9080,1,-,GT,AG,0.9999999,0.99999976,0.94075608253479,0.009465239942073822
NC_003070.9,17394964,17395085,JUNC_9993,1,+,GT,AG,0.9999982,0.999998,0.0025001305621117353,0.04908348247408867
NC_003070.9,17395830,17396133,JUNC_9602,1,-,GT,AG,0.99999857,0.99999905,0.3031080365180969,0.0002868718293029815
NC_003070.9,17396319,17396396,JUNC_9603,1,-,GT,AG,1.0,0.9999999,0.012535752728581429,9.11912793526426e-05
NC_003070.9,17396707,17396814,JUNC_9604,1,-,GT,AG,0.99983686,0.99952173,0.9400205612182617,0.5592436790466309
NC_003070.9,17396919,17397061,JUNC_9605,1,-,GT,AG,0.99999475,0.99999595,0.7818729877471924,0.00037985967355780303
NC_003070.9,17433065,17433290,JUNC_8198,1,+,GT,AG,0.7258229,0.4136744,0.004590698517858982,0.7087138891220093
NC_003070.9,17433768,17433882,JUNC_8199,1,+,GT,AG,0.9952924,0.98993915,0.8948510885238647,0.01613001711666584
NC_003070.9,17433941,17434024,JUNC_14106,1,+,GT,AG,0.68739784,0.5602954,0.8754734396934509,0.6218706965446472
NC_003070.9,17434155,17434238,JUNC_8200,1,+,GT,AG,1.0,1.0,0.0009476810810156167,0.9975374937057495
NC_003070.9,17434335,17434649,JUNC_8201,1,+,GT,AG,1.0,1.0,0.5765548348426819,0.9779067039489746
NC_003070.9,17437053,17437145,JUNC_4025,1,-,GT,AG,0.05272772,0.055532932,0.0025274765212088823,0.20826952159404755
NC_003070.9,17437271,17437493,JUNC_4026,1,-,GT,AG,0.99989045,0.9998677,0.9952321648597717,0.007498528808355331
NC_003070.9,17437570,17437728,JUNC_4027,1,-,GT,AG,0.9999999,0.99999976,0.961671769618988,0.889385998249054
NC_003070.9,17437859,17437969,JUNC_4028,1,-,GT,AG,0.99371946,0.9948197,0.8778807520866394,0.9836252331733704
NC_003070.9,17438123,17438252,JUNC_15052,1,-,GT,AG,0.99999964,0.9999995,0.01149811316281557,0.778302788734436
NC_003070.9,17455937,17456085,JUNC_9820,1,-,GT,AG,0.078995146,0.06494926,0.9139294028282166,0.08488986641168594
NC_003070.9,17457345,17458135,JUNC_15853,1,+,GT,AG,0.99924994,0.9993031,0.9589744806289673,0.5131381154060364
NC_003070.9,17458206,17458376,JUNC_15854,1,+,GT,AG,0.9999937,0.9999957,0.7749037146568298,0.861117422580719
NC_003070.9,17458457,17458614,JUNC_15855,1,+,GT,AG,0.9988937,0.9962681,0.0008813015301711857,0.00018057849956676364
NC_003070.9,17458682,17458806,JUNC_15856,1,+,GT,AG,0.99974436,0.99942684,0.0006732572219334543,0.6780810356140137
NC_003070.9,17458909,17459083,JUNC_15857,1,+,GT,AG,0.999998,0.9999982,0.0399777926504612,0.025900844484567642
NC_003070.9,17459232,17459644,JUNC_15858,1,+,GT,AG,1.0,0.9999999,0.015385664068162441,0.8956063985824585
NC_003070.9,17459762,17459870,JUNC_15859,1,+,GT,AG,0.9999999,0.9999999,0.4454030692577362,0.1260364055633545
NC_003070.9,17459975,17460255,JUNC_15860,1,+,GT,AG,0.9999968,0.9999957,0.4250820279121399,0.001092364196665585
NC_003070.9,17460357,17460431,JUNC_15861,1,+,GT,AG,0.9999851,0.9999207,0.0077378456480801105,0.32600533962249756
NC_003070.9,17460569,17460747,JUNC_15862,1,+,GT,AG,1.0,0.9999995,0.0514281690120697,0.004205341916531324
NC_003070.9,17460876,17460958,JUNC_15863,1,+,GT,AG,0.9999994,0.99999917,0.1080324575304985,0.00042845230200327933
NC_003070.9,17461039,17461118,JUNC_15864,1,+,GT,AG,0.9962429,0.99799466,1.1849195971080917e-06,0.006691614165902138
NC_003070.9,17461193,17461372,JUNC_15865,1,+,GT,AG,0.9999999,0.9999999,0.006623388268053532,0.0023456609342247248
NC_003070.9,17461543,17461636,JUNC_15866,1,+,GT,AG,1.0,0.9999999,0.00217164633795619,0.026714682579040527
NC_003070.9,17461793,17461892,JUNC_15867,1,+,GT,AG,0.99999666,0.9999876,0.5614941716194153,4.973335308022797e-05
NC_003070.9,17461957,17462053,JUNC_15868,1,+,GT,AG,0.9999945,0.99999213,0.9761193990707397,0.7904818654060364
NC_003070.9,17462224,17462308,JUNC_15869,1,+,GT,AG,0.576694,0.34680587,0.8934347629547119,0.9746915698051453
NC_003070.9,17462388,17462536,JUNC_15870,1,+,GT,AG,0.9999049,0.9999254,0.0003587522660382092,0.7974725365638733
NC_003070.9,17462618,17462841,JUNC_15871,1,+,GT,AG,0.99976116,0.99992347,0.9638363718986511,0.00013843720080330968
NC_003070.9,17462939,17463027,JUNC_15872,1,+,GT,AG,0.99999917,0.99999917,0.000352164963260293,0.8635488152503967
NC_003070.9,17463136,17463256,JUNC_15873,1,+,GT,AG,1.0,1.0,0.0007279944838955998,4.4607382733374834e-05
NC_003070.9,17463325,17463448,JUNC_15874,1,+,GT,AG,0.99880636,0.9994423,0.853908360004425,2.3048189177643508e-05
NC_003070.9,17463514,17463598,JUNC_15875,1,+,GT,AG,0.99999714,0.99999654,0.9992768168449402,4.607612936524674e-06
NC_003070.9,17463688,17463785,JUNC_15876,1,+,GT,AG,0.9845295,0.97879684,0.1590297967195511,0.20447543263435364
NC_003070.9,17478991,17479130,JUNC_5621,1,+,GT,AG,0.9465089,0.9450681,0.969636082649231,0.9632106423377991
NC_003070.9,17479281,17479626,JUNC_5622,1,+,GT,AG,0.9999739,0.99996054,0.5435463786125183,0.5412652492523193
NC_003070.9,17479724,17479894,JUNC_5623,1,+,GT,AG,0.997884,0.9974178,0.9553062319755554,0.002645970555022359
NC_003070.9,17479956,17480036,JUNC_5624,1,+,GT,AG,0.73099005,0.67391974,0.15442787110805511,0.929382860660553
NC_003070.9,17480128,17480220,JUNC_5625,1,+,GT,AG,0.8823331,0.74632424,0.8733155727386475,0.9885846972465515
NC_003070.9,17480344,17480494,JUNC_5626,1,+,GT,AG,0.99998605,0.9999752,0.996228814125061,0.958598256111145
NC_003070.9,17480581,17480805,JUNC_5627,1,+,GT,AG,0.52985966,0.4305226,0.9903032183647156,0.8165727853775024
NC_003070.9,17480896,17481590,JUNC_5628,1,+,GT,AG,0.53367335,0.6077278,0.07621397078037262,0.15645189583301544
NC_003070.9,17481698,17482096,JUNC_5629,1,+,GT,AG,0.9999335,0.9999496,0.032314106822013855,0.1171310767531395
NC_003070.9,17482197,17482512,JUNC_5630,1,+,GT,AG,0.99998367,0.9999529,0.15299834311008453,0.15352827310562134
NC_003070.9,17482578,17482646,JUNC_5631,1,+,GT,AG,0.9999993,0.99999964,0.9377419352531433,0.3809671998023987
NC_003070.9,17482734,17482890,JUNC_5632,1,+,GT,AG,0.9999087,0.9999386,0.8764729499816895,0.036884333938360214
NC_003070.9,17482951,17483030,JUNC_10118,1,+,GT,AG,0.9999969,0.99999285,0.6624058485031128,0.6594168543815613
NC_003070.9,17518657,17518741,JUNC_16518,1,-,GT,AG,0.99925774,0.99934417,0.1765272617340088,0.3219575583934784
NC_003070.9,17518857,17519124,JUNC_16519,1,-,GT,AG,0.9997065,0.9990576,0.9435450434684753,0.705169677734375
NC_003070.9,17519239,17519459,JUNC_16520,1,-,GT,AG,0.9999913,0.99998605,0.5837417840957642,0.021768828853964806
NC_003070.9,17519519,17519620,JUNC_16521,1,-,GT,AG,0.9986405,0.9981811,0.09284963458776474,5.9234804211882874e-05
NC_003070.9,17519690,17519921,JUNC_16522,1,-,GT,AG,0.9999999,0.99999976,0.0043246084824204445,0.880370557308197
NC_003070.9,17531978,17532145,JUNC_13294,1,+,GT,AG,0.05629429,0.02091068,0.014357738196849823,0.030530977994203568
NC_003070.9,17532269,17532776,JUNC_13295,1,+,GT,AG,0.87134886,0.89453423,0.1185978502035141,0.012065830640494823
NC_003070.9,17532878,17532986,JUNC_13296,1,+,GT,AG,0.17403033,0.4395463,0.634602963924408,0.10623171180486679
NC_003070.9,17533307,17533410,JUNC_13297,1,+,GT,AG,8.887807e-11,3.459282e-10,0.9579184651374817,0.09102527052164078
NC_003070.9,17533579,17534089,JUNC_13298,1,+,GT,AG,0.08763356,0.014636376,0.031737860292196274,0.9923853874206543
NC_003070.9,17534230,17534739,JUNC_13299,1,+,GT,AG,0.30082208,0.551013,0.6911163926124573,0.0015172825660556555
NC_003070.9,17534756,17534923,JUNC_13300,1,+,GT,AG,0.9999703,0.9999008,0.024577630683779716,0.025269916281104088
NC_003070.9,17558660,17559275,JUNC_13567,1,+,GT,AG,0.9999999,0.99999917,0.004334019031375647,0.010989637114107609
NC_003070.9,17575700,17575729,JUNC_10765,1,-,GT,AG,8.434492e-06,1.8177307e-05,0.5125588178634644,0.04123888164758682
NC_003070.9,17587042,17587277,JUNC_16740,1,+,GT,AG,0.9783286,0.9810388,0.0036764144897460938,1.853897629189305e-05
NC_003070.9,17587346,17587438,JUNC_16741,1,+,GT,AG,0.99664664,0.99591136,0.7430603504180908,0.9763258099555969
NC_003070.9,17587504,17587676,JUNC_16742,1,+,GT,AG,0.9999175,0.99984616,0.31944572925567627,0.0021090954542160034
NC_003070.9,17587721,17587820,JUNC_16743,1,+,GT,AG,0.9999608,0.9999852,0.10262276977300644,0.9110344052314758
NC_003070.9,17606662,17606728,JUNC_5072,1,+,GT,AG,0.24891993,0.35379598,0.26732465624809265,0.046889226883649826
NC_003070.9,17612014,17612094,JUNC_10683,1,+,GT,AG,0.993206,0.9942855,0.029947429895401,0.03592788428068161
NC_003070.9,17616569,17616647,JUNC_10316,1,-,GT,AG,0.99997246,0.9999516,0.27732959389686584,0.0727897584438324
NC_003070.9,17616729,17617184,JUNC_10317,1,-,GT,AG,0.9999422,0.99997306,0.07165315747261047,0.0054930588230490685
NC_003070.9,17617315,17617407,JUNC_10318,1,-,GT,AG,0.99994576,0.99996483,0.009701266884803772,0.0008693619747646153
NC_003070.9,17617503,17617577,JUNC_10319,1,-,GT,AG,0.99998486,0.99996626,0.002836227184161544,0.0009908115025609732
NC_003070.9,17617730,17617819,JUNC_10320,1,-,GT,AG,1.0,0.9999999,0.9643409252166748,0.9893418550491333
NC_003070.9,17617894,17617984,JUNC_10321,1,-,GT,AG,0.9995546,0.9994972,0.9984970092773438,0.006929816212505102
NC_003070.9,17618170,17618244,JUNC_10322,1,-,GT,AG,0.999829,0.9998673,0.005128484684973955,0.00030811812030151486
NC_003070.9,17618395,17618578,JUNC_10323,1,-,GT,AG,1.0,0.9999999,0.009614499285817146,0.9984604120254517
NC_003070.9,17647735,17648016,JUNC_12956,1,-,GT,AG,0.99996734,0.9999386,0.08978644758462906,0.0002462920092511922
NC_003070.9,17648077,17648157,JUNC_17394,1,-,GT,AG,0.99999976,0.9999995,0.0034705812577158213,0.17574608325958252
NC_003070.9,17650420,17650510,JUNC_12958,1,-,GT,AG,1.0,0.9999995,0.059635061770677567,0.010183803737163544
NC_003070.9,17650856,17650936,JUNC_12959,1,-,GT,AG,0.99987316,0.9996154,0.9211176037788391,0.8663492798805237
NC_003070.9,17663039,17663220,JUNC_17141,1,+,GT,AG,0.99998987,0.99998903,0.9687840342521667,0.9479416608810425
NC_003070.9,17663374,17663452,JUNC_17142,1,+,GT,AG,0.99567574,0.9734369,0.00575188547372818,0.9960780739784241
NC_003070.9,17717320,17717420,JUNC_14992,1,-,GT,AG,0.99827325,0.9975057,0.10616680979728699,0.058104466646909714
NC_003070.9,17718682,17718868,JUNC_9789,1,-,GT,AG,0.9999831,0.9999901,0.004027036018669605,0.5748432278633118
NC_003070.9,17723512,17723887,JUNC_7927,1,+,GT,AG,0.487126,0.3931622,2.2342519514495507e-05,0.0016947616823017597
NC_003070.9,17723980,17724058,JUNC_8169,1,+,GT,AG,0.9999832,0.99997413,0.6489807963371277,0.7048452496528625
NC_003070.9,17724110,17724248,JUNC_8170,1,+,GT,AG,0.99864,0.99957937,0.3848475515842438,0.9876391291618347
NC_003070.9,17724380,17724454,JUNC_7929,1,+,GT,AG,0.9984611,0.9962519,0.06368798762559891,0.09491065889596939
NC_003070.9,17724858,17725015,JUNC_7930,1,+,GT,AG,0.99999917,0.9999975,0.9523389339447021,0.11138187348842621
NC_003070.9,17725302,17725400,JUNC_7931,1,+,GT,AG,0.99999976,0.9999994,0.9763891100883484,0.9433735609054565
NC_003070.9,17725596,17725676,JUNC_7932,1,+,GT,AG,0.99999976,0.99999964,0.12629064917564392,0.9393296241760254
NC_003070.9,17725883,17725961,JUNC_7933,1,+,GT,AG,0.99999976,0.99999976,0.0006034683901816607,0.006345737725496292
NC_003070.9,17726129,17726211,JUNC_7934,1,+,GT,AG,0.9999995,0.9999988,0.4426093101501465,7.2802635258995e-05
NC_003070.9,17726505,17726586,JUNC_7935,1,+,GT,AG,0.99989235,0.9998579,0.0005956941749900579,0.19012655317783356
NC_003070.9,17726717,17726795,JUNC_7936,1,+,GT,AG,0.9158206,0.9072072,0.09587928652763367,0.17989005148410797
NC_003070.9,17730725,17730815,JUNC_5119,1,-,GT,AG,0.047180865,0.029557325,0.9756699204444885,0.6828620433807373
NC_003070.9,17730965,17731066,JUNC_5120,1,-,GT,AG,0.9987669,0.99644667,0.6432949304580688,0.9551846385002136
NC_003070.9,17782158,17783396,JUNC_15311,1,+,GT,AG,1.0,1.0,0.5358952879905701,0.8516479730606079
NC_003070.9,17783503,17783600,JUNC_15312,1,+,GT,AG,0.9999082,0.99990857,0.5788974165916443,0.004893014207482338
NC_003070.9,17783708,17783864,JUNC_15313,1,+,GT,AG,0.7251647,0.60601336,0.047714561223983765,0.9330026507377625
NC_003070.9,17788983,17789076,JUNC_16142,1,+,GT,AG,0.9973316,0.9994851,0.8880683183670044,0.17771324515342712
NC_003070.9,17789145,17789234,JUNC_16143,1,+,GT,AG,0.9999566,0.99997914,0.12239204347133636,9.119284368352965e-05
NC_003070.9,17789310,17789391,JUNC_16144,1,+,GT,AG,0.99869555,0.9979358,0.2569221556186676,0.0039845844730734825
NC_003070.9,17789456,17789557,JUNC_16145,1,+,GT,AG,0.9549082,0.95419824,0.0004913729499094188,0.0609431229531765
NC_003070.9,17790538,17790912,JUNC_151,1,+,GT,AG,0.9891406,0.9935055,0.000571501615922898,0.015665041282773018
NC_003070.9,17791013,17791088,JUNC_152,1,+,GT,AG,0.13124138,0.08346528,0.6930257678031921,0.57816082239151
NC_003070.9,17791126,17791236,JUNC_9191,1,+,GT,AG,0.00048794228,0.00093882607,0.02006426267325878,0.9984520673751831
NC_003070.9,17791303,17791510,JUNC_153,1,+,GT,AG,0.9999931,0.9999932,0.990279495716095,0.12330629676580429
NC_003070.9,17791670,17791755,JUNC_154,1,+,GT,AG,0.56364995,0.66210926,0.08327893167734146,0.011060922406613827
NC_003070.9,17791938,17792022,JUNC_155,1,+,GT,AG,0.33816773,0.13990697,0.1889067441225052,0.9948734641075134
NC_003070.9,17792492,17792524,JUNC_1814,1,-,GC,AG,3.123477e-05,1.598218e-05,0.9922540187835693,0.173729807138443
NC_003070.9,17792773,17792847,JUNC_16753,1,-,GT,AG,0.9999999,0.9999999,0.02427498623728752,0.016404256224632263
NC_003070.9,17793242,17793641,JUNC_1816,1,-,GT,AG,0.9999994,0.99999774,2.497020261671423e-07,5.3096358897164464e-05
NC_003070.9,17794621,17794731,JUNC_10427,1,-,GT,AG,8.647623e-07,1.1232488e-06,0.8812112808227539,0.3871646523475647
NC_003070.9,17794821,17794895,JUNC_10428,1,-,GT,AG,0.9883841,0.97575015,0.4479905068874359,0.7206329107284546
NC_003070.9,17795057,17795093,JUNC_10429,1,-,GT,AG,0.001436293,0.0019640895,0.90940922498703,0.007142198272049427
NC_003070.9,17798584,17799517,JUNC_15790,1,+,GT,AG,0.9981256,0.99831605,0.9986520409584045,0.3903633952140808
NC_003070.9,17799632,17799730,JUNC_15791,1,+,GT,AG,0.99999034,0.99998665,0.4834591746330261,0.9964388608932495
NC_003070.9,17799981,17800148,JUNC_15792,1,+,GT,AG,0.99999845,0.99999607,0.7428051233291626,0.39262655377388
NC_003070.9,17800275,17800393,JUNC_15793,1,+,GT,AG,0.9998579,0.9998586,0.9211034774780273,0.4825049936771393
NC_003070.9,17800667,17800907,JUNC_15794,1,+,GT,AG,0.99998355,0.9999883,0.6627892851829529,0.9940687417984009
NC_003070.9,17801040,17801360,JUNC_15795,1,+,GT,AG,0.99995506,0.9999672,0.9052364230155945,0.32087981700897217
NC_003070.9,17801447,17801660,JUNC_15796,1,+,GT,AG,0.9746655,0.90926903,0.2967183291912079,0.08645763248205185
NC_003070.9,17802944,17803044,JUNC_13277,1,+,GT,AG,0.99999547,0.99998426,0.07161910086870193,0.0008808216080069542
NC_003070.9,17803295,17803440,JUNC_13278,1,+,GT,AG,0.9999907,0.9999567,0.0016405496280640364,0.0004999300581403077
NC_003070.9,17803567,17803675,JUNC_13279,1,+,GT,AG,0.988912,0.9699472,0.6806291937828064,0.8432904481887817
NC_003070.9,17803952,17804061,JUNC_13280,1,+,GT,AG,0.99855787,0.9991793,0.00013259975821711123,0.0022253028582781553
NC_003070.9,17804194,17804460,JUNC_13281,1,+,GT,AG,0.9999896,0.9999914,0.0193304643034935,0.044579096138477325
NC_003070.9,17804547,17804744,JUNC_13282,1,+,GT,AG,0.22579709,0.26517326,0.0007066106190904975,0.004708427935838699
NC_003070.9,17809312,17809405,JUNC_16046,1,-,GT,AG,0.00015176946,0.00018499873,0.00452361861243844,0.6699753403663635
NC_003070.9,17809480,17809589,JUNC_16047,1,-,GT,AG,0.7190166,0.8699448,7.886027742642909e-05,0.0202670656144619
NC_003070.9,17809682,17809761,JUNC_16048,1,-,GT,AG,0.9999012,0.999894,0.017930595204234123,0.9979512095451355
NC_003070.9,17809818,17809894,JUNC_16049,1,-,GT,AG,1.0,1.0,0.07000510394573212,0.003265880048274994
NC_003070.9,17809974,17810368,JUNC_16050,1,-,GT,AG,1.0,1.0,0.9954284429550171,0.035982511937618256
NC_003070.9,17810469,17810617,JUNC_16051,1,-,GT,AG,0.9998896,0.9998952,0.000308196060359478,0.9760204553604126
NC_003070.9,17810655,17810965,JUNC_16052,1,-,GT,AG,0.9996971,0.99976987,0.003738583065569401,0.004952626768499613
NC_003070.9,17811059,17811285,JUNC_16053,1,-,GT,AG,1.0,1.0,0.982306182384491,2.5882955014822073e-05
NC_003070.9,17811378,17811579,JUNC_16054,1,-,GT,AG,0.9999918,0.99999714,0.7588353753089905,0.9674863815307617
NC_003070.9,17814288,17814370,JUNC_4405,1,-,GT,AG,0.9999577,0.99995553,0.9749147295951843,0.3462049663066864
NC_003070.9,17814508,17814614,JUNC_4406,1,-,GT,AG,0.99814546,0.9937646,0.9762442111968994,0.9256382584571838
NC_003070.9,17814731,17814823,JUNC_4407,1,-,GT,AG,1.0,1.0,0.09684069454669952,0.005348311271518469
NC_003070.9,17814943,17815035,JUNC_4408,1,-,GT,AG,0.9999933,0.99998665,3.5820128687191755e-05,0.013568220660090446
NC_003070.9,17815227,17815303,JUNC_4409,1,-,GT,AG,0.6571794,0.44027832,0.09146422147750854,0.0012145497603341937
NC_003070.9,17815483,17815562,JUNC_4410,1,-,GT,AG,0.0008607601,0.0021886358,6.043289977242239e-05,1.302188502450008e-05
NC_003070.9,17815643,17815739,JUNC_4411,1,-,GT,AG,0.8125485,0.41872174,4.672821773965552e-07,0.003706347895786166
NC_003070.9,17815847,17815951,JUNC_4412,1,-,GT,AG,0.9999726,0.9999914,0.0005863974802196026,7.631697371834889e-06
NC_003070.9,17816023,17816216,JUNC_8330,1,-,GT,AG,0.9959888,0.99820554,1.8010817939284607e-06,0.05199325084686279
NC_003070.9,17816023,17816498,JUNC_4413,1,-,GT,AG,0.99997556,0.9999342,0.02408229187130928,0.0642533004283905
NC_003070.9,17816023,17816909,JUNC_18006,1,-,GT,AG,0.9999999,0.9999999,0.47353652119636536,0.011062066070735455
NC_003070.9,17816972,17817061,JUNC_4414,1,-,GT,AG,0.9999976,0.99999654,0.0019897567108273506,0.013156043365597725
NC_003070.9,17844634,17844726,JUNC_8710,1,-,GT,AG,0.99999976,0.9999993,0.19064611196517944,0.96923828125
NC_003070.9,17848799,17849017,JUNC_16473,1,-,GT,AG,0.00046575168,0.0007339379,0.07206801325082779,0.00411912240087986
NC_003070.9,17849054,17849161,JUNC_16474,1,-,GT,AG,0.004785939,0.006654041,0.8203956484794617,0.5043699145317078
NC_003070.9,17849220,17849337,JUNC_16475,1,-,GT,AG,0.9996424,0.9997416,0.9849421977996826,0.006251429207623005
NC_003070.9,17849463,17849707,JUNC_16476,1,-,GT,AG,0.99978465,0.99972314,0.997684121131897,0.005893183872103691
NC_003070.9,17849812,17849890,JUNC_16477,1,-,GT,AG,0.99841774,0.9950558,0.12312028557062149,0.9818271994590759
NC_003070.9,17849959,17850048,JUNC_16478,1,-,GT,AG,0.9961678,0.99253523,0.24120809137821198,0.2988189160823822
NC_003070.9,17850114,17850277,JUNC_16479,1,-,GT,AG,1.0,0.9999999,0.09360091388225555,0.005798903293907642
NC_003070.9,17850367,17850459,JUNC_16480,1,-,GT,AG,0.9999988,0.9999993,0.08759263157844543,0.00033841095864772797
NC_003070.9,17850516,17850622,JUNC_16481,1,-,GT,AG,0.9973297,0.99901,0.051845598965883255,0.18981072306632996
NC_003070.9,17850751,17850845,JUNC_16482,1,-,GT,AG,0.99918956,0.99862325,0.014349649660289288,0.9065265655517578
NC_003070.9,17850911,17851032,JUNC_16483,1,-,GT,AG,0.9998041,0.9997033,0.03552962467074394,0.001274334965273738
NC_003070.9,17851101,17851286,JUNC_16484,1,-,GT,AG,1.0,1.0,0.8974508047103882,0.24594815075397491
NC_003070.9,17851364,17851616,JUNC_16485,1,-,GT,AG,0.9999906,0.99998903,0.10041464865207672,0.6377890110015869
NC_003070.9,17851772,17851862,JUNC_16486,1,-,GT,AG,0.98693407,0.9901648,0.17772291600704193,0.016815485432744026
NC_003070.9,17851904,17851982,JUNC_16487,1,-,GT,AG,0.99779963,0.9976933,0.9969404935836792,0.9524200558662415
NC_003070.9,17852066,17852303,JUNC_16488,1,-,GC,AG,0.99982685,0.9996797,0.9718664884567261,0.8190069794654846
NC_003070.9,17852370,17852484,JUNC_16489,1,-,GT,AG,0.9999349,0.99995756,0.995309054851532,0.9906815886497498
NC_003070.9,17852551,17852681,JUNC_16490,1,-,GT,AG,0.9998047,0.99989927,0.0034638557117432356,0.1698792278766632
NC_003070.9,17852748,17852853,JUNC_16491,1,-,GT,AG,0.99999774,0.99999523,0.08106548339128494,0.7270638346672058
NC_003070.9,17852929,17853076,JUNC_16492,1,-,GT,AG,0.999974,0.99996245,0.9361498951911926,0.0006772397900931537
NC_003070.9,17853132,17853205,JUNC_16493,1,-,GT,AG,0.9956269,0.98362386,0.1610071361064911,0.007364985067397356
NC_003070.9,17853297,17853410,JUNC_16494,1,-,GT,AG,0.999938,0.9998352,0.0022665364667773247,0.32921087741851807
NC_003070.9,17853474,17853611,JUNC_16495,1,-,GT,AG,0.99703264,0.9962876,0.7610242366790771,0.047962818294763565
NC_003070.9,17854254,17854611,JUNC_9752,1,+,GT,AG,0.97927123,0.96322787,0.07120952010154724,0.02272377721965313
NC_003070.9,17854276,17854611,JUNC_13570,1,+,GT,AG,0.028669402,0.022904325,0.06613504141569138,0.3351774215698242
NC_003070.9,17854901,17855202,JUNC_13571,1,+,GT,AG,0.018723765,0.019224726,0.9630382061004639,0.718711793422699
NC_003070.9,17868753,17868836,JUNC_12254,1,+,GT,AG,0.9638678,0.8838428,0.002242055255919695,0.01320104580372572
NC_003070.9,17868948,17869037,JUNC_12255,1,+,GT,AG,0.9856376,0.9881981,0.00029788046958856285,1.6185685680625284e-08
NC_003070.9,17869426,17869517,JUNC_12256,1,+,GT,AG,0.9999981,0.99999297,0.01833931729197502,7.804169581504539e-05
NC_003070.9,17869613,17869715,JUNC_12257,1,+,GT,AG,0.9999999,0.9999994,0.032205671072006226,0.001408388139680028
NC_003070.9,17869980,17870079,JUNC_12258,1,+,GT,AG,0.3200208,0.5576484,2.5857649234239943e-05,1.3462999959301669e-05
NC_003070.9,17870142,17870603,JUNC_12259,1,+,GT,AG,0.10537574,0.45940122,0.011943363584578037,4.471713964449009e-06
NC_003070.9,17870678,17870774,JUNC_12260,1,+,GT,AG,0.999969,0.99996376,0.7324755787849426,0.027708066627383232
NC_003070.9,17870890,17870988,JUNC_12261,1,+,GT,AG,0.97508675,0.97667754,0.9968855977058411,0.6099921464920044
NC_003070.9,17871059,17871159,JUNC_12262,1,+,GT,AG,0.7401456,0.77393925,0.796559751033783,0.9917305111885071
NC_003070.9,17871247,17871318,JUNC_12263,1,+,GT,AG,0.99994016,0.99987614,0.0076052104122936726,0.4248690903186798
NC_003070.9,17871459,17871532,JUNC_14487,1,+,GT,AG,0.99601966,0.9889682,0.9915962815284729,0.9744423627853394
NC_003070.9,17871738,17871823,JUNC_12264,1,+,GC,AG,0.9997613,0.999811,0.4637351930141449,0.9949889779090881
NC_003070.9,17872097,17872184,JUNC_12265,1,+,GT,AG,0.9995351,0.9988763,0.9975461363792419,0.20576079189777374
NC_003070.9,17875366,17875457,JUNC_11184,1,+,GT,AG,0.9988203,0.9988196,0.013046056032180786,0.9991757273674011
NC_003070.9,17875555,17875630,JUNC_11185,1,+,GT,AG,0.956122,0.8475201,0.9971787929534912,0.23651717603206635
NC_003070.9,17875765,17875865,JUNC_11186,1,+,GT,AG,0.9363935,0.9537102,0.7034274339675903,0.07508382201194763
NC_003070.9,17876055,17876125,JUNC_11187,1,+,GT,AG,0.9999912,0.99998295,0.4332345724105835,0.006567983888089657
NC_003070.9,17877931,17878164,JUNC_17341,1,-,GT,AG,1.0,1.0,0.4336701035499573,0.13780580461025238
NC_003070.9,17878415,17878508,JUNC_17342,1,-,GT,AG,0.9999993,0.9999988,0.0008406362030655146,0.15442591905593872
NC_003070.9,17878595,17878683,JUNC_17343,1,-,GT,AG,0.9996891,0.9979954,0.9943124055862427,0.991251528263092
NC_003070.9,17878794,17878879,JUNC_17344,1,-,GT,AG,0.9939518,0.9948803,0.07107456028461456,0.9847742915153503
NC_003070.9,17882450,17882536,JUNC_16117,1,-,GT,AG,0.9856257,0.98444897,0.005556561518460512,0.016566693782806396
NC_003070.9,17882677,17882769,JUNC_16118,1,-,GT,AG,0.9999579,0.99992085,0.5300130844116211,0.0028566226828843355
NC_003070.9,17896180,17896272,JUNC_14395,1,-,GT,AG,0.0012496024,0.0009152864,0.07120952010154724,0.02272377721965313
NC_003070.9,17896384,17896472,JUNC_14396,1,-,GT,AG,0.06220669,0.055784468,0.06613504141569138,0.3351774215698242
NC_003070.9,17896971,17897085,JUNC_14397,1,-,GT,AG,0.9999429,0.9998438,0.9501789212226868,0.9746594429016113
NC_003070.9,17897183,17897339,JUNC_14398,1,-,GT,AG,0.9999999,0.9999999,0.9946499466896057,0.9728025794029236
NC_003070.9,17897453,17897532,JUNC_14399,1,-,GT,AG,0.99723,0.9837157,0.9813427329063416,0.057349853217601776
NC_003070.9,17897590,17897677,JUNC_14400,1,-,GT,AG,0.984404,0.9525015,0.12149561196565628,0.9233114719390869
NC_003070.9,17897770,17897896,JUNC_14401,1,-,GT,AG,0.99945074,0.9999049,0.12303928285837173,0.8436134457588196
NC_003070.9,17897988,17898089,JUNC_14402,1,-,GT,AG,1.0,1.0,0.752373993396759,0.0002458390954416245
NC_003070.9,17898200,17898283,JUNC_14403,1,-,GT,AG,0.96065694,0.95174456,0.006527682300657034,0.736200749874115
NC_003070.9,17898544,17898629,JUNC_14404,1,-,GT,AG,0.76303804,0.8570485,0.7695649266242981,0.007844635285437107
NC_003070.9,17908701,17909059,JUNC_13442,1,-,GT,AG,1.5908651e-07,5.0162495e-08,0.3308241069316864,0.1369788646697998
NC_003070.9,17908933,17909040,JUNC_9877,1,-,GC,AG,0.00073699385,0.0168029,0.009433944709599018,0.7027971148490906
NC_003070.9,17909589,17909671,JUNC_9878,1,-,GT,AG,0.999923,0.99987316,0.5739461779594421,0.0010319029679521918
NC_003070.9,17909967,17910213,JUNC_9879,1,-,GT,AG,0.9999989,0.9999963,0.0006927908980287611,0.9539073705673218
NC_003070.9,17911558,17911653,JUNC_15428,1,+,GT,AG,0.23328808,0.27561697,0.8946253061294556,0.26644641160964966
NC_003070.9,17911696,17911783,JUNC_15429,1,+,GT,AG,0.9999186,0.9998976,0.029255781322717667,0.08026275783777237
NC_003070.9,17912002,17912473,JUNC_15430,1,+,GT,AG,0.6700481,0.6847095,0.9880439639091492,0.9219210147857666
NC_003070.9,17912814,17912930,JUNC_15431,1,+,GT,AG,0.99635816,0.9985947,0.991835355758667,0.9505431652069092
NC_003070.9,17919843,17920144,JUNC_15889,1,+,GT,AG,0.99779093,0.9956617,0.6714181900024414,0.9208992123603821
NC_003070.9,17922225,17922309,JUNC_6478,1,-,GT,AG,0.9012808,0.8794981,0.8683602213859558,0.6018929481506348
NC_003070.9,17922431,17922845,JUNC_6479,1,-,GT,AG,0.97567457,0.9619341,0.018167465925216675,0.1413584202528
NC_003070.9,17922923,17923026,JUNC_6480,1,-,GT,AG,0.99999607,0.99999297,0.0016554170288145542,0.044490981847047806
NC_003070.9,17923200,17923301,JUNC_6481,1,-,GT,AG,0.99999833,0.99999726,0.9831415414810181,0.1008203998208046
NC_003070.9,17923358,17923443,JUNC_6482,1,-,GT,AG,0.8311129,0.79665416,7.90717331256019e-06,1.613191500382527e-07
NC_003070.9,17923495,17923669,JUNC_6483,1,-,GT,AG,0.9999759,0.9999678,0.0023342198692262173,0.0006186263635754585
NC_003070.9,17923758,17924001,JUNC_6484,1,-,GT,AG,0.99999416,0.99999404,0.555907130241394,0.0008651382522657514
NC_003070.9,17924087,17924415,JUNC_6485,1,-,GT,AG,0.9999933,0.9999976,0.07176284492015839,0.9899439811706543
NC_003070.9,17924602,17924829,JUNC_6486,1,-,GT,AG,0.9999734,0.9999423,0.9844449758529663,0.814879834651947
NC_003070.9,17924922,17925012,JUNC_6487,1,-,GT,AG,0.9999945,0.99998987,0.9501789212226868,0.9746594429016113
NC_003070.9,17925153,17925229,JUNC_6488,1,-,GT,AG,0.99998486,0.99995685,0.9946499466896057,0.9728025794029236
NC_003070.9,17925322,17925450,JUNC_6489,1,-,GT,AG,1.0,1.0,0.9813427329063416,0.057349853217601776
NC_003070.9,17925682,17925831,JUNC_6490,1,-,GT,AG,0.99998665,0.99999285,0.12149561196565628,0.9233114719390869
NC_003070.9,17926004,17926097,JUNC_6491,1,-,GT,AG,0.8489854,0.5863757,0.9354948997497559,0.6361542344093323
NC_003070.9,17927471,17927552,JUNC_6492,1,-,GT,AG,1.0,1.0,0.5665686130523682,0.0002818442299030721
NC_003070.9,17927735,17927830,JUNC_6493,1,-,GT,AG,0.9933757,0.99128973,0.38715019822120667,0.9805060625076294
NC_003070.9,17927895,17928053,JUNC_13949,1,-,GT,AG,0.9995427,0.99951684,0.5657076835632324,0.7958130240440369
NC_003070.9,17928633,17928718,JUNC_13950,1,-,GT,AG,0.9999198,0.9998471,0.01835375465452671,0.006926553789526224
NC_003070.9,17931733,17932979,JUNC_17022,1,+,GT,AG,0.99999475,0.99999523,0.27591222524642944,0.12192003428936005
NC_003070.9,17933152,17933273,JUNC_7166,1,+,GT,AG,0.9109803,0.87312466,0.14275602996349335,0.45668357610702515
NC_003070.9,17933437,17933531,JUNC_7167,1,+,GC,AG,0.0039539672,0.0012597702,0.002235428197309375,0.00030098401475697756
NC_003070.9,17933616,17933818,JUNC_7168,1,+,GT,AG,0.67121834,0.830784,0.05115823075175285,0.007731801830232143
NC_003070.9,17934086,17934187,JUNC_7169,1,+,GT,AG,0.8744713,0.85132754,0.476983904838562,0.00022699363762512803
NC_003070.9,17935033,17935118,JUNC_14018,1,+,GT,AG,0.0008388298,0.0002957641,0.04772960767149925,0.0009174779988825321
NC_003070.9,17935526,17935768,JUNC_14019,1,+,GT,AG,0.0046520345,0.0018800843,0.0001642908318899572,0.6605902910232544
NC_003070.9,17935961,17936051,JUNC_14020,1,+,GT,AG,0.81639874,0.7587957,0.94821697473526,0.7557334303855896
NC_003070.9,17936338,17936434,JUNC_14021,1,+,GT,AG,0.1561446,0.34180495,0.27275511622428894,0.47734102606773376
NC_003070.9,17950854,17950933,JUNC_17637,1,-,GT,AG,0.9946444,0.99653995,0.022432640194892883,0.4700738787651062
NC_003070.9,17951033,17951159,JUNC_17638,1,-,GT,AG,0.999899,0.99995923,0.44177186489105225,0.02761780098080635
NC_003070.9,17951248,17951326,JUNC_17639,1,-,GT,AG,0.9875294,0.96887267,0.00983283668756485,0.0026555932126939297
NC_003070.9,17951511,17951594,JUNC_17640,1,-,GT,AG,0.99992526,0.99987423,1.6661571180520696e-06,2.5041508706635796e-06
NC_003070.9,17951690,17951770,JUNC_17641,1,-,GT,AG,0.9997433,0.9997818,0.00017326425586361438,0.17712539434432983
NC_003070.9,17951839,17951936,JUNC_17642,1,-,GT,AG,0.055627223,0.083101645,0.049272581934928894,0.00726025365293026
NC_003070.9,17952033,17952118,JUNC_17643,1,-,GT,AG,0.99911267,0.9981367,0.03308730572462082,0.3810674846172333
NC_003070.9,17952173,17952264,JUNC_17644,1,-,GT,AG,0.9993636,0.99963987,0.44727689027786255,0.00018378013919573277
NC_003070.9,17952329,17952409,JUNC_17645,1,-,GT,AG,0.9992957,0.99913996,0.0010335182305425406,0.2207263857126236
NC_003070.9,17952502,17952582,JUNC_17646,1,-,GT,AG,0.996977,0.99783,0.29519927501678467,0.5080611109733582
NC_003070.9,17966089,17966415,JUNC_17921,1,+,GT,AG,0.975978,0.98795074,0.9916362762451172,0.9966300129890442
NC_003070.9,17966531,17966615,JUNC_15992,1,+,GT,AG,1.0,0.9999999,0.8425407409667969,0.9334408640861511
NC_003070.9,17966753,17966847,JUNC_15993,1,+,GT,AG,1.0,1.0,0.9827362298965454,0.7247322201728821
NC_003070.9,17966985,17967071,JUNC_15994,1,+,GT,AG,0.9977881,0.9973014,0.9274400472640991,0.8550984263420105
NC_003070.9,17967215,17967620,JUNC_15995,1,+,GT,AG,0.99966276,0.99981743,0.04743107780814171,0.9192787408828735
NC_003070.9,17967731,17967825,JUNC_15996,1,+,GT,AG,0.999995,0.99999213,0.9934875965118408,0.03134649246931076
NC_003070.9,17967967,17968057,JUNC_15997,1,+,GT,AG,0.99998367,0.99999225,0.9989751577377319,0.995177149772644
NC_003070.9,17968338,17968438,JUNC_15998,1,+,GT,AG,0.99129,0.99147886,0.8601661920547485,0.9974445104598999
NC_003070.9,17968600,17968695,JUNC_15999,1,+,GT,AG,0.9999993,0.9999994,0.4481726288795471,0.8118276000022888
NC_003070.9,17968749,17968816,JUNC_16000,1,+,GT,AG,0.9999999,0.9999995,0.9824206233024597,0.016585806384682655
NC_003070.9,17968891,17968978,JUNC_16001,1,+,GT,AG,0.97823924,0.9852051,0.4114828407764435,0.8953037858009338
NC_003070.9,17986420,17986520,JUNC_9353,1,+,GT,AG,0.7236154,0.8224548,0.45036211609840393,0.31633275747299194
NC_003070.9,17986675,17986928,JUNC_9354,1,+,GT,AG,0.9999963,0.9999957,0.9479838609695435,0.4125150442123413
NC_003070.9,17987112,17987217,JUNC_9355,1,+,GT,AG,0.9996811,0.99968946,0.0034609735012054443,0.00013910818961448967
NC_003070.9,17987417,17987587,JUNC_9356,1,+,GT,AG,0.9999995,0.99999976,0.9982436895370483,0.9862896800041199
NC_003070.9,17987981,17988174,JUNC_9357,1,+,GT,AG,1.0,1.0,0.000777655397541821,0.9956306219100952
NC_003070.9,17988280,17988462,JUNC_9358,1,+,GT,AG,1.0,1.0,0.9876876473426819,0.0028524918016046286
NC_003070.9,17988554,17988669,JUNC_9359,1,+,GT,AG,0.99999774,0.999995,0.9785276055335999,0.9597122669219971
NC_003070.9,17988738,17988892,JUNC_9360,1,+,GT,AG,0.996639,0.999161,0.9971207976341248,0.9862754344940186
NC_003070.9,18011332,18011416,JUNC_4825,1,-,GT,AG,0.999783,0.9996612,0.546892523765564,0.9907019138336182
NC_003070.9,18011528,18011604,JUNC_4826,1,-,GT,AG,0.9999627,0.9999411,2.09104018722428e-06,4.0523758570998325e-08
NC_003070.9,18011723,18011832,JUNC_4827,1,-,GT,AG,0.9957444,0.9908167,0.6765215992927551,0.36757129430770874
NC_003070.9,18011957,18012094,JUNC_4828,1,-,GT,AG,0.9930155,0.99384063,0.7830125689506531,0.9206839203834534
NC_003070.9,18012181,18012279,JUNC_4829,1,-,GC,AG,0.9999937,0.9999821,0.9766021370887756,0.9740225076675415
NC_003070.9,18012430,18012523,JUNC_4830,1,-,GT,AG,0.9999995,0.99999857,0.0007583753322251141,0.9957964420318604
NC_003070.9,18012700,18012766,JUNC_4834,1,-,GT,AG,0.9998703,0.999836,0.07977856695652008,0.008854396641254425
NC_003070.9,18036121,18036154,JUNC_4593,1,-,GC,AG,0.00016638762,0.00016368383,0.03239960968494415,0.0006967097870074213
NC_003070.9,18040758,18040850,JUNC_5525,1,+,GT,AG,0.99993074,0.9999424,0.0001932094746734947,0.1603667289018631
NC_003070.9,18040931,18041332,JUNC_5526,1,+,GT,AG,0.9998909,0.99878865,0.963108241558075,0.9250453114509583
NC_003070.9,18040931,18041345,JUNC_13398,1,+,GT,AG,0.9087075,0.69777566,0.8917879462242126,0.009666712023317814
NC_003070.9,18059973,18060056,JUNC_10477,1,-,GT,AG,0.9999976,0.9999975,0.024588916450738907,0.01006501354277134
NC_003070.9,18060239,18060473,JUNC_10478,1,-,GT,AG,1.0,1.0,0.25422075390815735,0.7877725958824158
NC_003070.9,18060597,18060710,JUNC_10479,1,-,GT,AG,1.0,1.0,0.0315331295132637,0.00582176074385643
NC_003070.9,18060784,18060860,JUNC_10480,1,-,GT,AG,0.9999993,0.99999845,0.3554280400276184,0.9330334663391113
NC_003070.9,18060978,18061242,JUNC_10481,1,-,GT,AG,0.97979057,0.9812578,0.05883503705263138,0.0006173343281261623
NC_003070.9,18061681,18061914,JUNC_17484,1,+,GT,AG,0.9999181,0.9987914,0.6428433656692505,0.014802341349422932
NC_003070.9,18062115,18062280,JUNC_17485,1,+,GT,AG,0.9999995,0.9999993,0.8290585279464722,0.2205035239458084
NC_003070.9,18062515,18062595,JUNC_17486,1,+,GT,AG,0.9998696,0.9997127,0.8839265704154968,0.9586554169654846
NC_003070.9,18062768,18062843,JUNC_17487,1,+,GT,AG,0.97706854,0.98098767,0.998580813407898,0.8275302648544312
NC_003070.9,18062983,18063063,JUNC_17488,1,+,GT,AG,0.99987316,0.9995956,0.9140887260437012,0.9914985299110413
NC_003070.9,18063241,18063329,JUNC_17489,1,+,GT,AG,0.99996185,0.99996877,0.9758407473564148,0.11530715227127075
NC_003070.9,18063664,18063743,JUNC_17490,1,+,GT,AG,0.99562436,0.99800116,0.04353388771414757,0.984820544719696
NC_003070.9,18063982,18064050,JUNC_17491,1,+,GT,AG,0.9857017,0.9674317,0.8266895413398743,9.076713467948139e-05
NC_003070.9,18064163,18064242,JUNC_17492,1,+,GT,AG,0.9972272,0.9975247,0.7817748785018921,0.00143043405842036
NC_003070.9,18064489,18064580,JUNC_17493,1,+,GT,AG,0.00020920734,0.0004719547,0.5768606066703796,0.02678750827908516
NC_003070.9,18065299,18065378,JUNC_1187,1,-,GT,AG,0.99972755,0.99988055,0.055407218635082245,0.9483112692832947
NC_003070.9,18065457,18065546,JUNC_13759,1,-,GT,AG,0.018498922,0.018861735,0.9307746887207031,0.11103998869657516
NC_003070.9,18065616,18065699,JUNC_1189,1,-,GT,AG,0.96935004,0.9729988,0.891676127910614,0.9791417717933655
NC_003070.9,18065794,18065883,JUNC_1190,1,-,GT,AG,0.9999993,0.99999917,0.9928433299064636,0.1213141456246376
NC_003070.9,18065986,18066081,JUNC_1191,1,-,GT,AG,1.0,1.0,0.043029848486185074,0.97313392162323
NC_003070.9,18066213,18066421,JUNC_1192,1,-,GT,AG,1.0,1.0,0.608494758605957,0.3700520098209381
NC_003070.9,18066502,18066747,JUNC_1193,1,-,GT,AG,1.0,1.0,0.9282232522964478,0.9089639186859131
NC_003070.9,18066840,18066946,JUNC_1194,1,-,GT,AG,0.9999995,0.99999917,0.9774167537689209,0.8871789574623108
NC_003070.9,18067030,18067173,JUNC_1195,1,-,GT,AG,0.99991226,0.9999323,0.9615710973739624,0.893276035785675
NC_003070.9,18067232,18067318,JUNC_1196,1,-,GT,AG,0.9972754,0.99824905,0.8118553757667542,0.019144708290696144
NC_003070.9,18067395,18067468,JUNC_1197,1,-,GT,AG,0.99999833,0.99999726,0.3248181939125061,0.11621303111314774
NC_003070.9,18067619,18067817,JUNC_1198,1,-,GT,AG,0.9999981,0.999998,0.03026561252772808,0.7319012880325317
NC_003070.9,18072794,18072875,JUNC_7746,1,-,GT,AG,0.99993396,0.99988663,0.7871917486190796,0.29135802388191223
NC_003070.9,18073086,18073169,JUNC_7747,1,-,GT,AG,0.9999608,0.9999484,0.3794827461242676,0.9973714351654053
NC_003070.9,18073327,18073420,JUNC_7748,1,-,GT,AG,0.9999883,0.9999914,0.2900986671447754,0.07689398527145386
NC_003070.9,18073511,18073605,JUNC_7749,1,-,GT,AG,0.99999976,0.9999995,0.31455370783805847,0.12182527035474777
NC_003070.9,18074571,18074771,JUNC_14956,1,-,GT,AG,0.99166733,0.9981049,0.6050748825073242,0.22272942960262299
NC_003070.9,18075136,18076389,JUNC_16546,1,-,GT,AG,0.4371694,0.3847121,0.8067529797554016,0.7336155772209167
NC_003070.9,18085073,18085206,JUNC_17458,1,-,GT,AG,6.4196875e-08,2.7550436e-07,0.5028883218765259,0.9937708973884583
NC_003070.9,18085300,18085393,JUNC_16207,1,-,GT,AG,0.9732044,0.9503125,0.012396669015288353,0.0016735567478463054
NC_003070.9,18085508,18085596,JUNC_16208,1,-,GT,AG,0.99976,0.99987376,0.002258694265037775,0.007074469234794378
NC_003070.9,18085754,18085847,JUNC_16209,1,-,GT,AG,1.0,1.0,0.18248358368873596,0.9680482149124146
NC_003070.9,18085948,18086061,JUNC_16210,1,-,GT,AG,1.0,1.0,0.968825101852417,0.9360188245773315
NC_003070.9,18086210,18086290,JUNC_16211,1,-,GT,AG,1.0,1.0,0.9817755222320557,0.2929638922214508
NC_003070.9,18086441,18087088,JUNC_16212,1,-,GT,AG,1.0,1.0,0.011297991499304771,0.009919527918100357
NC_003070.9,18087242,18087336,JUNC_16213,1,-,GT,AG,0.9999995,0.99999976,0.9889138340950012,0.9888864159584045
NC_003070.9,18087436,18087512,JUNC_16214,1,-,GT,AG,0.9999999,0.99999964,0.015224899165332317,5.182492714084219e-06
NC_003070.9,18092289,18092664,JUNC_18192,1,+,GT,AG,1.0,0.9999999,0.05499120429158211,6.949802627786994e-05
NC_003070.9,18092898,18093310,JUNC_18193,1,+,GT,AG,1.0,1.0,0.0047395010478794575,0.42954716086387634
NC_003070.9,18093436,18093591,JUNC_18194,1,+,GT,AG,0.9999721,0.9999682,0.0014097498496994376,1.7566309907124378e-05
NC_003070.9,18098212,18098335,JUNC_17306,1,+,GT,AG,0.7483705,0.70980185,0.011930090375244617,0.2656919062137604
NC_003070.9,18098375,18098656,JUNC_17307,1,+,GT,AG,1.0,1.0,0.29785412549972534,0.6623106598854065
NC_003070.9,18098817,18098904,JUNC_17308,1,+,GT,AG,1.0,1.0,0.06947307288646698,0.000379425153369084
NC_003070.9,18099075,18099165,JUNC_17309,1,+,GT,AG,1.0,1.0,0.01195084024220705,0.025980301201343536
NC_003070.9,18099264,18099359,JUNC_17310,1,+,GT,AG,1.0,1.0,0.10294190049171448,0.0014545510057359934
NC_003070.9,18099455,18099579,JUNC_17311,1,+,GT,AG,1.0,0.9999999,0.001445324276573956,0.23770524561405182
NC_003070.9,18099660,18099769,JUNC_17312,1,+,GT,AG,1.0,1.0,0.37417399883270264,1.6210852891163086e-06
NC_003070.9,18099898,18100013,JUNC_17313,1,+,GT,AG,0.9999671,0.9999567,0.0013241367414593697,1.99760925170267e-05
NC_003070.9,18100061,18100145,JUNC_17314,1,+,GT,AG,0.99522793,0.9869309,0.0009530898532830179,0.0002604565233923495
NC_003070.9,18100231,18100312,JUNC_17315,1,+,GT,AG,0.9999924,0.99999213,0.02519885078072548,0.0036491926293820143
NC_003070.9,18100433,18100520,JUNC_17316,1,+,GT,AG,1.0,1.0,0.0017172861844301224,0.0001936963526532054
NC_003070.9,18100627,18100715,JUNC_17317,1,+,GT,AG,1.0,1.0,0.002005710732191801,1.6125138557754326e-08
NC_003070.9,18100889,18100986,JUNC_17318,1,+,GT,AG,0.9999758,0.99994075,0.0001030694111250341,9.318449156126007e-05
NC_003070.9,18101291,18101393,JUNC_17319,1,+,GT,AG,0.88942486,0.91069406,6.006038893247023e-05,1.6669715478201397e-05
NC_003070.9,18115101,18115241,JUNC_9168,1,-,GT,AG,0.9999999,0.99999964,1.1950065754717798e-06,2.769824641291052e-05
NC_003070.9,18115588,18115682,JUNC_9169,1,-,GT,AG,1.0,1.0,1.78961745405104e-05,5.5024873290676624e-05
NC_003070.9,18115811,18116985,JUNC_9170,1,-,GT,AG,0.9999958,0.9999938,0.9797254204750061,0.950370192527771
NC_003070.9,18133138,18133258,JUNC_5516,1,+,GT,AG,0.02863004,0.008700101,0.008489861153066158,7.788981747580692e-06
NC_003070.9,18138069,18138162,JUNC_8679,1,+,GT,AG,0.0007445828,0.0011254972,0.0012991635594516993,0.004227473400533199
NC_003070.9,18139514,18139714,JUNC_9676,1,-,GT,AG,0.4945367,0.6688884,0.47277435660362244,0.034612081944942474
NC_003070.9,18139902,18139993,JUNC_9677,1,-,GT,AG,0.99183184,0.9886789,0.5561809539794922,0.45764046907424927
NC_003070.9,18140035,18140147,JUNC_9678,1,-,GT,AG,0.99817276,0.99699086,0.9012911915779114,0.4882299602031708
NC_003070.9,18140308,18140567,JUNC_9679,1,-,GT,AG,0.8371807,0.77500427,0.5471442937850952,0.9117559790611267
NC_003070.9,18140639,18140731,JUNC_9680,1,-,GT,AG,0.99543875,0.99739283,0.9798731803894043,0.993089497089386
NC_003070.9,18140913,18141213,JUNC_9681,1,-,GT,AG,0.997226,0.99641615,0.8204894661903381,0.1926424354314804
NC_003070.9,18141337,18141463,JUNC_9682,1,-,GT,AG,0.9995003,0.99917364,0.43776145577430725,0.8824946880340576
NC_003070.9,18141528,18142102,JUNC_9683,1,-,GT,AG,0.99832433,0.999043,7.850657652852533e-07,3.522794941090979e-05
NC_003070.9,18142269,18142349,JUNC_9684,1,-,GT,AG,0.5692052,0.5002781,0.14445552229881287,2.611166564747691e-06
NC_003070.9,18142608,18142776,JUNC_9685,1,-,GT,AG,1.0,1.0,0.004037595819681883,0.9747614860534668
NC_003070.9,18142860,18142973,JUNC_9686,1,-,GT,AG,0.99997926,0.9999794,0.0052795447409152985,0.001242722268216312
NC_003070.9,18143031,18143519,JUNC_9687,1,-,GT,AG,0.95394206,0.960337,0.5960027575492859,0.021982857957482338
NC_003070.9,18143567,18143666,JUNC_9688,1,-,GT,AG,0.99999917,0.99999857,0.782413125038147,0.35512271523475647
NC_003070.9,18143824,18144072,JUNC_9689,1,-,GT,AG,0.9999999,1.0,0.41633671522140503,0.005936112720519304
NC_003070.9,18144123,18144209,JUNC_9690,1,-,GT,AG,0.99999726,0.99999285,0.9095251560211182,0.9872413873672485
NC_003070.9,18144283,18144498,JUNC_9691,1,-,GT,AG,0.9999912,0.99999094,0.01521900575608015,0.013383953832089901
NC_003070.9,18144574,18144761,JUNC_9692,1,-,GT,AG,0.9982474,0.9980558,4.041449574287981e-05,0.06395190954208374
NC_003070.9,18144806,18144907,JUNC_9693,1,-,GT,AG,0.9961524,0.9981224,0.02535143494606018,6.045890768291429e-05
NC_003070.9,18144962,18145031,JUNC_9694,1,-,GT,AG,0.99999976,0.99999857,0.5199419260025024,0.01819724589586258
NC_003070.9,18145155,18145470,JUNC_9695,1,-,GT,AG,1.0,1.0,7.847573579056188e-05,0.14070039987564087
NC_003070.9,18145666,18145892,JUNC_9696,1,-,GT,AG,1.0,1.0,0.023372653871774673,0.0002609126386232674
NC_003070.9,18145967,18146050,JUNC_9697,1,-,GT,AG,0.17638049,0.13388959,0.9664266109466553,0.009445695206522942
NC_003070.9,18146105,18146221,JUNC_9698,1,-,GT,AG,0.13347045,0.2409628,0.5089625716209412,0.9135861396789551
NC_003070.9,18146439,18146520,JUNC_9699,1,-,GT,AG,0.99999917,0.99999917,0.1081714853644371,0.614436686038971
NC_003070.9,18146634,18146777,JUNC_9700,1,-,GT,AG,0.95244664,0.88146836,0.00019655325741041452,0.2811087965965271
NC_003070.9,18146841,18146959,JUNC_9701,1,-,GT,AG,0.9962077,0.9947519,0.0016147475689649582,9.922345634549856e-05
NC_003070.9,18147060,18147237,JUNC_9702,1,-,GT,AG,0.9975214,0.9990349,0.0034509417600929737,1.338531319561298e-06
NC_003070.9,18147379,18147612,JUNC_9703,1,-,GT,AG,0.98776615,0.99527305,0.0009344595018774271,0.0009218404884450138
NC_003070.9,18147814,18148053,JUNC_9704,1,-,GT,AG,0.99981064,0.99990857,0.002097127493470907,0.007217393722385168
NC_003070.9,18148147,18148652,JUNC_9705,1,-,GT,AG,0.99836344,0.9979157,0.24476633965969086,0.0005113978986628354
NC_003070.9,18166555,18166637,JUNC_18021,1,-,GT,AG,0.78273475,0.4410192,0.005796660203486681,8.454409544356167e-05
NC_003070.9,18166827,18166917,JUNC_18022,1,-,GT,AG,0.046187486,0.013887089,0.00027791823958978057,3.873562036460498e-06
NC_003070.9,18166983,18167101,JUNC_18023,1,-,GT,AG,0.49092102,0.6049015,0.9843493103981018,0.005499979946762323
NC_003070.9,18167228,18167333,JUNC_18024,1,-,GT,AG,0.9996699,0.9996382,0.7677076458930969,0.9972508549690247
NC_003070.9,18167554,18167638,JUNC_18025,1,-,GT,AG,0.9999919,0.9999869,0.013306970708072186,0.9546502232551575
NC_003070.9,18167823,18167906,JUNC_18026,1,-,GT,AG,0.9999999,0.99999976,0.001482268562540412,0.0002895109646487981
NC_003070.9,18167978,18168136,JUNC_18027,1,-,GT,AG,0.9998136,0.99992716,0.44144076108932495,0.001139514148235321
NC_003070.9,18168208,18168308,JUNC_18028,1,-,GT,AG,0.9405859,0.98156357,0.8403664827346802,0.04893748089671135
NC_003070.9,18168380,18168483,JUNC_18029,1,-,GT,AG,0.6104384,0.6111194,0.16659733653068542,0.9502951502799988
NC_003070.9,18168628,18168714,JUNC_18030,1,-,GT,AG,0.9998408,0.9995622,0.9970857501029968,0.0805731862783432
NC_003070.9,18169196,18169345,JUNC_18031,1,-,GT,AG,0.41962868,0.7084125,0.39606061577796936,0.9844532608985901
NC_003070.9,18169886,18170020,JUNC_18032,1,-,GT,AG,0.9999926,0.99995446,0.0701509341597557,0.074831523001194
NC_003070.9,18179993,18180132,JUNC_28,1,-,GT,AG,1.0,1.0,0.11385777592658997,0.08392024040222168
NC_003070.9,18180553,18180668,JUNC_29,1,-,GT,AG,0.9999993,0.999998,0.020504776388406754,0.007460788823664188
NC_003070.9,18180826,18180922,JUNC_30,1,-,GT,AG,0.9999994,0.99999976,0.2955898940563202,0.03191622719168663
NC_003070.9,18181143,18181243,JUNC_31,1,-,GT,AG,0.99908173,0.99811685,0.2079930603504181,0.8569286465644836
NC_003070.9,18184820,18184942,JUNC_9737,1,-,GT,AG,0.18711202,0.1724044,0.9150747060775757,0.004262756556272507
NC_003070.9,18185040,18185117,JUNC_9738,1,-,GT,AG,0.99980766,0.9994659,0.00113154505379498,2.8104481316404417e-05
NC_003070.9,18185237,18185588,JUNC_9739,1,-,GT,AG,1.0,1.0,0.019911708310246468,0.9320662021636963
NC_003070.9,18185655,18185824,JUNC_9740,1,-,GT,AG,0.99996746,0.9999622,0.17660625278949738,0.027603553608059883
NC_003070.9,18185912,18186227,JUNC_9741,1,-,GT,AG,0.00421919,0.017588463,0.04974234104156494,0.013344693928956985
NC_003070.9,18186339,18186424,JUNC_9742,1,-,GT,AG,0.5769165,0.22615077,0.8661859631538391,0.05324781313538551
NC_003070.9,18186505,18186580,JUNC_9743,1,-,GT,AG,0.6314715,0.9077669,0.22372296452522278,0.9973830580711365
NC_003070.9,18186674,18186745,JUNC_9744,1,-,GT,AG,0.8619272,0.6591442,0.999872088432312,0.5925096273422241
NC_003070.9,18186810,18186884,JUNC_9745,1,-,GT,AG,0.097801566,0.053841557,0.012968099676072598,0.0011935578659176826
NC_003070.9,18186943,18187024,JUNC_9746,1,-,GT,AG,0.9759276,0.9691349,0.24144244194030762,0.9863975644111633
NC_003070.9,18187142,18187222,JUNC_9747,1,-,GT,AG,0.99998605,0.9999896,0.9626554846763611,0.9667342305183411
NC_003070.9,18268715,18268811,JUNC_2778,1,-,GT,AG,0.9999999,0.9999999,0.9468916654586792,0.3667360544204712
NC_003070.9,18268715,18269101,JUNC_9864,1,-,GT,AG,1.0,1.0,0.0017376748146489263,0.9000643491744995
NC_003070.9,18268880,18269101,JUNC_2779,1,-,GT,AG,1.0,0.9999999,0.01279435958713293,0.0017755759181454778
NC_003070.9,18280154,18280225,JUNC_15297,1,+,GT,AG,0.99584657,0.9939051,3.1996705729397945e-07,0.13719438016414642
NC_003070.9,18280553,18280636,JUNC_15298,1,+,GT,AG,0.99964106,0.9992207,0.0008202504832297564,0.2119327038526535
NC_003070.9,18284529,18284611,JUNC_17157,1,-,GT,AG,0.9027074,0.96500313,0.8982692956924438,5.340508505469188e-05
NC_003070.9,18284744,18284816,JUNC_17158,1,-,GT,AG,0.018079605,0.0069123236,0.001973250415176153,0.9631277918815613
NC_003070.9,18314844,18314943,JUNC_14670,1,-,GT,AG,0.99406105,0.9494368,0.675790011882782,0.018528860062360764
NC_003070.9,18315143,18315228,JUNC_14671,1,-,GT,AG,1.0,0.99999976,0.003158352104946971,0.01008297223597765
NC_003070.9,18315622,18316308,JUNC_14672,1,-,GT,AG,0.9978928,0.97495914,0.9693193435668945,0.11140502244234085
NC_003070.9,18342899,18342985,JUNC_16648,1,+,GT,AG,0.9770975,0.9627019,1.7337904864689335e-05,3.7047950172564015e-05
NC_003070.9,18343191,18343304,JUNC_16649,1,+,GT,AG,0.99740124,0.99742293,0.00011513230128912255,0.894313395023346
NC_003070.9,18343572,18343665,JUNC_16650,1,+,GT,AG,0.9999999,0.99999976,0.06808755546808243,0.0002720268093980849
NC_003070.9,18343742,18343825,JUNC_16651,1,+,GT,AG,0.9999981,0.99998665,0.5164237022399902,0.12769602239131927
NC_003070.9,18357364,18357544,JUNC_13752,1,-,GT,AG,0.70912576,0.77225804,0.06026616320014,0.8424765467643738
NC_003070.9,18358064,18358210,JUNC_13753,1,-,GT,AG,1.0,1.0,0.9299192428588867,0.00023090452305041254
NC_003070.9,18358341,18358415,JUNC_13754,1,-,GT,AG,0.9999999,0.9999999,0.000630551076028496,0.9922814965248108
NC_003070.9,18358483,18358712,JUNC_13755,1,-,GT,AG,1.0,1.0,0.004726791754364967,0.0005618056748062372
NC_003070.9,18359196,18359718,JUNC_13756,1,-,GT,AG,0.9999999,0.9999999,0.7631499171257019,0.8248013854026794
NC_003070.9,18365761,18365838,JUNC_9000,1,-,GT,AG,0.99769056,0.9994165,0.8361018300056458,0.869255781173706
NC_003070.9,18366024,18366109,JUNC_9001,1,-,GT,AG,0.9880554,0.9719455,0.8457328081130981,0.12321221083402634
NC_003070.9,18366162,18366280,JUNC_9002,1,-,GT,AG,0.98609084,0.99545467,0.9815520644187927,0.9579341411590576
NC_003070.9,18367819,18368343,JUNC_4709,1,-,GT,AG,0.011745203,0.06551278,0.04151857644319534,0.9767489433288574
NC_003070.9,18368549,18368807,JUNC_4710,1,-,GT,AG,0.9980241,0.9981445,0.865177571773529,0.43438947200775146
NC_003070.9,18368879,18368975,JUNC_4711,1,-,GT,AG,0.9965184,0.99536306,0.06317450106143951,0.00016590776795055717
NC_003070.9,18369156,18369257,JUNC_4712,1,-,GT,AG,0.9998366,0.99978524,0.003540072124451399,0.19109435379505157
NC_003070.9,18369420,18369525,JUNC_4713,1,-,GT,AG,0.9998376,0.9998543,0.22422148287296295,0.9993081092834473
NC_003070.9,18369790,18369949,JUNC_4714,1,-,GT,AG,0.99999976,0.99999964,0.9985613226890564,0.9646952748298645
NC_003070.9,18370047,18370126,JUNC_4715,1,-,GT,AG,0.99999845,0.9999981,0.9225882887840271,0.9640039205551147
NC_003070.9,18370210,18370793,JUNC_4716,1,-,GT,AG,0.99999976,0.999998,0.9889028668403625,0.9991287589073181
NC_003070.9,18370983,18371655,JUNC_4717,1,-,GT,AG,0.99994385,0.9997861,0.9975086450576782,0.9964728951454163
NC_003070.9,18371783,18371861,JUNC_4718,1,-,GT,AG,0.99987674,0.99980015,0.9638197422027588,0.008517700247466564
NC_003070.9,18372080,18372153,JUNC_4719,1,-,GT,AG,0.99996114,0.99985015,5.37382811671705e-06,0.9844314455986023
NC_003070.9,18372318,18372398,JUNC_4720,1,-,GT,AG,0.99999285,0.99999523,0.8533546924591064,0.8837421536445618
NC_003070.9,18372919,18373035,JUNC_4721,1,-,GT,AG,0.9991873,0.99922454,0.23458793759346008,0.06900104135274887
NC_003070.9,18373126,18373257,JUNC_4722,1,-,GT,AG,0.99938715,0.99856454,0.004543451592326164,0.00011500123946461827
NC_003070.9,18373341,18373712,JUNC_4723,1,-,GC,AG,0.99999917,0.9999963,0.01630466803908348,1.154899791799835e-06
NC_003070.9,18373783,18373901,JUNC_4724,1,-,GT,AG,0.9621547,0.96337235,0.09199047088623047,0.008486340753734112
NC_003070.9,18374034,18374122,JUNC_4725,1,-,GT,AG,0.9824766,0.9661381,0.0033063162118196487,0.001774600357748568
NC_003070.9,18374297,18374591,JUNC_4726,1,-,GT,AG,0.99999833,0.9999826,0.000251525518251583,0.1637648046016693
NC_003070.9,18374760,18375047,JUNC_4727,1,-,GT,AG,0.999997,0.9999839,0.1413946896791458,0.7526863217353821
NC_003070.9,18403126,18403204,JUNC_4864,1,-,GT,AG,0.99997187,0.99985373,0.9968855977058411,0.6099921464920044
NC_003070.9,18403289,18403365,JUNC_4865,1,-,GT,AG,0.99995184,0.99984837,0.796559751033783,0.9917305111885071
NC_003070.9,18403455,18403559,JUNC_4866,1,-,GT,AG,0.9889781,0.99096996,0.011006143875420094,0.0002337066689506173
NC_003070.9,18403627,18403708,JUNC_4867,1,-,GT,AG,0.9999621,0.99996436,0.000534426886588335,0.04622591286897659
NC_003070.9,18403761,18403845,JUNC_4868,1,-,GT,AG,0.99999774,0.99999356,4.785794226336293e-05,1.0789364750962704e-05
NC_003070.9,18404110,18404190,JUNC_4869,1,-,GT,AG,0.9999999,0.99999964,0.7271284461021423,2.5590914447093382e-05
NC_003070.9,18404478,18404547,JUNC_4870,1,-,GT,AG,0.9999181,0.99972326,0.9333467483520508,0.9273603558540344
NC_003070.9,18405102,18405469,JUNC_4871,1,-,GT,AG,0.5607696,0.90579176,0.8749291300773621,0.9764096736907959
NC_003070.9,18417034,18417365,JUNC_16179,1,+,GT,AG,0.9999815,0.99998987,0.47627922892570496,0.01988186687231064
NC_003070.9,18417484,18417620,JUNC_16180,1,+,GT,AG,0.9999796,0.9999323,0.9939199686050415,0.89023357629776
NC_003070.9,18418277,18418362,JUNC_16181,1,+,GT,AG,0.94326836,0.96519876,0.015555007383227348,0.0009242938249371946
NC_003070.9,18418440,18418541,JUNC_16182,1,+,GT,AG,0.9999883,0.99998355,0.9771311283111572,0.05409809947013855
NC_003070.9,18418631,18418722,JUNC_16183,1,+,GT,AG,0.99997187,0.99995434,0.8958590030670166,0.9440518617630005
NC_003070.9,18418857,18418934,JUNC_16184,1,+,GT,AG,0.9911233,0.9807788,0.005450272932648659,0.6991174221038818
NC_003070.9,18419129,18419217,JUNC_16185,1,+,GT,AG,0.99406683,0.9917991,0.03637174889445305,0.001123109832406044
NC_003070.9,18419421,18419510,JUNC_16186,1,+,GT,AG,1.0,1.0,0.04592202976346016,0.0049777585081756115
NC_003070.9,18447837,18447971,JUNC_17176,1,+,GT,AG,0.9934054,0.9921778,0.15628018975257874,0.3988572657108307
NC_003070.9,18447887,18447971,JUNC_13899,1,+,GT,AG,0.0006286511,0.00037250642,0.0001316997513640672,0.4316701591014862
NC_003070.9,18455671,18455948,JUNC_10289,1,-,GT,AG,0.99996173,0.99995756,0.48389744758605957,0.32940608263015747
NC_003070.9,18456142,18456231,JUNC_10290,1,-,GT,AG,0.99993944,0.9999745,0.8595084547996521,0.9874998927116394
NC_003070.9,18464281,18464807,JUNC_5223,1,+,GT,AG,0.9992934,0.9986811,0.00841695349663496,0.0008616374107077718
NC_003070.9,18464885,18465230,JUNC_5224,1,+,GT,AG,0.9996259,0.9995766,0.010174711234867573,0.005096510052680969
NC_003070.9,18465278,18465481,JUNC_5225,1,+,GT,AG,0.99981254,0.99873775,0.9631796479225159,0.0008266180520877242
NC_003070.9,18465546,18465635,JUNC_5226,1,+,GT,AG,0.9998965,0.9999106,0.0072439140640199184,0.0036248292308300734
NC_003070.9,18481943,18482021,JUNC_9177,1,-,GT,AG,0.9999999,0.9999995,0.00113427743781358,0.005812830291688442
NC_003070.9,18487149,18487298,JUNC_15831,1,-,GT,AG,0.5447113,0.42506006,0.2493339627981186,0.11147065460681915
NC_003070.9,18487359,18487461,JUNC_12463,1,-,GT,AG,0.56480086,0.68625593,0.012877088971436024,0.08304716646671295
NC_003070.9,18487585,18487720,JUNC_12464,1,-,GT,AG,0.43031117,0.69499606,0.4556432366371155,0.781816303730011
NC_003070.9,18487867,18487959,JUNC_12465,1,-,GT,AG,0.99848896,0.9991592,0.6421788334846497,0.909458339214325
NC_003070.9,18488166,18488446,JUNC_12466,1,-,GT,AG,0.2975999,0.42788115,0.0011214142432436347,0.016930894926190376
NC_003070.9,18488403,18488982,JUNC_2187,1,-,GT,AG,0.14089195,0.051597387,0.8550373315811157,0.00020385235256981105
NC_003070.9,18489061,18489498,JUNC_422,1,-,GT,AG,0.9999652,0.99994755,0.9908064007759094,0.9230566620826721
NC_003070.9,18489600,18489680,JUNC_423,1,-,GT,AG,0.9949511,0.9964456,0.5827588438987732,0.6655550599098206
NC_003070.9,18489772,18489899,JUNC_424,1,-,GT,AG,0.7276689,0.41209936,0.004752732813358307,0.03730476275086403
NC_003070.9,18489977,18490247,JUNC_425,1,-,GT,AG,0.014436567,0.03156688,0.8336334824562073,0.997226893901825
NC_003070.9,18490281,18490485,JUNC_426,1,-,GT,AG,0.99996877,0.9999732,0.9784400463104248,0.8954139947891235
NC_003070.9,18490618,18490716,JUNC_427,1,-,GT,AG,0.044141132,0.03406791,0.0008544174488633871,0.003202766412869096
NC_003070.9,18490866,18490964,JUNC_428,1,-,GT,AG,0.9431427,0.90077496,0.0002563481975812465,1.0331156090614968e-06
NC_003070.9,18491021,18491125,JUNC_429,1,-,GT,AG,0.9997931,0.99991703,0.001556150964461267,0.0003485659253783524
NC_003070.9,18494453,18494561,JUNC_2989,1,-,GT,AG,0.95848453,0.90655816,0.000555310572963208,0.0011438372312113643
NC_003070.9,18494921,18495097,JUNC_2990,1,-,GT,AG,0.9999999,0.9999999,0.9522770047187805,0.7438529133796692
NC_003070.9,18495181,18495783,JUNC_2991,1,-,GT,AG,1.0,1.0,0.01020169910043478,0.013634810224175453
NC_003070.9,18495868,18496250,JUNC_2992,1,-,GT,AG,0.99995255,0.9999641,0.013548124581575394,0.02468395233154297
NC_003070.9,18496459,18496563,JUNC_2993,1,-,GT,AG,0.99998415,0.9999461,3.2576641388004646e-05,0.6378750205039978
NC_003070.9,18496750,18497128,JUNC_2994,1,-,GT,AG,0.78128946,0.80824417,0.8928886651992798,0.000765476783271879
NC_003070.9,18498790,18499110,JUNC_17043,1,+,GT,AG,0.55113137,0.31073415,0.8513358235359192,0.8545243144035339
NC_003070.9,18499208,18499309,JUNC_17044,1,+,GT,AG,0.980067,0.9700014,0.6475957036018372,0.9480735659599304
NC_003070.9,18499486,18499578,JUNC_17045,1,+,GT,AG,0.5427863,0.4590144,4.423292193678208e-05,0.0009688666905276477
NC_003070.9,18499679,18499790,JUNC_17046,1,+,GT,AG,0.999962,0.9999529,0.02883952669799328,2.146892984455917e-05
NC_003070.9,18499866,18499961,JUNC_17047,1,+,GT,AG,0.09527056,0.04989551,0.8756153583526611,0.9600146412849426
NC_003070.9,18500021,18500098,JUNC_17048,1,+,GT,AG,0.004026004,0.0034462877,0.0010835836874321103,0.4011657238006592
NC_003070.9,18500283,18500366,JUNC_17049,1,+,GT,AG,0.14783907,0.10983637,0.007924015633761883,0.0009554324205964804
NC_003070.9,18500463,18500558,JUNC_17050,1,+,GT,AG,0.9997154,0.99975497,0.002011452103033662,0.0006145554943941534
NC_003070.9,18500645,18500737,JUNC_17051,1,+,GT,AG,0.9997212,0.99958986,0.00023416816839016974,2.3678832803852856e-05
NC_003070.9,18500796,18500896,JUNC_17052,1,+,GT,AG,0.2478102,0.39582446,0.046379439532756805,0.0026491202879697084
NC_003070.9,18500988,18501069,JUNC_17053,1,+,GT,AG,0.8899986,0.8378024,0.003665722906589508,1.3852681149728596e-05
NC_003070.9,18501147,18501234,JUNC_17054,1,+,GT,AG,0.10444101,0.05553378,3.059897790080868e-05,0.004524386487901211
NC_003070.9,18501395,18501480,JUNC_17055,1,+,GT,AG,0.902737,0.9033954,0.9979454874992371,0.9867455363273621
NC_003070.9,18505052,18505146,JUNC_10074,1,+,GT,AG,0.9995208,0.9981139,0.6720307469367981,0.9463793635368347
NC_003070.9,18505193,18505296,JUNC_10075,1,+,GT,AG,0.999974,0.99994266,0.03725256025791168,0.1380588859319687
NC_003070.9,18508110,18508387,JUNC_9606,1,+,GT,AG,1.0,1.0,0.26253190636634827,0.9851477742195129
NC_003070.9,18508560,18508710,JUNC_9607,1,+,GT,AG,0.99999976,0.9999995,0.9869769215583801,0.9983745813369751
NC_003070.9,18508884,18508964,JUNC_13385,1,+,GT,AG,0.91872877,0.90893126,0.3558693528175354,0.751008152961731
NC_003070.9,18509088,18509176,JUNC_9608,1,+,GT,AG,0.9999944,0.9999931,0.8228139281272888,0.022330598905682564
NC_003070.9,18509277,18509387,JUNC_9609,1,+,GT,AG,0.9999981,0.9999939,0.002521764487028122,0.00021012328215874732
NC_003070.9,18509474,18509598,JUNC_9610,1,+,GT,AG,0.9999722,0.99993515,0.0014830215368419886,0.8820050358772278
NC_003070.9,18509694,18510115,JUNC_9611,1,+,GT,AG,0.99981064,0.9997596,0.9739928841590881,0.9052072167396545
NC_003070.9,18510236,18510383,JUNC_9612,1,+,GT,AG,0.93679273,0.9319078,0.9736993908882141,0.7376629710197449
NC_003070.9,18510512,18510773,JUNC_9613,1,+,GT,AG,0.99684286,0.9969258,0.18085885047912598,9.342961106995062e-07
NC_003070.9,18510865,18510947,JUNC_9614,1,+,GT,AG,0.12482416,0.09816776,0.0013322493759915233,0.9861999750137329
NC_003070.9,18511059,18511162,JUNC_9615,1,+,GT,AG,0.99931526,0.99967694,0.9083975553512573,0.7048262357711792
NC_003070.9,18511748,18511848,JUNC_9616,1,+,GT,AG,0.99081486,0.9674779,0.8992898464202881,0.9974714517593384
NC_003070.9,18511962,18512089,JUNC_10676,1,+,GT,AG,0.32018262,0.42284912,0.9986588954925537,0.9309952855110168
NC_003070.9,18512512,18512910,JUNC_9617,1,+,GT,AG,0.9964211,0.9854418,0.9384417533874512,0.13132523000240326
NC_003070.9,18515328,18515543,JUNC_8746,1,-,GT,AG,0.9999988,0.99999344,0.15911869704723358,0.5321629047393799
NC_003070.9,18515597,18515763,JUNC_8747,1,-,GT,AG,0.9992824,0.9988342,0.2489999383687973,0.9965094923973083
NC_003070.9,18515825,18515937,JUNC_8748,1,-,GT,AG,0.99998975,0.99999404,0.5028224587440491,0.9718140959739685
NC_003070.9,18516046,18516128,JUNC_8749,1,-,GT,AG,0.9998605,0.9995653,0.04934748634696007,0.05905388668179512
NC_003070.9,18516175,18516272,JUNC_8750,1,-,GT,AG,0.87772167,0.87675047,0.1970360279083252,0.2973818778991699
NC_003070.9,18516415,18516735,JUNC_8751,1,-,GT,AG,0.99999404,0.9999963,0.9880228042602539,0.021721573546528816
NC_003070.9,18516809,18517049,JUNC_8752,1,-,GC,AG,0.9999974,0.99999845,0.9992266893386841,0.9975503087043762
NC_003070.9,18546504,18546790,JUNC_10298,1,+,GT,AG,0.69298285,0.81154716,0.9555751085281372,0.9977853298187256
NC_003070.9,18570028,18570160,JUNC_3891,1,-,GT,AG,0.9999124,0.9998109,0.9697712659835815,0.9642199873924255
NC_003070.9,18570232,18570321,JUNC_3892,1,-,GT,AG,0.99999857,0.9999987,0.994954526424408,0.9146404266357422
NC_003070.9,18570381,18570474,JUNC_3893,1,-,GT,AG,1.0,1.0,0.11246483772993088,0.9861088395118713
NC_003070.9,18570613,18570702,JUNC_3894,1,-,GT,AG,1.0,1.0,0.27760669589042664,0.011343635618686676
NC_003070.9,18570887,18571020,JUNC_3895,1,-,GT,AG,0.9990988,0.9991352,0.13096877932548523,4.406545849633403e-05
NC_003070.9,18571104,18571356,JUNC_3896,1,-,GT,AG,0.9999993,0.99999905,3.96288487536367e-05,0.017739856615662575
NC_003070.9,18571479,18571572,JUNC_3897,1,-,GT,AG,0.97440517,0.9722497,0.08278894424438477,0.050830110907554626
NC_003070.9,18571749,18571832,JUNC_3898,1,-,GT,AG,0.999451,0.99943763,0.053226664662361145,0.008362464606761932
NC_003070.9,18571902,18571985,JUNC_3899,1,-,GT,AG,0.99999774,0.9999862,0.37508827447891235,0.05466502532362938
NC_003070.9,18572082,18572495,JUNC_3900,1,-,GT,AG,0.9996136,0.9998377,0.11050636321306229,0.10418180376291275
NC_003070.9,18572571,18572665,JUNC_3901,1,-,GT,AG,0.94270295,0.93398225,0.013457808643579483,0.049517277628183365
NC_003070.9,18572755,18573113,JUNC_3902,1,-,GT,AG,0.9999999,0.9999999,0.00046138372272253036,0.06858477741479874
NC_003070.9,18573221,18573615,JUNC_3903,1,-,GT,AG,0.99999905,0.9999975,0.004961400758475065,0.016599072143435478
NC_003070.9,18573654,18573752,JUNC_3904,1,-,GT,AG,0.99977297,0.9995845,0.005782258231192827,0.0006339223473332822
NC_003070.9,18573947,18574405,JUNC_3905,1,-,GT,AG,0.999967,0.9999639,0.0035645326133817434,0.005214236211031675
NC_003070.9,18574476,18574606,JUNC_3906,1,-,GT,AG,1.0,1.0,0.00011258652375545353,0.0017453498439863324
NC_003070.9,18574758,18575747,JUNC_9454,1,-,GT,AG,0.99998116,0.9999764,0.013941572979092598,0.02931012213230133
NC_003070.9,18574758,18576669,JUNC_3907,1,-,GT,AG,0.9996778,0.99972147,0.08664615452289581,0.05620299279689789
NC_003070.9,18575813,18576669,JUNC_9455,1,-,GT,AG,0.9089059,0.85383207,6.258273788262159e-05,0.016221050173044205
NC_003070.9,18576721,18577002,JUNC_3908,1,-,GT,AG,0.99950826,0.998741,0.05009278282523155,0.11666907370090485
NC_003070.9,18577093,18577417,JUNC_3909,1,-,GT,AG,1.0,1.0,0.0524662546813488,0.0020466435234993696
NC_003070.9,18577642,18577732,JUNC_3910,1,-,GT,AG,0.9872103,0.9542261,0.007426713593304157,0.14077387750148773
NC_003070.9,18577827,18577937,JUNC_3911,1,-,GT,AG,0.8601725,0.85620546,0.0315331295132637,0.00582176074385643
NC_003070.9,18578062,18578151,JUNC_3912,1,-,GT,AG,0.037522845,0.021241236,0.00030392344342544675,0.004319492727518082
NC_003070.9,18578700,18578944,JUNC_9456,1,-,GT,AG,0.0141453575,0.039522666,0.9264563918113708,0.9205141067504883
NC_003070.9,18578700,18579029,JUNC_3913,1,-,GT,AG,0.8495519,0.87989193,0.6329259276390076,0.7657041549682617
NC_003070.9,18582145,18582240,JUNC_9214,1,+,GT,AG,0.9995239,0.9994339,0.6997261643409729,0.7427678108215332
NC_003070.9,18582482,18582614,JUNC_9215,1,+,GT,AG,0.9997441,0.9995672,0.991938054561615,0.9101904034614563
NC_003070.9,18582676,18582855,JUNC_9216,1,+,GT,AG,0.9999989,0.9999988,0.5138017535209656,0.6660650968551636
NC_003070.9,18582966,18583088,JUNC_9217,1,+,GT,AG,0.99998736,0.99999285,0.15357422828674316,0.9614338278770447
NC_003070.9,18585117,18585194,JUNC_9198,1,+,GT,AG,0.86676526,0.87459993,0.002120445715263486,0.004244859796017408
NC_003070.9,18585341,18585415,JUNC_9199,1,+,GT,AG,0.55444324,0.31176305,0.11277695745229721,0.016999755054712296
NC_003070.9,18586074,18586155,JUNC_9200,1,+,GT,AG,0.038442012,0.13311431,0.0035261132288724184,0.10648881644010544
NC_003070.9,18586371,18586467,JUNC_9201,1,+,GT,AG,4.3272186e-09,1.3411882e-08,0.4810320734977722,0.19567179679870605
NC_003070.9,18606757,18607036,JUNC_5019,1,+,GT,AG,0.99983734,0.9995413,0.8855734467506409,0.40957772731781006
NC_003070.9,18606816,18607036,JUNC_14183,1,+,GT,AG,0.99994934,0.9999231,0.33065587282180786,0.6541900038719177
NC_003070.9,18607152,18607237,JUNC_5020,1,+,GT,AG,0.9999844,0.99998796,4.749104846268892e-06,7.299363460333552e-06
NC_003070.9,18607312,18607407,JUNC_5021,1,+,GT,AG,0.9999205,0.999834,0.9018030166625977,0.9608385562896729
NC_003070.9,18607500,18607605,JUNC_5022,1,+,GT,AG,0.99993527,0.9999442,0.8149065971374512,1.9994615286123008e-05
NC_003070.9,18607680,18607757,JUNC_5023,1,+,GT,AG,0.9999987,0.99999726,0.9313904643058777,0.5443412065505981
NC_003070.9,18607850,18608255,JUNC_5024,1,+,GT,AG,0.93524086,0.9575245,0.9909676909446716,0.8921105861663818
NC_003070.9,18608319,18608407,JUNC_5025,1,+,GT,AG,0.78392047,0.721051,0.9955083131790161,0.9713283181190491
NC_003070.9,18608492,18608676,JUNC_5026,1,+,GT,AG,0.99437124,0.9946392,0.9960993528366089,0.9996910095214844
NC_003070.9,18608749,18608822,JUNC_5027,1,+,GT,AG,0.940434,0.93093574,0.9205573201179504,0.9940409064292908
NC_003070.9,18608891,18608998,JUNC_5028,1,+,GT,AG,0.99980634,0.99990034,0.9643648862838745,0.9225375652313232
NC_003070.9,18609079,18609236,JUNC_5029,1,+,GT,AG,0.33800632,0.40099847,0.18022462725639343,0.07618014514446259
NC_003070.9,18609309,18609393,JUNC_5030,1,+,GT,AG,0.997424,0.9939535,0.012320675887167454,0.1226164698600769
NC_003070.9,18609546,18610058,JUNC_5031,1,+,GT,AG,1.0,1.0,0.2464645355939865,0.9252462387084961
NC_003070.9,18610194,18610396,JUNC_5032,1,+,GT,AG,1.0,1.0,0.8429781794548035,0.5584990978240967
NC_003070.9,18610568,18610702,JUNC_5033,1,+,GT,AG,0.9999988,0.99999666,0.9890608787536621,0.6567890048027039
NC_003070.9,18610804,18610878,JUNC_5034,1,+,GT,AG,0.99991536,0.99984956,0.8952075839042664,0.9391445517539978
NC_003070.9,18611373,18611518,JUNC_5035,1,+,GT,AG,0.99623114,0.9962443,0.3706088662147522,0.8859500885009766
NC_003070.9,18612658,18612799,JUNC_5036,1,+,GT,AG,0.9999999,0.9999999,0.06195630878210068,0.17618323862552643
NC_003070.9,18613033,18613143,JUNC_5037,1,+,GT,AG,0.9999995,0.9999999,0.9797991514205933,0.5151646137237549
NC_003070.9,18613287,18613383,JUNC_5038,1,+,GT,AG,0.99932575,0.99913174,0.18311652541160583,0.9672096371650696
NC_003070.9,18613464,18613561,JUNC_5039,1,+,GT,AG,0.9987388,0.9982938,0.7415518164634705,0.504801332950592
NC_003070.9,18613750,18613842,JUNC_5040,1,+,GT,AG,0.99999726,0.9999956,0.78986656665802,0.836495041847229
NC_003070.9,18626144,18626229,JUNC_1964,1,-,GT,AG,0.84213763,0.74325645,0.9981575608253479,0.013575397431850433
NC_003070.9,18636122,18636233,JUNC_17566,1,+,GT,AG,0.9998252,0.99886334,0.04000123217701912,0.051640834659338
NC_003070.9,18636556,18636898,JUNC_17567,1,+,GT,AG,1.0,1.0,3.191459541085351e-08,1.0034620245846781e-08
NC_003070.9,18637528,18637648,JUNC_14510,1,+,GT,AG,0.9668423,0.9143499,0.35108044743537903,0.9829173684120178
NC_003070.9,18672304,18672780,JUNC_9790,1,+,GT,AG,0.9551029,0.95602894,0.9895589351654053,0.9405369758605957
NC_003070.9,18672918,18672996,JUNC_618,1,+,GT,AG,0.98943007,0.9881224,0.013207191601395607,0.9853931069374084
NC_003070.9,18673523,18674022,JUNC_619,1,+,GT,AG,0.99999213,0.9999963,0.9955723285675049,0.9164642691612244
NC_003070.9,18674094,18674165,JUNC_620,1,+,GT,AG,0.99717677,0.99562615,0.9304875731468201,0.6952720284461975
NC_003070.9,18674243,18674328,JUNC_621,1,+,GT,AG,0.48158097,0.44245496,0.6218264698982239,0.7130492925643921
NC_003070.9,18675259,18675605,JUNC_622,1,+,GT,AG,0.9994248,0.99653614,0.3491668701171875,0.0004810095706488937
NC_003070.9,18675736,18675946,JUNC_623,1,+,GT,AG,0.99999917,0.9999995,0.049557849764823914,0.1343671977519989
NC_003070.9,18676165,18676287,JUNC_624,1,+,GT,AG,0.99999976,0.9999993,0.036962658166885376,0.4088893234729767
NC_003070.9,18677177,18677260,JUNC_626,1,+,GT,AG,0.9999994,0.9999976,0.6782606840133667,0.01416753139346838
NC_003070.9,18679762,18680003,JUNC_17438,1,-,GT,AG,0.9907815,0.96444416,0.0013020611368119717,0.0031952434219419956
NC_003070.9,18685964,18686060,JUNC_2364,1,+,GT,AG,7.4113545e-05,0.00028618364,0.22052720189094543,0.13628078997135162
NC_003070.9,18686312,18686387,JUNC_2365,1,+,GT,AG,0.9993586,0.9983644,0.003271336667239666,0.041699573397636414
NC_003070.9,18686473,18686575,JUNC_2366,1,+,GT,AG,0.99844974,0.99437404,0.26760628819465637,0.013675113208591938
NC_003070.9,18686722,18687123,JUNC_2367,1,+,GT,AG,0.97578,0.95129555,0.7802945375442505,0.015883101150393486
NC_003070.9,18687226,18687357,JUNC_2368,1,+,GT,AG,0.9999999,0.9999999,0.1793447583913803,0.008780143223702908
NC_003070.9,18687470,18687556,JUNC_2369,1,+,GT,AG,0.9998041,0.99979335,0.04658404737710953,0.011801652610301971
NC_003070.9,18694302,18695226,JUNC_6671,1,+,GT,AG,0.99967027,0.99934155,0.006117114797234535,0.38281962275505066
NC_003070.9,18695377,18695481,JUNC_6672,1,+,GT,AG,0.9999914,0.99999475,0.9254505634307861,0.8789030313491821
NC_003070.9,18695661,18695928,JUNC_6673,1,+,GT,AG,0.9999833,0.9999502,0.974612295627594,0.5446671843528748
NC_003070.9,18696003,18696149,JUNC_6674,1,+,GT,AG,0.99999917,0.9999994,0.9787304997444153,0.01857239007949829
NC_003070.9,18696305,18696395,JUNC_6675,1,+,GT,AG,0.99996996,0.9999666,0.1052420511841774,0.03871159628033638
NC_003070.9,18696494,18696590,JUNC_6676,1,+,GT,AG,0.9999994,0.99999905,0.21369263529777527,0.009212100878357887
NC_003070.9,18696718,18696914,JUNC_10015,1,+,GT,AG,0.9991572,0.99683136,0.0031208244618028402,0.2501075267791748
NC_003070.9,18696993,18697072,JUNC_6677,1,+,GT,AG,0.9865813,0.9850477,0.690736711025238,0.0001352860126644373
NC_003070.9,18705051,18705150,JUNC_13695,1,-,GT,AG,0.97914004,0.95344245,7.699549314565957e-05,0.062289513647556305
NC_003070.9,18705210,18705295,JUNC_13696,1,-,GT,AG,0.997609,0.9980273,0.1654880940914154,0.0008977195830084383
NC_003070.9,18705359,18705453,JUNC_13697,1,-,GT,AG,0.9977543,0.99900717,0.03728606924414635,0.8029177784919739
NC_003070.9,18705681,18705767,JUNC_13698,1,-,GT,AG,0.9953243,0.98324835,0.722661018371582,0.07522974163293839
NC_003070.9,18705795,18706187,JUNC_13699,1,-,GT,AG,0.99824667,0.996108,0.08260892331600189,5.905673242523335e-05
NC_003070.9,18708519,18708643,JUNC_7088,1,-,GT,AG,0.99999905,0.99999607,0.0810413584113121,2.7239193514105864e-05
NC_003070.9,18708791,18709035,JUNC_17887,1,-,GT,AG,0.9999474,0.9999261,0.0001323887554462999,5.078745289210929e-06
NC_003070.9,18708808,18709035,JUNC_7089,1,-,GT,AG,0.9999999,0.99999964,0.3459005653858185,0.00010143018880626187
NC_003070.9,18709098,18709431,JUNC_7090,1,-,GT,AG,0.9984642,0.99802613,0.2514280080795288,0.9850562214851379
NC_003070.9,18709509,18709667,JUNC_7091,1,-,GT,AG,0.96136695,0.9523889,0.9957450032234192,0.9793609976768494
NC_003070.9,18709761,18709850,JUNC_7092,1,-,GT,AG,0.99997675,0.9999802,0.9996500015258789,0.7798663377761841
NC_003070.9,18709984,18710055,JUNC_7093,1,-,GT,AG,0.9999949,0.99999297,0.41426149010658264,0.5789517760276794
NC_003070.9,18710133,18710666,JUNC_7094,1,-,GT,AG,0.9998826,0.9999287,0.23199239373207092,0.9967049956321716
NC_003070.9,18710732,18710801,JUNC_7095,1,-,GT,AG,0.9977811,0.99750227,0.9059404134750366,0.9272714853286743
NC_003070.9,18710909,18711195,JUNC_7096,1,-,GT,AG,0.9976331,0.9971085,0.8008769154548645,0.0016348672797903419
NC_003070.9,18711273,18711707,JUNC_7097,1,-,GT,AG,0.9998215,0.99949145,0.8254075646400452,0.005378945264965296
NC_003070.9,18711767,18711849,JUNC_7098,1,-,GT,AG,0.99999964,0.9999995,0.019069267436861992,0.4592733383178711
NC_003070.9,18711954,18712243,JUNC_7099,1,-,GT,AG,0.9892519,0.98053896,0.002050174167379737,0.0001759099104674533
NC_003070.9,18712297,18712378,JUNC_9319,1,-,GT,AG,0.99741745,0.9954261,0.04051143676042557,0.011830988340079784
NC_003070.9,18712564,18712767,JUNC_7101,1,-,GT,AG,0.9999999,0.99999964,0.00011387942504370585,0.03823200985789299
NC_003070.9,18712831,18713517,JUNC_7102,1,-,GT,AG,0.9998623,0.9998884,0.02723405696451664,0.00012638872431125492
NC_003070.9,18713659,18713745,JUNC_7103,1,-,GT,AG,0.9806285,0.96486527,0.007406961638480425,0.5464445948600769
NC_003070.9,18713906,18714271,JUNC_7104,1,-,GT,AG,0.9965679,0.9979127,0.1266326606273651,0.14151586592197418
NC_003070.9,18714396,18714605,JUNC_7105,1,-,GT,AG,0.9974953,0.9986788,0.009417341090738773,0.6060185432434082
NC_003070.9,18714676,18714848,JUNC_7106,1,-,GT,AG,0.9999999,0.9999999,0.9358142614364624,0.21756352484226227
NC_003070.9,18714999,18715130,JUNC_7107,1,-,GT,AG,0.9999999,0.99999976,0.6033594012260437,0.2484893947839737
NC_003070.9,18715187,18715282,JUNC_7108,1,-,GT,AG,0.99999976,0.99999917,0.041915178298950195,0.942332923412323
NC_003070.9,18715377,18715548,JUNC_7109,1,-,GT,AG,1.0,1.0,0.08632425963878632,0.023839732632040977
NC_003070.9,18715434,18715548,JUNC_9320,1,-,GT,AG,0.010531312,0.011626652,0.18501436710357666,0.553364634513855
NC_003070.9,18715645,18715847,JUNC_7110,1,-,GT,AG,0.9999715,0.9999628,0.14461588859558105,0.5297761559486389
NC_003070.9,18725204,18725286,JUNC_17378,1,+,GT,AG,0.99999976,0.99999964,0.6093003153800964,0.6843941807746887
NC_003070.9,18732900,18733019,JUNC_8605,1,-,GT,AG,9.1068796e-05,8.503698e-05,0.6185768842697144,0.07050876319408417
NC_003070.9,18733198,18733276,JUNC_8606,1,-,GT,AG,0.62098557,0.59100676,0.7862637042999268,0.6533282995223999
NC_003070.9,18748935,18749014,JUNC_4518,1,+,GT,AG,0.9997824,0.9997384,0.024546010419726372,0.8666950464248657
NC_003070.9,18749066,18749158,JUNC_4519,1,+,GT,AG,0.99988055,0.99975616,0.929948627948761,0.0019141200464218855
NC_003070.9,18749335,18749743,JUNC_4520,1,+,GT,AG,0.99994767,0.99989283,0.705242931842804,0.024010758846998215
NC_003070.9,18775142,18775222,JUNC_10119,1,-,GT,AG,0.9987387,0.9947555,0.03520670533180237,0.8262510299682617
NC_003070.9,18775298,18775385,JUNC_10120,1,-,GT,AG,0.99855775,0.99780446,0.29301002621650696,0.006716134957969189
NC_003070.9,18775504,18775598,JUNC_10121,1,-,GT,AG,0.9999974,0.99999666,3.877546248531871e-07,0.0006136549054645002
NC_003070.9,18775661,18775740,JUNC_10122,1,-,GT,AG,0.9999994,0.99999714,0.8422889709472656,0.01979396678507328
NC_003070.9,18775832,18776005,JUNC_10123,1,-,GT,AG,0.9999976,0.99999845,0.10750970244407654,0.003283013356849551
NC_003070.9,18776114,18776359,JUNC_10124,1,-,GT,AG,0.9862368,0.9870948,0.028074193745851517,0.04437589645385742
NC_003070.9,18776405,18776487,JUNC_10125,1,-,GT,AG,0.99997306,0.9999621,0.10215345025062561,0.002936788834631443
NC_003070.9,18776569,18776999,JUNC_10126,1,-,GT,AG,0.6569284,0.36722568,0.006873416714370251,0.9504446983337402
NC_003070.9,18782895,18782968,JUNC_3022,1,+,GT,AG,0.9999974,0.99999666,0.970085620880127,0.9963578581809998
NC_003070.9,18783112,18783213,JUNC_3023,1,+,GT,AG,0.8231592,0.8906784,0.9918831586837769,0.9772157073020935
NC_003070.9,18783366,18783459,JUNC_3024,1,+,GT,AG,0.9999696,0.9999434,0.0026510218158364296,0.004530502017587423
NC_003070.9,18783575,18783656,JUNC_3025,1,+,GT,AG,1.0,1.0,0.39692041277885437,2.3890490297162614e-07
NC_003070.9,18783824,18783902,JUNC_3026,1,+,GT,AG,0.9999993,0.9999982,0.6638281941413879,0.22137002646923065
NC_003070.9,18784030,18784125,JUNC_3027,1,+,GT,AG,0.99999964,0.99999964,0.012040684930980206,6.352404307108372e-05
NC_003070.9,18784225,18784310,JUNC_3028,1,+,GT,AG,1.0,1.0,0.0003048530197702348,0.9748518466949463
NC_003070.9,18784781,18784884,JUNC_17775,1,-,GT,AG,0.9410182,0.85829306,0.989569902420044,5.1384608923399355e-06
NC_003070.9,18784962,18785071,JUNC_17776,1,-,GT,AG,0.99988556,0.9995278,0.6039183139801025,0.6933757662773132
NC_003070.9,18785123,18785218,JUNC_17777,1,-,GT,AG,0.9999789,0.9999658,0.003442717483267188,0.9993640780448914
NC_003070.9,18785287,18785370,JUNC_17778,1,-,GT,AG,0.48767734,0.40592763,0.9689127206802368,0.24968141317367554
NC_003070.9,18785429,18785504,JUNC_17779,1,-,GT,AG,0.99939036,0.9990356,0.3965684771537781,0.9617936015129089
NC_003070.9,18785576,18785772,JUNC_17780,1,-,GT,AG,1.0,1.0,0.14235782623291016,0.004378639627248049
NC_003070.9,18785866,18786206,JUNC_17781,1,-,GT,AG,0.99999976,0.99999976,0.002661365084350109,0.0030912444926798344
NC_003070.9,18786252,18786402,JUNC_17782,1,-,GT,AG,0.99983793,0.9997466,0.0022258905228227377,0.05818132311105728
NC_003070.9,18786499,18786657,JUNC_17783,1,-,GT,AG,0.9999999,0.99999976,0.8998978137969971,0.7768451571464539
NC_003070.9,18786990,18787078,JUNC_17784,1,-,GT,AG,0.9999999,0.99999976,0.4588729441165924,0.00018189156253356487
NC_003070.9,18787204,18787351,JUNC_17785,1,-,GT,AG,0.99929476,0.99868435,0.00010047376417787746,0.9950462579727173
NC_003070.9,18787399,18787480,JUNC_17786,1,-,GT,AG,0.99269,0.9927442,0.9975128173828125,0.9510094523429871
NC_003070.9,18814997,18815050,JUNC_13374,1,-,GT,AG,0.10167241,0.2949995,0.5194330215454102,0.6603155732154846
NC_003070.9,18862492,18862581,JUNC_17276,1,-,GT,AG,0.9981836,0.9961243,0.919590175151825,0.9114528298377991
NC_003070.9,18863177,18863277,JUNC_17277,1,-,GT,AG,0.9999541,0.9999783,0.9946439266204834,0.8708499670028687
NC_003070.9,18863383,18863464,JUNC_17278,1,-,GT,AG,0.9954273,0.99529487,0.970949113368988,0.9925400614738464
NC_003070.9,18864124,18864617,JUNC_17279,1,-,GT,AG,0.99999976,0.9999995,0.9990350008010864,0.9954877495765686
NC_003070.9,18864809,18865038,JUNC_17280,1,-,GT,AG,0.99999535,0.99999726,0.7350913286209106,0.03678416088223457
NC_003070.9,18867459,18867642,JUNC_9977,1,-,GT,AG,0.99999976,0.99999917,0.008564775809645653,0.049800001084804535
NC_003070.9,18867831,18868089,JUNC_9978,1,-,GT,AG,1.0,1.0,0.006365469191223383,0.022564386948943138
NC_003070.9,18868278,18868507,JUNC_9979,1,-,GT,AG,1.0,1.0,0.006519937887787819,0.92035311460495
NC_003070.9,18868703,18868791,JUNC_9980,1,-,GT,AG,0.9999999,0.9999999,0.9875072836875916,0.07802935689687729
NC_003070.9,18870242,18870540,JUNC_18385,1,+,GT,AG,0.99999905,0.99999595,0.045768529176712036,0.638289749622345
NC_003070.9,18872584,18872684,JUNC_18386,1,+,GT,AG,0.9998221,0.99982387,0.3166269361972809,0.0007757487474009395
NC_003070.9,18877287,18877376,JUNC_2306,1,+,GT,AG,0.9999999,0.99999976,0.2411516159772873,0.8295009732246399
NC_003070.9,18877448,18877577,JUNC_2307,1,+,GT,AG,0.99999964,0.9999989,0.8260689377784729,0.1341690719127655
NC_003070.9,18896371,18896476,JUNC_14247,1,+,GT,AG,0.99990344,0.99994016,0.9886513948440552,0.008432870730757713
NC_003070.9,18896628,18896712,JUNC_14248,1,+,GT,AG,0.9999951,0.9999937,0.9031057357788086,0.9822116494178772
NC_003070.9,18896863,18897085,JUNC_14249,1,+,GT,AG,0.99999857,0.99999726,0.9995335340499878,0.895430326461792
NC_003070.9,18897156,18897356,JUNC_14250,1,+,GT,AG,0.8297279,0.82670015,0.9145285487174988,0.2757532000541687
NC_003070.9,18897481,18897765,JUNC_14251,1,+,GT,AG,0.39943781,0.5869142,0.17294864356517792,0.7565369606018066
NC_003070.9,18897926,18898005,JUNC_14252,1,+,GT,AG,0.99577194,0.9782402,0.8282750248908997,0.995009183883667
NC_003070.9,18898147,18898398,JUNC_14253,1,+,GT,AG,0.9990283,0.9986983,0.998369038105011,0.9241589903831482
NC_003070.9,18898462,18898671,JUNC_14254,1,+,GT,AG,0.99880016,0.99640983,0.8324046730995178,0.44421011209487915
NC_003070.9,18898779,18898881,JUNC_14255,1,+,GT,AG,0.9035401,0.9454553,0.7917929887771606,0.9923698902130127
NC_003070.9,18898986,18899051,JUNC_14256,1,+,GT,AG,0.9998365,0.9996137,0.9983804225921631,0.9950299263000488
NC_003070.9,18899111,18899415,JUNC_14257,1,+,GT,AG,0.11725592,0.0980326,0.9902905821800232,0.9488722681999207
NC_003070.9,18899478,18899557,JUNC_14258,1,+,GT,AG,0.08076913,0.09272917,0.5816254615783691,0.9276511073112488
NC_003070.9,18899584,18899671,JUNC_14259,1,+,GT,AG,1.1102247e-05,2.3785622e-05,0.8244593143463135,0.9742722511291504
NC_003070.9,18899737,18899808,JUNC_14260,1,+,GT,AG,0.99951255,0.99915814,0.9924120306968689,0.19942303001880646
NC_003070.9,18899904,18899998,JUNC_14261,1,+,GT,AG,0.9957708,0.9895,0.7564677000045776,0.032935112714767456
NC_003070.9,18939734,18939828,JUNC_5241,1,-,GT,AG,0.48882574,0.23349452,0.037138063460588455,0.9872271418571472
NC_003070.9,18939920,18940004,JUNC_5242,1,-,GT,AG,0.9999896,0.99996257,0.9962627291679382,0.030451396480202675
NC_003070.9,18940221,18940577,JUNC_5243,1,-,GT,AG,0.98568463,0.9907239,0.016280191019177437,0.049599550664424896
NC_003070.9,18940668,18940764,JUNC_5244,1,-,GT,AG,0.99999523,0.9999925,0.49825519323349,0.011209391057491302
NC_003070.9,18941017,18941167,JUNC_5245,1,-,GT,AG,0.9999927,0.99997973,0.0022292931098490953,0.34961414337158203
NC_003070.9,18941248,18941337,JUNC_5246,1,-,GT,AG,1.0,1.0,0.10636553168296814,0.9353082776069641
NC_003070.9,18943846,18943934,JUNC_10895,1,-,GT,AG,0.9286818,0.7967135,0.9059286117553711,0.9665058851242065
NC_003070.9,18944003,18944087,JUNC_10896,1,-,GT,AG,0.91186047,0.93000144,0.9931939840316772,0.9755744934082031
NC_003070.9,18944153,18944259,JUNC_10897,1,-,GT,AG,0.37611994,0.27486408,0.8099373579025269,0.037279706448316574
NC_003070.9,18944415,18944530,JUNC_10898,1,-,GT,AG,0.99999774,0.9999949,0.04976077377796173,0.013409021310508251
NC_003070.9,18944823,18945102,JUNC_10899,1,-,GT,AG,0.99999964,0.9999995,0.0849042758345604,0.01712336391210556
NC_003070.9,18949663,18950006,JUNC_3514,1,+,GT,AG,0.03978748,0.14197707,1.2826317785652463e-09,1.4597500097579541e-08
NC_003070.9,18950280,18950430,JUNC_3515,1,+,GT,AG,0.9998185,0.999476,0.05772237852215767,0.9744265079498291
NC_003070.9,18950545,18951284,JUNC_3516,1,+,GT,AG,0.9999999,0.9999999,0.9970880150794983,0.9774226546287537
NC_003070.9,18951403,18951508,JUNC_3517,1,+,GT,AG,0.99964917,0.99956435,0.9826217889785767,0.8631986975669861
NC_003070.9,18984561,18984723,JUNC_17423,1,+,GT,AG,0.9966715,0.99938375,0.8701537847518921,0.535080075263977
NC_003070.9,18984756,18985687,JUNC_17424,1,+,GT,AG,0.9999362,0.9998597,0.009243316948413849,0.0012808979954570532
NC_003070.9,19007609,19007825,JUNC_17570,1,+,GT,AG,0.013785157,0.05491083,0.2026968151330948,0.5616201162338257
NC_003070.9,19007896,19007987,JUNC_17571,1,+,GT,AG,0.99940336,0.9991653,0.9675726294517517,0.09176752716302872
NC_003070.9,19008069,19008188,JUNC_17572,1,+,GT,AG,0.9999138,0.99991024,0.9933892488479614,0.9280323386192322
NC_003070.9,19008304,19008423,JUNC_4729,1,+,GT,AG,0.9999795,0.999979,0.9809633493423462,0.9961863160133362
NC_003070.9,19008582,19008684,JUNC_17573,1,+,GT,AG,0.99212766,0.9923753,0.9939501285552979,0.7891083359718323
NC_003070.9,19008766,19008858,JUNC_4730,1,+,GT,AG,0.856872,0.4249896,0.9915962815284729,0.9744423627853394
NC_003070.9,19008929,19009005,JUNC_4731,1,+,GT,AG,0.9543282,0.9534491,0.9958630800247192,0.030367892235517502
NC_003070.9,19009087,19009193,JUNC_4732,1,+,GT,AG,0.9985706,0.99809724,0.4637351930141449,0.9949889779090881
NC_003070.9,19009309,19009396,JUNC_4733,1,+,GT,AG,0.9999999,0.99999976,0.9975461363792419,0.20576079189777374
NC_003070.9,19009555,19009685,JUNC_4734,1,+,GT,AG,0.99997234,0.99997437,0.013046056032180786,0.9991757273674011
NC_003070.9,19010206,19010411,JUNC_4735,1,+,GT,AG,0.9999807,0.9999459,0.9971787929534912,0.23651717603206635
NC_003070.9,19010473,19010884,JUNC_17574,1,+,GT,AG,0.0017511878,0.0027740598,0.2120416760444641,0.006519778165966272
NC_003070.9,19019517,19019588,JUNC_18124,1,-,GT,AG,0.9993342,0.99848324,0.9979332685470581,0.32646045088768005
NC_003070.9,19019739,19019949,JUNC_18125,1,-,GT,AG,0.9999746,0.9999484,0.9760190844535828,0.9659319519996643
NC_003070.9,19020101,19020185,JUNC_18126,1,-,GT,AG,0.9999336,0.99979645,0.013977895490825176,0.004008947405964136
NC_003070.9,19020269,19020405,JUNC_18127,1,-,GT,AG,0.999759,0.99974805,0.007764871697872877,0.031319089233875275
NC_003070.9,19020489,19020656,JUNC_18128,1,-,GT,AG,0.9999981,0.99999356,0.0007715057581663132,0.16368864476680756
NC_003070.9,19020784,19020908,JUNC_18129,1,-,GT,AG,0.9999999,0.99999964,0.016761232167482376,0.06881019473075867
NC_003070.9,19020987,19021063,JUNC_18130,1,-,GT,AG,0.9993623,0.9988765,0.05410672724246979,0.18925724923610687
NC_003070.9,19021117,19021227,JUNC_18131,1,-,GT,AG,0.7304419,0.675395,0.006290933582931757,0.1886257827281952
NC_003070.9,19021302,19021381,JUNC_18132,1,-,GT,AG,0.36193398,0.37051132,0.029467908665537834,0.9649344086647034
NC_003070.9,19029003,19029167,JUNC_5227,1,-,GT,AG,1.7017707e-07,4.239296e-08,0.9883910417556763,0.9981210827827454
NC_003070.9,19029493,19029751,JUNC_5228,1,-,GT,AG,0.9999397,0.9998049,0.9994581341743469,0.9968435764312744
NC_003070.9,19032091,19032183,JUNC_9342,1,+,GT,AG,0.98267704,0.989228,0.07675843685865402,0.06710559874773026
NC_003070.9,19032300,19032401,JUNC_9343,1,+,GT,AG,0.9999776,0.99997175,0.9908584952354431,0.9935043454170227
NC_003070.9,19032623,19032709,JUNC_9344,1,+,GT,AG,0.99997425,0.9998872,0.026150410994887352,0.05123984441161156
NC_003070.9,19032894,19032971,JUNC_9345,1,+,GT,AG,0.9998646,0.9999019,0.1659432053565979,0.8516479730606079
NC_003070.9,19033107,19033213,JUNC_9346,1,+,GT,AG,1.0,0.9999999,0.5358952879905701,0.06838453561067581
NC_003070.9,19033310,19033396,JUNC_9347,1,+,GT,AG,0.99999905,0.9999982,0.28972530364990234,0.34266725182533264
NC_003070.9,19033497,19033601,JUNC_9348,1,+,GT,AG,0.98662776,0.9782844,0.5557478666305542,0.15848754346370697
NC_003070.9,19033765,19033851,JUNC_9349,1,+,GT,AG,0.99971294,0.99984485,0.987135112285614,0.9907400608062744
NC_003070.9,19033923,19034120,JUNC_9350,1,+,GT,AG,0.9846518,0.97785074,0.9942373037338257,1.021789648802951e-05
NC_003070.9,19034237,19034328,JUNC_9351,1,+,GT,AG,0.99938524,0.999808,0.0001171854164567776,0.7693854570388794
NC_003070.9,19034546,19034638,JUNC_9352,1,+,GT,AG,0.0005248454,0.0008824857,0.9700601696968079,0.4030711352825165
NC_003070.9,19036219,19036530,JUNC_16530,1,+,GT,AG,0.9998846,0.99984944,0.5013494491577148,0.7055776119232178
NC_003070.9,19037253,19037366,JUNC_16531,1,+,GT,AG,0.9999491,0.9999769,0.002280842512845993,0.4939045011997223
NC_003070.9,19037462,19037549,JUNC_16532,1,+,GT,AG,0.92742294,0.68752706,0.9879550933837891,0.9937422871589661
NC_003070.9,19037633,19037752,JUNC_16533,1,+,GT,AG,0.09887104,0.31385684,0.9931716918945312,0.9900197982788086
NC_003070.9,19037987,19038078,JUNC_16534,1,+,GT,AG,0.9759334,0.94533885,0.9924335479736328,0.9560235738754272
NC_003070.9,19038239,19038315,JUNC_16535,1,+,GT,AG,0.9999999,0.99999964,0.8197088837623596,0.9960307478904724
NC_003070.9,19038594,19038684,JUNC_16536,1,+,GT,AG,0.99999976,0.99999905,0.9541136026382446,0.08401089906692505
NC_003070.9,19038914,19039173,JUNC_16537,1,+,GT,AG,0.017943406,0.039885875,0.7547010183334351,0.004914974793791771
NC_003070.9,19046487,19046580,JUNC_3761,1,+,GT,AG,0.27613956,0.24779618,0.001961244037374854,0.004840176552534103
NC_003070.9,19064938,19065023,JUNC_16523,1,-,GT,AG,0.9998864,0.9998465,0.17681114375591278,0.9666445255279541
NC_003070.9,19065070,19065156,JUNC_16524,1,-,GT,AG,0.9995245,0.99948674,0.9990100860595703,0.9990241527557373
NC_003070.9,19065343,19065433,JUNC_16525,1,-,GT,AG,0.99999726,0.9999957,0.9979503750801086,0.0006676358752883971
NC_003070.9,19065724,19065799,JUNC_16526,1,-,GT,AG,0.999831,0.99975115,0.6753288507461548,0.9931542873382568
NC_003070.9,19065994,19066068,JUNC_16527,1,-,GT,AG,0.99985504,0.9997725,0.8563180565834045,0.44565093517303467
NC_003070.9,19066170,19066259,JUNC_16528,1,-,GT,AG,0.99999607,0.99999475,0.012429957278072834,0.6414934992790222
NC_003070.9,19066562,19066644,JUNC_16529,1,-,GT,AG,0.9998815,0.9998958,0.2685593068599701,0.5347840189933777
NC_003070.9,19110006,19110080,JUNC_7662,1,+,GT,AG,0.013108872,0.0067611476,0.11436338722705841,6.935296551091596e-05
NC_003070.9,19110367,19110580,JUNC_7663,1,+,GT,AG,0.9999969,0.99999857,0.0589776337146759,0.006798666901886463
NC_003070.9,19110691,19110992,JUNC_15319,1,+,GT,AG,0.9996947,0.99977463,0.0002442742988932878,0.0048390901647508144
NC_003070.9,19111028,19111112,JUNC_15320,1,+,GT,AG,0.9967314,0.9967267,0.4084959626197815,0.0647193118929863
NC_003070.9,19111254,19111389,JUNC_7665,1,+,GT,AG,0.9998006,0.999882,0.24144470691680908,0.7846283316612244
NC_003070.9,19111471,19111570,JUNC_7666,1,+,GT,AG,0.054239407,0.040972423,0.6810875535011292,0.6761084794998169
NC_003070.9,19111777,19111860,JUNC_7667,1,+,GT,AG,0.99283314,0.9942192,0.9068341851234436,0.25417113304138184
NC_003070.9,19111924,19112022,JUNC_7668,1,+,GT,AG,0.9999993,0.99999905,0.024418935179710388,0.9699535369873047
NC_003070.9,19115875,19116008,JUNC_2585,1,+,GT,AG,0.9999989,0.99999523,0.9924653768539429,0.2595531940460205
NC_003070.9,19116427,19116496,JUNC_2586,1,+,GT,AG,0.98945415,0.98397464,0.8459107875823975,0.4004806876182556
NC_003070.9,19116667,19116752,JUNC_2587,1,+,GT,AG,0.9996118,0.99906033,0.053360700607299805,0.0017217673594132066
NC_003070.9,19116858,19116931,JUNC_2588,1,+,GT,AG,0.99999976,0.9999993,0.000291230360744521,0.089968241751194
NC_003070.9,19117138,19117210,JUNC_2589,1,+,GT,AG,0.99998236,0.9999808,0.005209054332226515,0.0012184421066194773
NC_003070.9,19120016,19120114,JUNC_13494,1,-,GT,AG,0.9940481,0.99519217,0.001929299090988934,0.06736261397600174
NC_003070.9,19120240,19120332,JUNC_13495,1,-,GT,AG,0.9917425,0.9923779,0.5294870138168335,0.011643855832517147
NC_003070.9,19120444,19120523,JUNC_13496,1,-,GT,AG,0.99402666,0.99384344,0.9969910383224487,0.957001268863678
NC_003070.9,19120615,19120717,JUNC_13497,1,-,GT,AG,0.975339,0.97647655,0.8462029695510864,0.9686948657035828
NC_003070.9,19120795,19120881,JUNC_13498,1,-,GT,AG,0.9999634,0.99993455,0.9921181797981262,0.8013373613357544
NC_003070.9,19120961,19121042,JUNC_13499,1,-,GT,AG,0.9986107,0.99726963,0.8531085848808289,0.9972243309020996
NC_003070.9,19121145,19121249,JUNC_13500,1,-,GT,AG,0.9693971,0.8524318,6.242725066840649e-05,0.8215233683586121
NC_003070.9,19121447,19121586,JUNC_13501,1,-,GT,AG,0.88470376,0.86890006,0.009064770303666592,1.3134740584064275e-05
NC_003070.9,19136907,19137023,JUNC_10431,1,+,GT,AG,0.999534,0.99866366,0.04409424588084221,0.06243100017309189
NC_003070.9,19137078,19137482,JUNC_10432,1,+,GT,AG,0.99975914,0.99966884,0.04139786586165428,0.018569326028227806
NC_003070.9,19137615,19137716,JUNC_10433,1,+,GT,AG,0.99988604,0.9996433,0.6060841679573059,0.002352883340790868
NC_003070.9,19137772,19137869,JUNC_10434,1,+,GT,AG,0.81246644,0.8167837,0.6625638008117676,0.2601434886455536
NC_003070.9,19137984,19138099,JUNC_10435,1,+,GT,AG,0.11091974,0.14431813,0.37072432041168213,0.8487831354141235
NC_003070.9,19138157,19138273,JUNC_10436,1,+,GT,AG,0.9990111,0.9961737,0.0022289587650448084,0.002026965841650963
NC_003070.9,19138392,19138526,JUNC_10437,1,+,GT,AG,0.9999999,0.99999964,0.020899327471852303,0.07823389768600464
NC_003070.9,19138646,19138728,JUNC_10438,1,+,GT,AG,0.99988914,0.9993679,2.0996505554649048e-05,5.266580274110311e-07
NC_003070.9,19138830,19138915,JUNC_10439,1,+,GT,AG,0.9999572,0.99985254,0.0037520267069339752,0.020229985937476158
NC_003070.9,19138988,19139154,JUNC_10440,1,+,GT,AG,0.86549103,0.8791497,0.2537536025047302,0.5002392530441284
NC_003070.9,19139222,19139352,JUNC_10441,1,+,GT,AG,0.52565986,0.55443066,0.6052538752555847,0.0035578322131186724
NC_003070.9,19139413,19139490,JUNC_10442,1,+,GT,AG,0.9937316,0.9928444,0.945314884185791,0.01313039567321539
NC_003070.9,19140583,19140652,JUNC_13233,1,+,GT,AG,0.99999964,0.9999994,0.9712177515029907,0.9938458800315857
NC_003070.9,19140779,19140869,JUNC_13234,1,+,GT,AG,0.9966696,0.99535644,0.761421263217926,0.9708459377288818
NC_003070.9,19140932,19141008,JUNC_13235,1,+,GT,AG,0.9998473,0.999765,0.07321423292160034,0.0010692916112020612
NC_003070.9,19141201,19141280,JUNC_13236,1,+,GT,AG,1.0,0.9999999,0.0013309812638908625,0.016664355993270874
NC_003070.9,19156521,19157141,JUNC_10675,1,+,GT,AG,0.98356044,0.9934087,0.10139454901218414,0.2548375725746155
NC_003070.9,19157229,19157799,JUNC_8880,1,+,GT,AG,1.0,1.0,0.0898485854268074,0.02209698036313057
NC_003070.9,19158188,19158284,JUNC_8881,1,+,GT,AG,1.0,1.0,0.9834400415420532,0.6464816927909851
NC_003070.9,19164232,19164660,JUNC_10501,1,+,GT,AG,0.0008891535,0.0022712871,0.9160335063934326,8.805358811514452e-05
NC_003070.9,19166329,19166629,JUNC_2029,1,+,GT,AG,0.9997993,0.9996667,0.9804968237876892,0.7550868391990662
NC_003070.9,19166733,19166822,JUNC_2030,1,+,GT,AG,0.9999989,0.9999962,0.09389210492372513,0.004474174696952105
NC_003070.9,19166918,19167004,JUNC_2031,1,+,GT,AG,0.99974555,0.99951935,0.9820634126663208,0.695530116558075
NC_003070.9,19167124,19167361,JUNC_2032,1,+,GT,AG,0.9992028,0.9977164,0.0036542268935590982,0.9678988456726074
NC_003070.9,19167568,19167960,JUNC_2033,1,+,GT,AG,0.17059174,0.11188488,0.20434656739234924,0.003804032923653722
NC_003070.9,19168052,19168287,JUNC_2034,1,+,GT,AG,0.98527896,0.99223185,0.9763830900192261,0.8646818399429321
NC_003070.9,19168406,19168519,JUNC_2035,1,+,GT,AG,0.9998011,0.9999355,0.0017002876847982407,0.9850420355796814
NC_003070.9,19168643,19168933,JUNC_2036,1,+,GT,AG,0.99997616,0.999984,0.0005823934334330261,0.00024292296438943595
NC_003070.9,19169057,19169173,JUNC_2037,1,+,GT,AG,0.999998,0.99999666,0.00020201441657263786,0.00823269598186016
NC_003070.9,19169242,19169325,JUNC_2038,1,+,GT,AG,0.99992967,0.99989355,0.04785432294011116,0.6999253630638123
NC_003070.9,19169417,19169515,JUNC_2039,1,+,GT,AG,0.9999839,0.99998844,0.07147011905908585,0.014495204202830791
NC_003070.9,19169593,19169680,JUNC_2040,1,+,GT,AG,0.99997663,0.999951,0.1256338208913803,0.0015296677593141794
NC_003070.9,19169748,19169837,JUNC_2041,1,+,GT,AG,0.99576205,0.9857011,0.030852291733026505,0.2090301662683487
NC_003070.9,19175860,19175959,JUNC_10390,1,-,GT,AG,0.99052083,0.9915531,8.529617844033055e-06,0.0011895813513547182
NC_003070.9,19176034,19176109,JUNC_10391,1,-,GT,AG,0.9998377,0.99982613,0.002836125437170267,0.9578014612197876
NC_003070.9,19176229,19176413,JUNC_10392,1,-,GT,AG,0.99999714,0.999998,0.07919453829526901,0.32066312432289124
NC_003070.9,19176462,19176542,JUNC_10393,1,-,GT,AG,0.99999714,0.99999654,0.18634334206581116,0.03425982967019081
NC_003070.9,19176635,19176711,JUNC_10394,1,-,GT,AG,0.99430275,0.9892735,0.9912494421005249,0.4938124120235443
NC_003070.9,19176792,19176882,JUNC_10395,1,-,GT,AG,0.99930453,0.9978675,0.07282564789056778,0.8769335746765137
NC_003070.9,19176952,19177137,JUNC_10396,1,-,GT,AG,0.97680867,0.9834093,0.21916276216506958,0.7783712148666382
NC_003070.9,19177226,19177380,JUNC_10397,1,-,GT,AG,0.99973947,0.9996194,0.019586944952607155,0.0022383981849998236
NC_003070.9,19177489,19177940,JUNC_10398,1,-,GT,AG,0.9999999,0.9999999,0.0472349189221859,0.0007301506120711565
NC_003070.9,19178059,19178146,JUNC_10399,1,-,GT,AG,0.97073555,0.96344495,0.00025526221725158393,0.000667074229568243
NC_003070.9,19178206,19178557,JUNC_10400,1,-,GT,AG,0.92918277,0.9630607,0.0009213464800268412,0.0013479804620146751
NC_003070.9,19178684,19178788,JUNC_10401,1,-,GT,AG,0.9999933,0.9999902,0.014758078381419182,0.0024689144920557737
NC_003070.9,19178889,19179113,JUNC_10402,1,-,GT,AG,0.99999917,0.99999857,2.877280712709762e-05,0.0004059355705976486
NC_003070.9,19179221,19179324,JUNC_10403,1,-,GT,AG,0.98957485,0.969717,0.026580343022942543,0.004343778360635042
NC_003070.9,19179360,19179478,JUNC_10404,1,-,GT,AG,0.9887428,0.99327326,0.0008667437359690666,0.0754961296916008
NC_003070.9,19179624,19179884,JUNC_10405,1,-,GT,AG,0.9997671,0.9997825,0.866990864276886,0.9514507055282593
NC_003070.9,19191729,19191872,JUNC_16538,1,+,GT,AG,0.23875593,0.11248563,0.9366351366043091,0.366961807012558
NC_003070.9,19192245,19192357,JUNC_16539,1,+,GT,AG,0.99999714,0.9999914,0.06687052547931671,0.3478761613368988
NC_003070.9,19193316,19193721,JUNC_16540,1,+,GT,AG,0.9999999,0.9999999,0.9933261871337891,0.9983137845993042
NC_003070.9,19253372,19253452,JUNC_4603,1,-,GT,AG,0.99999297,0.99999213,0.995919942855835,0.695960521697998
NC_003070.9,19253642,19253723,JUNC_4604,1,-,GT,AG,0.9998278,0.9997855,0.8493165373802185,0.8698680400848389
NC_003070.9,19253789,19253873,JUNC_4605,1,-,GT,AG,0.99996674,0.9999678,0.0010837175650522113,0.0056586433202028275
NC_003070.9,19254000,19254109,JUNC_4606,1,-,GT,AG,1.0,1.0,0.05778320133686066,0.009992686100304127
NC_003070.9,19254357,19254448,JUNC_4607,1,-,GT,AG,0.99515885,0.9916386,0.8422622680664062,0.5611756443977356
NC_003070.9,19254630,19254719,JUNC_4608,1,-,GT,AG,0.9997296,0.99969923,0.8624657392501831,0.9429106116294861
NC_003070.9,19254791,19254879,JUNC_4609,1,-,GT,AG,0.9951715,0.99845207,0.4233298897743225,0.035891011357307434
NC_003070.9,19254951,19255039,JUNC_4610,1,-,GT,AG,0.9998022,0.99989223,0.7662041187286377,0.43258050084114075
NC_003070.9,19255111,19255194,JUNC_4611,1,-,GT,AG,0.98611045,0.9890314,0.06788665801286697,0.3638603985309601
NC_003070.9,19255339,19255424,JUNC_4612,1,-,GT,AG,0.9999645,0.9998847,0.24747368693351746,0.12180986255407333
NC_003070.9,19255900,19256098,JUNC_4613,1,-,GT,AG,0.9999956,0.9999914,0.1996118277311325,0.13610219955444336
NC_003070.9,19256244,19256304,JUNC_4614,1,-,GT,AG,0.9999896,0.99996066,0.11492450535297394,0.02239096909761429
NC_003070.9,19256624,19256710,JUNC_4615,1,-,GT,AG,0.9999716,0.9999863,0.966787576675415,0.85858154296875
NC_003070.9,19263287,19263374,JUNC_1819,1,-,GT,AG,0.99986434,0.9997855,0.9718375205993652,0.9892395734786987
NC_003070.9,19263564,19263691,JUNC_1820,1,-,GT,AG,0.022944119,0.01868314,0.9823887944221497,0.9960242509841919
NC_003070.9,19263757,19263835,JUNC_1821,1,-,GT,AG,0.9142157,0.87670547,0.006349348463118076,0.010148663073778152
NC_003070.9,19263962,19264044,JUNC_1822,1,-,GT,AG,0.99999833,0.99999595,0.005032183602452278,0.002146237064152956
NC_003070.9,19264289,19264389,JUNC_1823,1,-,GT,AG,0.99991715,0.9998303,0.0005975497188046575,0.0018536609131842852
NC_003070.9,19264547,19265005,JUNC_4517,1,-,GT,AG,0.9999865,0.99999,0.9688742160797119,0.9833153486251831
NC_003070.9,19265077,19265173,JUNC_1827,1,-,GT,AG,0.9963677,0.99550086,0.061994969844818115,0.0983089804649353
NC_003070.9,19265318,19265400,JUNC_1828,1,-,GT,AG,0.99560994,0.99218905,0.9112597703933716,0.8175181746482849
NC_003070.9,19265879,19266267,JUNC_1829,1,-,GT,AG,0.9999846,0.9999968,0.00044181692646816373,0.00679443683475256
NC_003070.9,19266808,19266919,JUNC_1830,1,-,GT,AG,0.95339805,0.9504417,0.06533587723970413,0.00012822489952668548
NC_003070.9,19275210,19275297,JUNC_8865,1,-,GT,AG,0.9999995,0.9999995,0.7907769083976746,0.6530737280845642
NC_003070.9,19275487,19275582,JUNC_8866,1,-,GT,AG,0.9736188,0.9690643,0.32470229268074036,0.8039560914039612
NC_003070.9,19275648,19275714,JUNC_8867,1,-,GT,AG,0.94031495,0.688005,0.17819060385227203,0.7484101057052612
NC_003070.9,19275841,19275964,JUNC_8868,1,-,GT,AG,1.0,0.9999999,0.019086375832557678,0.8054481744766235
NC_003070.9,19276212,19276292,JUNC_8869,1,-,GT,AG,0.9981797,0.9985685,0.9094921350479126,0.0011550688650459051
NC_003070.9,19276423,19276539,JUNC_8870,1,-,GT,AG,0.99996173,0.99988604,0.04680183157324791,0.9763435125350952
NC_003070.9,19276623,19276716,JUNC_8871,1,-,GT,AG,0.9991812,0.99916124,0.9921959638595581,0.0030951034277677536
NC_003070.9,19276788,19276882,JUNC_8872,1,-,GT,AG,0.9995352,0.9987637,0.9714885950088501,0.996682345867157
NC_003070.9,19276954,19277034,JUNC_8873,1,-,GT,AG,0.82484406,0.8380486,0.010096058249473572,0.965111494064331
NC_003070.9,19277179,19277260,JUNC_8874,1,-,GT,AG,0.9987618,0.99747986,0.0012240021023899317,0.003984773997217417
NC_003070.9,19277739,19277826,JUNC_8875,1,-,GT,AG,0.999956,0.9999356,0.9737682938575745,0.0007718398701399565
NC_003070.9,19277953,19278145,JUNC_8876,1,-,GT,AG,0.999744,0.99981374,0.8752231001853943,0.5840451121330261
NC_003070.9,19278364,19278458,JUNC_8877,1,-,GT,AG,0.99320364,0.9946797,0.0016662054695189,0.0019997500348836184
NC_003070.9,19280541,19280777,JUNC_16387,1,-,GT,AG,0.0001450173,0.00035116772,0.00021897249098401517,0.8330247402191162
NC_003070.9,19280926,19281015,JUNC_16388,1,-,GT,AG,1.0,1.0,0.9338022470474243,0.02302655018866062
NC_003070.9,19281249,19281339,JUNC_16389,1,-,GT,AG,1.0,1.0,0.9783710241317749,0.44379639625549316
NC_003070.9,19281570,19281659,JUNC_16390,1,-,GT,AG,1.0,1.0,0.018432576209306717,0.9877992868423462
NC_003070.9,19281893,19281983,JUNC_16391,1,-,GT,AG,1.0,1.0,0.9924454092979431,0.11265595257282257
NC_003070.9,19282205,19282298,JUNC_16392,1,-,GT,AG,1.0,1.0,0.1821313500404358,0.0035877348855137825
NC_003070.9,19296256,19296344,JUNC_18331,1,-,GT,AG,0.9999497,0.99981827,0.008590119890868664,0.19429905712604523
NC_003070.9,19296452,19296548,JUNC_18332,1,-,GT,AG,1.0,1.0,0.2123175859451294,0.9917967319488525
NC_003070.9,19296696,19296793,JUNC_18333,1,-,GT,AG,1.0,0.9999999,0.803947389125824,0.0262831412255764
NC_003070.9,19296891,19296978,JUNC_18334,1,-,GT,AG,0.96130425,0.9285865,0.4661969840526581,0.03334515169262886
NC_003070.9,19297130,19297209,JUNC_18335,1,-,GT,AG,0.99999547,0.9999943,0.1523018181324005,0.04717482626438141
NC_003070.9,19297315,19297403,JUNC_18336,1,-,GT,AG,1.0,1.0,0.9551452398300171,0.958808958530426
NC_003070.9,19297493,19297569,JUNC_18337,1,-,GT,AG,1.0,0.99999976,0.9692413806915283,0.9100255370140076
NC_003070.9,19297715,19297807,JUNC_18338,1,-,GT,AG,0.9999677,0.99996495,0.5107228755950928,0.10674016922712326
NC_003070.9,19298089,19298201,JUNC_18339,1,-,GT,AG,0.99966764,0.99949193,0.011871329508721828,0.9245232343673706
NC_003070.9,19298291,19298370,JUNC_18340,1,-,GT,AG,0.9999999,0.99999964,0.171493262052536,0.002767537022009492
NC_003070.9,19331358,19331460,JUNC_15664,1,+,GT,AG,0.94970304,0.964463,0.09684069454669952,0.0008997134282253683
NC_003070.9,19331774,19332063,JUNC_15665,1,+,GT,AG,0.99999654,0.9999945,3.5820128687191755e-05,0.013568220660090446
NC_003070.9,19332128,19332364,JUNC_15666,1,+,GT,AG,0.99999964,0.99999905,0.002711203647777438,0.9118388891220093
NC_003070.9,19346359,19346445,JUNC_14469,1,-,GT,AG,0.9999989,0.99999917,0.39266544580459595,0.029391592368483543
NC_003070.9,19347453,19347543,JUNC_14470,1,-,GT,AG,0.99991584,0.99979824,0.9910278916358948,0.0018054016400128603
NC_003070.9,19348005,19348093,JUNC_14471,1,-,GT,AG,0.9999999,0.99999964,0.8746803402900696,0.2021273970603943
NC_003070.9,19348311,19348930,JUNC_17931,1,-,GT,AG,0.8774955,0.9725097,0.9910656809806824,0.9498860239982605
NC_003070.9,19376286,19376385,JUNC_15703,1,+,GT,AG,0.99991596,0.9999176,0.5209153890609741,0.00273630628362298
NC_003070.9,19376895,19376995,JUNC_15704,1,+,GT,AG,0.99982685,0.9995228,0.8636792898178101,0.2462509721517563
NC_003070.9,19377052,19377137,JUNC_15705,1,+,GT,AG,0.99994385,0.999962,0.0059835035353899,0.006363175343722105
NC_003070.9,19377269,19377337,JUNC_15706,1,+,GT,AG,0.99999964,0.9999994,0.0009493675315752625,0.973118245601654
NC_003070.9,19377487,19377542,JUNC_15707,1,+,GT,AG,0.99991107,0.9996853,0.9744083285331726,0.09370213747024536
NC_003070.9,19377644,19377743,JUNC_15708,1,+,GT,AG,0.88833034,0.8816636,0.40910249948501587,0.9883074164390564
NC_003070.9,19378037,19378088,JUNC_15709,1,+,GT,AG,0.13098754,0.119547606,0.9186581969261169,0.996720016002655
NC_003070.9,19384144,19384391,JUNC_16035,1,-,GT,AG,1.0,1.0,0.9965987801551819,0.00016713954391889274
NC_003070.9,19384820,19384925,JUNC_16036,1,-,GT,AG,0.9999999,0.99999917,0.9979332685470581,0.32646045088768005
NC_003070.9,19385140,19385479,JUNC_16037,1,-,GT,AG,0.9365884,0.8767347,0.15696926414966583,0.7799527049064636
NC_003070.9,19410059,19410138,JUNC_5461,1,-,GT,AG,0.99943787,0.99951255,0.00026636855909600854,0.020409034565091133
NC_003070.9,19410288,19410384,JUNC_5462,1,-,GT,AG,0.97451335,0.95538574,8.180007853297866e-07,1.0058476718199927e-08
NC_003070.9,19410490,19410582,JUNC_5463,1,-,GT,AG,0.99103105,0.99277884,2.569207026681397e-05,3.074686901527457e-05
NC_003070.9,19410908,19410984,JUNC_15849,1,-,GT,AG,0.99999845,0.99999774,6.621723514399491e-06,0.00016514980234205723
NC_003070.9,19410911,19410984,JUNC_5464,1,-,GT,AG,0.9999598,0.99994075,0.0006260947557166219,0.4885334074497223
NC_003070.9,19411119,19411202,JUNC_5465,1,-,GT,AG,1.0,1.0,0.01962738297879696,0.005251777824014425
NC_003070.9,19411283,19411370,JUNC_5466,1,-,GT,AG,1.0,1.0,0.7699708342552185,0.39097434282302856
NC_003070.9,19411547,19411632,JUNC_5467,1,-,GT,AG,0.99984837,0.99984604,0.013139934279024601,0.07437649369239807
NC_003070.9,19411822,19411909,JUNC_5468,1,-,GT,AG,0.9876887,0.9876358,0.908110499382019,0.9684458374977112
NC_003070.9,19412022,19412116,JUNC_5469,1,-,GT,AG,0.0060318857,0.0038425531,0.07243312150239944,0.008072898723185062
NC_003070.9,19412191,19412272,JUNC_5470,1,-,GT,AG,0.24702601,0.23676151,0.01692315749824047,5.342355393622711e-07
NC_003070.9,19412428,19412502,JUNC_5471,1,-,GT,AG,0.8549137,0.8389699,0.8363565802574158,0.9963681697845459
NC_003070.9,19412586,19412672,JUNC_5472,1,-,GT,AG,0.99999976,0.9999994,0.9955358505249023,0.33519911766052246
NC_003070.9,19412786,19412889,JUNC_5473,1,-,GT,AG,0.99994266,0.9997975,0.7721626162528992,0.9757727384567261
NC_003070.9,19412985,19413074,JUNC_5474,1,-,GT,AG,0.9999659,0.9999851,0.9798591136932373,0.6959856152534485
NC_003070.9,19413165,19413261,JUNC_5475,1,-,GT,AG,0.9999999,0.9999995,0.9665595293045044,0.9878501296043396
NC_003070.9,19413362,19413483,JUNC_5476,1,-,GT,AG,0.9999294,0.9998807,0.996575653553009,0.8745386600494385
NC_003070.9,19413643,19413752,JUNC_5477,1,-,GT,AG,0.9999646,0.9999522,0.41659989953041077,0.9776590466499329
NC_003070.9,19417803,19418056,JUNC_2080,1,+,GT,AG,0.18243086,0.2743597,0.47055962681770325,0.025511128827929497
NC_003070.9,19418133,19418268,JUNC_2081,1,+,GT,AG,0.81771904,0.9071413,0.4113035500049591,0.588672399520874
NC_003070.9,19418497,19418589,JUNC_2082,1,+,GT,AG,0.99999535,0.99998736,0.0022575892508029938,0.006204815115779638
NC_003070.9,19418744,19418828,JUNC_2083,1,+,GT,AG,0.97912395,0.9881208,0.25306013226509094,6.619420105380414e-07
NC_003070.9,19418874,19418957,JUNC_2084,1,+,GT,AG,0.9923887,0.9928623,0.003948280122131109,0.9964504241943359
NC_003070.9,19419049,19419137,JUNC_2085,1,+,GT,AG,0.9983664,0.9986738,0.05350727215409279,0.9492464065551758
NC_003070.9,19419234,19419375,JUNC_2086,1,+,GT,AG,0.99996734,0.9999665,0.1134064719080925,0.011098651215434074
NC_003070.9,19419432,19419522,JUNC_2087,1,+,GT,AG,0.99182945,0.99189866,0.6382843255996704,0.8338468074798584
NC_003070.9,19421237,19421307,JUNC_10900,1,-,GT,AG,0.99998605,0.99996006,0.8149991631507874,1.3471410966303665e-05
NC_003070.9,19422279,19422362,JUNC_10901,1,-,GT,AG,0.9999764,0.99994636,7.453821126546245e-06,0.055718809366226196
NC_003070.9,19422413,19422495,JUNC_10902,1,-,GT,AG,0.9999918,0.9999808,3.1450238680008624e-07,6.413907271962671e-08
NC_003070.9,19422643,19422734,JUNC_10903,1,-,GT,AG,0.1941795,0.1813809,2.2997668565949425e-05,0.023343393579125404
NC_003070.9,19423000,19423093,JUNC_10904,1,-,GT,AG,0.99999714,0.9999938,0.609465479850769,0.08775462210178375
NC_003070.9,19423453,19423530,JUNC_10905,1,-,GT,AG,0.9999999,0.9999999,0.025391193106770515,0.016835618764162064
NC_003070.9,19423574,19423667,JUNC_10906,1,-,GT,AG,0.99958056,0.9972369,1.2724008229270112e-05,0.00014519855903927237
NC_003070.9,19423722,19423803,JUNC_10907,1,-,GT,AG,0.9992575,0.9983291,0.08551619946956635,0.0009968001395463943
NC_003070.9,19423848,19423932,JUNC_10908,1,-,GT,AG,0.999936,0.99991083,6.834523810539395e-05,0.0001750225928844884
NC_003070.9,19424022,19424104,JUNC_10909,1,-,GT,AG,0.99268687,0.98602825,0.00040416198316961527,1.6156375295395264e-06
NC_003070.9,19425210,19425820,JUNC_16235,1,-,GT,AG,0.9948177,0.98617166,0.0004851612029597163,0.0037860763259232044
NC_003070.9,19481668,19481751,JUNC_5011,1,+,GT,AG,0.9999995,0.9999994,0.012222870253026485,0.0009003564482554793
NC_003070.9,19481896,19481981,JUNC_5012,1,+,GT,AG,0.99999785,0.99999774,0.9685113430023193,0.04559996724128723
NC_003070.9,19482125,19482197,JUNC_5013,1,+,GT,AG,0.9999982,0.99999785,0.4656771719455719,0.0033150629606097937
NC_003070.9,19485594,19485672,JUNC_214,1,+,GT,AG,0.99999976,0.9999995,0.7970935106277466,0.0016057196771726012
NC_003070.9,19485848,19486073,JUNC_215,1,+,GT,AG,1.0,1.0,0.006312726531177759,0.0020711435936391354
NC_003070.9,19486297,19486381,JUNC_216,1,+,GT,AG,0.9986921,0.9980964,0.4512566924095154,0.0001140293461503461
NC_003070.9,19490804,19491477,JUNC_8401,1,-,GT,AG,0.15940438,0.14499338,0.051019713282585144,0.6457984447479248
NC_003070.9,19509105,19509937,JUNC_10148,1,+,GT,AG,0.9999405,0.99992704,0.8445874452590942,0.04319779574871063
NC_003070.9,19515423,19515525,JUNC_8445,1,+,GT,AG,0.9997181,0.99982697,0.02303239144384861,0.040133822709321976
NC_003070.9,19515595,19515676,JUNC_8446,1,+,GT,AG,0.999997,0.99998724,0.05423156917095184,0.0015379497781395912
NC_003070.9,19515732,19515828,JUNC_8447,1,+,GT,AG,0.9998671,0.99979657,0.9642408490180969,0.7963365316390991
NC_003070.9,19515904,19516054,JUNC_8448,1,+,GT,AG,0.114037596,0.019965764,0.9737319350242615,0.6997712850570679
NC_003070.9,19516132,19516224,JUNC_8449,1,+,GT,AG,0.006844241,0.0036792455,0.913459300994873,0.6689490079879761
NC_003070.9,19516577,19516660,JUNC_8450,1,+,GT,AG,0.99999964,0.9999987,0.9993077516555786,0.9973762035369873
NC_003070.9,19516770,19516853,JUNC_8451,1,+,GT,AG,0.9999949,0.99999464,0.6728423833847046,0.9985396862030029
NC_003070.9,19517068,19517168,JUNC_8452,1,+,GT,AG,0.9999993,0.9999994,0.9828076362609863,0.7475634813308716
NC_003070.9,19517203,19517333,JUNC_8453,1,+,GT,AG,0.99998415,0.9999932,0.9713084101676941,0.8931386470794678
NC_003070.9,19517436,19517530,JUNC_8454,1,+,GT,AG,0.9995183,0.999699,0.9946649074554443,0.9902565479278564
NC_003070.9,19517642,19517725,JUNC_17139,1,+,GT,AG,0.9999722,0.9999795,0.993637204170227,0.9905974268913269
NC_003070.9,19517646,19517729,JUNC_8455,1,+,GT,AG,0.012349649,0.022745568,7.44934004615061e-05,2.8414515327312984e-06
NC_003070.9,19517972,19518055,JUNC_17140,1,+,GT,AG,8.5113334e-07,3.515601e-06,0.9968855977058411,0.9353135228157043
NC_003070.9,19520851,19520928,JUNC_17105,1,+,GT,AG,0.9999825,0.999985,0.021954795345664024,0.0011282754130661488
NC_003070.9,19520980,19521078,JUNC_17106,1,+,GT,AG,0.9999807,0.99995065,0.36177507042884827,0.252242773771286
NC_003070.9,19521120,19521203,JUNC_17107,1,+,GT,AG,0.9991351,0.99896574,0.902447521686554,0.21811698377132416
NC_003070.9,19521289,19521429,JUNC_17108,1,+,GT,AG,0.9990959,0.9994929,0.9980528354644775,0.9862749576568604
NC_003070.9,19521499,19521639,JUNC_17109,1,+,GT,AG,0.99999595,0.99999416,0.991456925868988,0.9975257515907288
NC_003070.9,19521714,19521797,JUNC_17110,1,+,GT,AG,0.9999995,0.9999994,0.9987959861755371,0.9976537823677063
NC_003070.9,19521845,19521944,JUNC_17111,1,+,GT,AG,0.999487,0.99898905,0.9880494475364685,0.9928372502326965
NC_003070.9,19522010,19522098,JUNC_17112,1,+,GT,AG,0.99978584,0.99989736,0.8406562805175781,0.9946558475494385
NC_003070.9,19522146,19522246,JUNC_17113,1,+,GT,AG,0.9995695,0.99796224,0.4448322355747223,0.6205239295959473
NC_003070.9,19522315,19522401,JUNC_17114,1,+,GT,AG,0.9999976,0.9999975,5.4185416956897825e-05,0.8129912614822388
NC_003070.9,19522449,19522573,JUNC_17115,1,+,GT,AG,0.99982125,0.9991872,0.03761336952447891,0.09594102203845978
NC_003070.9,19522642,19522711,JUNC_17116,1,+,GT,AG,0.99997306,0.99998546,0.9484395980834961,0.9103654623031616
NC_003070.9,19522759,19522857,JUNC_17117,1,+,GT,AG,0.9999987,0.9999987,0.9943336248397827,0.9210757613182068
NC_003070.9,19522926,19523023,JUNC_17118,1,+,GT,AG,0.99999905,0.99999785,0.7417205572128296,0.9933224320411682
NC_003070.9,19523071,19523168,JUNC_17119,1,+,GT,AG,0.9999273,0.99960834,0.9903075695037842,0.7476115822792053
NC_003070.9,19523228,19523303,JUNC_17120,1,+,GT,AG,0.99999547,0.9999976,0.5035380125045776,0.03985332325100899
NC_003070.9,19523357,19523438,JUNC_17121,1,+,GT,AG,0.99999976,0.99999964,0.00606448482722044,0.8204962611198425
NC_003070.9,19523501,19523594,JUNC_17122,1,+,GT,AG,0.99999964,0.99999976,0.9227333068847656,0.3587906062602997
NC_003070.9,19523642,19523718,JUNC_17123,1,+,GT,AG,0.99998903,0.99996746,0.40356725454330444,0.001786066684871912
NC_003070.9,19523787,19523870,JUNC_17124,1,+,GT,AG,0.9999907,0.99998367,0.3637547791004181,0.720820426940918
NC_003070.9,19523918,19524001,JUNC_17125,1,+,GT,AG,0.999938,0.9998635,0.9230135083198547,0.996807336807251
NC_003070.9,19524061,19524144,JUNC_17126,1,+,GT,AG,0.98823524,0.99784887,0.949920117855072,0.03815048560500145
NC_003070.9,19524192,19524284,JUNC_17127,1,+,GT,AG,0.9984049,0.99691373,0.037068117409944534,0.20008160173892975
NC_003070.9,19524326,19524410,JUNC_17128,1,+,GT,AG,0.9999242,0.99994683,0.7632891535758972,0.0001324130134889856
NC_003070.9,19524565,19524656,JUNC_17129,1,+,GT,AG,0.99335176,0.98617077,0.007673979736864567,0.07732152193784714
NC_003070.9,19531445,19531538,JUNC_4806,1,-,GT,AG,0.9956661,0.9824911,0.0633486807346344,0.009689281694591045
NC_003070.9,19531619,19531712,JUNC_4807,1,-,GT,AG,0.99999666,0.99999774,0.8198057413101196,0.9870811104774475
NC_003070.9,19531802,19531885,JUNC_4808,1,-,GT,AG,0.9999926,0.99998474,1.302704646377606e-07,1.2266843540942318e-08
NC_003070.9,19532016,19532114,JUNC_4809,1,-,GT,AG,0.9995444,0.99958545,0.8526945114135742,0.9957029223442078
NC_003070.9,19532262,19532349,JUNC_4810,1,-,GT,AG,0.999403,0.9992574,0.0028007717337459326,0.195230633020401
NC_003070.9,19532556,19532667,JUNC_4811,1,-,GT,AG,0.9864476,0.9824432,0.722895085811615,0.6874732971191406
NC_003070.9,19532850,19532975,JUNC_4812,1,-,GT,AG,0.99892044,0.999079,0.8414419889450073,0.895077109336853
NC_003070.9,19533079,19533169,JUNC_4813,1,-,GT,AG,1.0,0.9999999,0.5746663212776184,0.9753379821777344
NC_003070.9,19533312,19533386,JUNC_4814,1,-,GT,AG,0.999985,0.99992144,0.9907832145690918,0.9653570055961609
NC_003070.9,19533436,19533605,JUNC_4815,1,-,GT,AG,0.99999964,0.9999976,0.9964465498924255,0.9936040043830872
NC_003070.9,19533719,19533807,JUNC_4816,1,-,GT,AG,0.99999654,0.99999666,0.9956557750701904,0.7937020063400269
NC_003070.9,19533936,19534020,JUNC_4817,1,-,GT,AG,0.99999857,0.99999833,0.10494771599769592,0.2748728096485138
NC_003070.9,19541779,19541872,JUNC_13968,1,-,GT,AG,0.9941748,0.9845977,0.005689879413694143,0.0012589801335707307
NC_003070.9,19541953,19542046,JUNC_13969,1,-,GT,AG,0.9999956,0.99999774,0.003098397981375456,0.08013901114463806
NC_003070.9,19542136,19542219,JUNC_13970,1,-,GT,AG,0.999998,0.99999547,0.761018693447113,0.9911581873893738
NC_003070.9,19542350,19542448,JUNC_13971,1,-,GT,AG,0.9994374,0.99939644,0.9840459823608398,0.7611253261566162
NC_003070.9,19542596,19542683,JUNC_13972,1,-,GT,AG,0.9998746,0.99984777,0.22336676716804504,0.9652378559112549
NC_003070.9,19542890,19543001,JUNC_13973,1,-,GT,AG,0.99804854,0.99741584,0.1834481954574585,0.23511545360088348
NC_003070.9,19543184,19543309,JUNC_13974,1,-,GT,AG,0.9995927,0.9994803,0.9984704852104187,2.6766745577333495e-05
NC_003070.9,19543413,19543503,JUNC_13975,1,-,GT,AG,1.0,0.9999999,0.33787447214126587,1.8221484424429946e-05
NC_003070.9,19543646,19543720,JUNC_13976,1,-,GT,AG,0.9999858,0.9998703,0.08945824205875397,0.425997793674469
NC_003070.9,19543770,19543940,JUNC_13977,1,-,GT,AG,1.0,0.9999999,0.6195185780525208,0.12807030975818634
NC_003070.9,19544054,19544118,JUNC_13978,1,-,GT,AG,0.9997712,0.999778,0.02946937456727028,0.4726317524909973
NC_003070.9,19544247,19544331,JUNC_13979,1,-,GT,AG,0.999998,0.99999154,0.4064760208129883,0.25784194469451904
NC_003070.9,19553359,19553770,JUNC_14749,1,+,GT,AG,0.8249198,0.7313064,0.9013935327529907,0.9360830187797546
NC_003070.9,19553885,19554104,JUNC_14750,1,+,GT,AG,0.6898948,0.6682286,0.009384606964886189,0.3705056607723236
NC_003070.9,19554141,19554212,JUNC_14751,1,+,GT,AG,0.93331367,0.93773293,0.9844051003456116,0.017436694353818893
NC_003070.9,19554252,19554352,JUNC_14752,1,+,GT,AG,0.99995613,0.9999765,0.0017117807874456048,0.7271799445152283
NC_003070.9,19554451,19554686,JUNC_14753,1,+,GT,AG,0.99999964,0.9999988,0.0041362266056239605,2.9427979825413786e-05
NC_003070.9,19554819,19554908,JUNC_14754,1,+,GT,AG,0.99982303,0.999668,2.9582892238977365e-05,0.9229113459587097
NC_003070.9,19554991,19555072,JUNC_14755,1,+,GT,AG,0.7754524,0.6120596,0.986970067024231,0.9797865152359009
NC_003070.9,19555164,19555263,JUNC_14756,1,+,GT,AG,0.9253823,0.9320099,0.02673361264169216,0.9975242018699646
NC_003070.9,19563078,19563153,JUNC_2335,1,-,GT,AG,0.9980892,0.9973709,0.9946911931037903,0.1801653951406479
NC_003070.9,19563297,19563377,JUNC_2336,1,-,GT,AG,0.99870694,0.99909127,0.8920287489891052,0.919646680355072
NC_003070.9,19563453,19563570,JUNC_2337,1,-,GT,AG,0.99850035,0.99871933,0.9919847846031189,0.0009458842105232179
NC_003070.9,19563641,19563790,JUNC_2338,1,-,GT,AG,0.99999905,0.9999988,0.002946131629869342,0.32877182960510254
NC_003070.9,19563862,19563967,JUNC_2339,1,-,GT,AG,0.9626219,0.9669267,0.9341471791267395,0.055222515016794205
NC_003070.9,19564095,19564194,JUNC_2340,1,-,GT,AG,0.9724195,0.9480682,0.024802928790450096,0.8464369177818298
NC_003070.9,19564271,19564357,JUNC_2341,1,-,GT,AG,0.69864213,0.6454993,0.9806312322616577,0.4021718204021454
NC_003070.9,19564451,19564590,JUNC_2342,1,-,GT,AG,0.90848994,0.9054789,0.08467251807451248,0.09336773306131363
NC_003070.9,19564676,19564760,JUNC_2343,1,-,GT,AG,0.9988016,0.99616975,0.2539338171482086,0.0002027937734965235
NC_003070.9,19570895,19570979,JUNC_5781,1,-,GT,AG,0.99999404,0.9999881,0.012947872281074524,0.867527186870575
NC_003070.9,19571242,19571388,JUNC_5782,1,-,GT,AG,0.9999814,0.999977,0.9737952351570129,1.5873400116106495e-05
NC_003070.9,19571536,19571840,JUNC_16513,1,-,GT,AG,0.9983006,0.99810934,2.5665772227512207e-06,0.30295729637145996
NC_003070.9,19584373,19584450,JUNC_10340,1,-,GT,AG,0.9999933,0.9999615,0.99504154920578,6.633879365836037e-06
NC_003070.9,19586353,19586455,JUNC_10341,1,-,GT,AG,0.9999641,0.9999635,0.9981876015663147,0.9982433319091797
NC_003070.9,19586564,19587026,JUNC_10342,1,-,GT,AG,0.99963677,0.9998401,0.9893121123313904,0.9893370866775513
NC_003070.9,19614249,19614333,JUNC_15933,1,+,GT,AG,0.9999999,0.99999976,0.9784502387046814,0.9815816879272461
NC_003070.9,19615189,19615292,JUNC_16671,1,-,GT,AG,1.0,1.0,0.9834058284759521,0.9990441203117371
NC_003070.9,19615338,19615414,JUNC_16672,1,-,GT,AG,1.0,1.0,0.0006744079291820526,0.7652288675308228
NC_003070.9,19615483,19615588,JUNC_16673,1,-,GT,AG,0.9999974,0.99999595,0.9801552891731262,8.263575182354543e-06
NC_003070.9,19615651,19615738,JUNC_16674,1,-,GT,AG,0.9720854,0.95315534,0.03128007426857948,0.0003732073528226465
NC_003070.9,19615975,19616374,JUNC_16675,1,-,GT,AG,1.0,1.0,0.009523077867925167,1.5531732060480863e-05
NC_003070.9,19616434,19616693,JUNC_16676,1,-,GT,AG,1.0,1.0,0.5890601873397827,0.5850908160209656
NC_003070.9,19616770,19616914,JUNC_16677,1,-,GT,AG,0.9999949,0.9999969,0.9067708849906921,0.1431671380996704
NC_003070.9,19617106,19617410,JUNC_16678,1,-,GT,AG,0.9997985,0.99983793,0.01962488330900669,0.9050121903419495
NC_003070.9,19619898,19620136,JUNC_15476,1,+,GT,AG,0.977711,0.9731082,0.9545775651931763,0.011047388426959515
NC_003070.9,19624833,19624922,JUNC_13684,1,-,GT,AG,0.01676316,0.004258738,0.9453263878822327,0.114508718252182
NC_003070.9,19625013,19625104,JUNC_13685,1,-,GT,AG,0.9901073,0.9860779,0.9779207110404968,0.015581621788442135
NC_003070.9,19625190,19625271,JUNC_13686,1,-,GT,AG,0.09874823,0.087828755,0.2646902799606323,0.0001967873831745237
NC_003070.9,19625404,19625477,JUNC_13687,1,-,GT,AG,0.94990176,0.88437515,0.14428316056728363,0.3510948121547699
NC_003070.9,19625582,19625698,JUNC_13688,1,-,GT,AG,0.99992824,0.99990606,0.018568677827715874,0.13213151693344116
NC_003070.9,19625768,19625878,JUNC_13689,1,-,GT,AG,0.99458224,0.99107176,0.39350470900535583,0.015975579619407654
NC_003070.9,19625915,19626226,JUNC_13690,1,-,GT,AG,0.9248059,0.944939,0.4185342788696289,0.7355566620826721
NC_003070.9,19626344,19626474,JUNC_13691,1,-,GT,AG,0.29896727,0.22577672,0.15160425007343292,0.22608475387096405
NC_003070.9,19631270,19631365,JUNC_3671,1,-,GT,AG,0.044040587,0.07561553,0.5750324130058289,0.02662728540599346
NC_003070.9,19631459,19631565,JUNC_3672,1,-,GT,AG,0.9888039,0.9981684,0.1457238346338272,0.3597356677055359
NC_003070.9,19631648,19631760,JUNC_175,1,-,GT,AG,0.30197248,0.7255818,0.865451991558075,0.04638238996267319
NC_003070.9,19631911,19632016,JUNC_176,1,-,GT,AG,0.99707085,0.9925686,0.37637102603912354,0.6728692650794983
NC_003070.9,19632121,19632217,JUNC_177,1,-,GT,AG,0.9996187,0.9997873,0.12723217904567719,0.08404567837715149
NC_003070.9,19632287,19632386,JUNC_178,1,-,GT,AG,0.62203664,0.6801553,0.4142652153968811,0.5339597463607788
NC_003070.9,19632423,19633016,JUNC_179,1,-,GT,AG,0.98287404,0.9856903,0.7542572021484375,3.0732214781892253e-06
NC_003070.9,19633128,19633335,JUNC_180,1,-,GT,AG,0.8619648,0.8378602,0.00018624878430273384,0.05668282508850098
NC_003070.9,19638674,19638803,JUNC_17760,1,-,GT,AG,0.99958414,0.9997217,0.003710641758516431,0.5157351493835449
NC_003070.9,19638883,19639006,JUNC_17761,1,-,GT,AG,0.98456913,0.9863739,0.16984108090400696,0.5114980340003967
NC_003070.9,19639073,19639965,JUNC_17762,1,-,GT,AG,1.0,1.0,0.9088094830513,0.47478970885276794
NC_003070.9,19640016,19640092,JUNC_17763,1,-,GT,AG,0.9260406,0.96201926,0.04015010967850685,0.9638055562973022
NC_003070.9,19642668,19642853,JUNC_3922,1,+,GT,AG,0.18192089,0.45391876,0.9815782308578491,0.00020203398889862
NC_003070.9,19642983,19643164,JUNC_3923,1,+,GT,AG,0.999984,0.99998164,0.021449699997901917,0.9868521094322205
NC_003070.9,19643300,19643405,JUNC_3924,1,+,GT,AG,0.99999416,0.99999034,0.9991034865379333,0.9721673130989075
NC_003070.9,19643487,19643851,JUNC_3925,1,+,GT,AG,0.99975795,0.9998771,0.9903616905212402,0.9943481087684631
NC_003070.9,19644027,19644137,JUNC_3926,1,+,GT,AG,0.9997453,0.9994456,0.9983383417129517,0.9456571936607361
NC_003070.9,19644275,19644370,JUNC_3927,1,+,GT,AG,0.99999976,0.99999964,0.9852426052093506,0.9963124394416809
NC_003070.9,19644510,19644736,JUNC_3928,1,+,GT,AG,0.99999404,0.9999794,0.8886470794677734,0.94452965259552
NC_003070.9,19651717,19651830,JUNC_2799,1,+,GT,AG,0.99478865,0.9914021,0.9988841414451599,0.8294954895973206
NC_003070.9,19652176,19652263,JUNC_2800,1,+,GT,AG,0.99999714,0.9999964,0.6262946724891663,0.9931789636611938
NC_003070.9,19664423,19664623,JUNC_15443,1,+,GT,AG,0.99999976,0.9999999,0.021043170243501663,0.9952160120010376
NC_003070.9,19664945,19665119,JUNC_15444,1,+,GT,AG,0.99894685,0.99946517,0.16199982166290283,0.9826480746269226
NC_003070.9,19670537,19670638,JUNC_16768,1,-,GT,AG,0.0032970484,0.010640072,0.9889028668403625,0.9991287589073181
NC_003070.9,19674555,19675556,JUNC_2859,1,+,GT,AG,1.7759122e-08,1.1049335e-08,0.9975086450576782,1.137155550168245e-06
NC_003070.9,19675852,19675931,JUNC_2860,1,+,GT,AG,0.9999622,0.9999455,0.989764928817749,0.3518620431423187
NC_003070.9,19697795,19697897,JUNC_14200,1,-,GT,AG,0.99998987,0.99998915,0.9996564388275146,0.9967898726463318
NC_003070.9,19698166,19698263,JUNC_14201,1,-,GT,AG,0.9999943,0.99998355,0.9867283701896667,0.9952183365821838
NC_003070.9,19716452,19720708,JUNC_13482,1,+,GT,AG,0.9999993,0.99999833,0.0009700703085400164,0.42351034283638
NC_003070.9,19720918,19721021,JUNC_13483,1,+,GT,AG,0.9999988,0.9999968,0.2673272490501404,0.00136063271202147
NC_003070.9,19721130,19722600,JUNC_13484,1,+,GT,AG,1.0,1.0,0.3032678961753845,0.0019428684609010816
NC_003070.9,19722827,19722890,JUNC_13485,1,+,GT,AG,0.99944013,0.99823016,0.8781613111495972,0.7831109166145325
NC_003070.9,19723021,19723103,JUNC_13486,1,+,GT,AG,0.68829036,0.6012215,0.8140251636505127,0.588298499584198
NC_003070.9,19723446,19723529,JUNC_13487,1,+,GT,AG,0.92616284,0.8612946,0.5993880033493042,0.11872249096632004
NC_003070.9,19740756,19741244,JUNC_5377,1,-,GT,AG,0.023117391,0.014524766,0.9623440504074097,0.9335539937019348
NC_003070.9,19741360,19742639,JUNC_5378,1,-,GT,AG,2.603055e-05,2.8581058e-05,0.04712167754769325,0.31281760334968567
NC_003070.9,19743071,19743309,JUNC_5379,1,-,GT,AG,1.07131335e-08,1.09834595e-08,0.05831585451960564,0.16574779152870178
NC_003070.9,19745422,19745532,JUNC_14068,1,-,GT,AG,1.0,1.0,0.11814538389444351,0.06066180393099785
NC_003070.9,19745643,19745720,JUNC_14069,1,-,GT,AG,0.99999857,0.99999905,0.8868496417999268,0.00784232746809721
NC_003070.9,19745772,19745894,JUNC_14070,1,-,GT,AG,0.996699,0.99846756,0.03584836795926094,8.879436063580215e-05
NC_003070.9,19746034,19746151,JUNC_14071,1,-,GT,AG,0.9995623,0.9997806,0.02786344662308693,0.05973630025982857
NC_003070.9,19746276,19746369,JUNC_14072,1,-,GT,AG,0.99999595,0.99999857,0.8139563202857971,0.002442585537210107
NC_003070.9,19746456,19746612,JUNC_14073,1,-,GT,AG,0.9996544,0.9998957,0.9837606549263,0.9029644131660461
NC_003070.9,19746658,19746914,JUNC_14074,1,-,GT,AG,0.9983,0.9985839,0.9942767024040222,0.9168215990066528
NC_003070.9,19747188,19747790,JUNC_14075,1,-,GT,AG,0.01826846,0.014261133,0.010274856351315975,0.929923951625824
NC_003070.9,19754516,19754637,JUNC_10172,1,-,GT,AG,0.003208482,0.0018312562,0.9959539175033569,0.9857453107833862
NC_003070.9,19754922,19755010,JUNC_10173,1,-,GT,AG,0.007601341,0.0086319195,0.9532944560050964,0.9971004128456116
NC_003070.9,19755150,19755226,JUNC_10174,1,-,GT,AG,0.9759011,0.9411717,3.4670625609578565e-05,0.01538198534399271
NC_003070.9,19755290,19755403,JUNC_10175,1,-,GT,AG,0.99991906,0.9999026,0.023707455024123192,1.999331834667828e-05
NC_003070.9,19755547,19755828,JUNC_10176,1,-,GT,AG,0.999747,0.99936587,2.7602764021139592e-05,0.0002514229854568839
NC_003070.9,19757386,19757497,JUNC_6622,1,-,GT,AG,0.96938187,0.95054716,0.0003147688403259963,0.028972715139389038
NC_003070.9,19757809,19757897,JUNC_6623,1,-,GT,AG,0.00046609697,0.00048138652,0.00018165107758250087,0.0015651400899514556
NC_003070.9,19758037,19758109,JUNC_6624,1,-,GT,AG,0.9998202,0.99967813,0.9104823470115662,0.9954397082328796
NC_003070.9,19758173,19758271,JUNC_6625,1,-,GT,AG,0.9998598,0.9997297,0.8722778558731079,0.8827822804450989
NC_003070.9,19758997,19759399,JUNC_6626,1,-,GT,AG,0.9999918,0.99998665,0.6073171496391296,0.9848644733428955
NC_003070.9,19761776,19761875,JUNC_3095,1,-,GT,AG,0.06705768,0.21187718,0.20502476394176483,0.4598749876022339
NC_003070.9,19764752,19764829,JUNC_100,1,-,GT,AG,0.9999701,0.9999542,0.9849588871002197,0.00010011798440245911
NC_003070.9,19765029,19765119,JUNC_10828,1,-,GT,AG,0.9595422,0.84699225,0.9899362325668335,0.5013645887374878
NC_003070.9,19765307,19765390,JUNC_101,1,-,GT,AG,0.9997689,0.99928766,7.453821126546245e-06,0.055718809366226196
NC_003070.9,19765494,19765584,JUNC_102,1,-,GT,AG,0.9928982,0.9922409,0.24665899574756622,0.6624485850334167
NC_003070.9,19765787,19765874,JUNC_103,1,-,GT,AG,0.9999645,0.999962,0.6388180255889893,0.9892885684967041
NC_003070.9,19765984,19766064,JUNC_104,1,-,GT,AG,0.99999774,0.99999905,0.9960370659828186,0.964727520942688
NC_003070.9,19766281,19766372,JUNC_105,1,-,GT,AG,0.9970278,0.99836224,0.9658100605010986,0.038545601069927216
NC_003070.9,19766642,19766725,JUNC_106,1,-,GT,AG,0.9997999,0.9998029,0.30345845222473145,0.06693793088197708
NC_003070.9,19767016,19767107,JUNC_107,1,-,GT,AG,0.40851107,0.38810068,0.013222886249423027,0.004300063010305166
NC_003070.9,19767141,19767220,JUNC_10829,1,-,GT,AG,0.003412758,0.002714632,0.0008295658626593649,0.5252935886383057
NC_003070.9,19772990,19773268,JUNC_16817,1,+,GT,AG,0.99998343,0.99996626,0.9600114822387695,0.0017190120415762067
NC_003070.9,19773553,19773643,JUNC_16818,1,+,GT,AG,0.99990034,0.9999515,0.0033022351562976837,0.9696950912475586
NC_003070.9,19773961,19774063,JUNC_16819,1,+,GT,AG,0.9994302,0.999556,0.528022050857544,0.03039909340441227
NC_003070.9,19774291,19774392,JUNC_16820,1,+,GT,AG,0.9999684,0.9999213,0.0015783675480633974,0.2752463221549988
NC_003070.9,19774493,19774619,JUNC_16821,1,+,GT,AG,0.99998987,0.9999827,0.3450160324573517,0.020296582952141762
NC_003070.9,19774728,19774821,JUNC_16822,1,+,GT,AG,0.99983627,0.9997917,0.120309017598629,0.00040635265759192407
NC_003070.9,19775229,19775312,JUNC_16823,1,+,GT,AG,0.9986796,0.9981848,0.970949113368988,0.9925400614738464
NC_003070.9,19787486,19787574,JUNC_13542,1,-,GT,AG,0.9952354,0.99501723,0.9990350008010864,0.9954877495765686
NC_003070.9,19787690,19787768,JUNC_13543,1,-,GT,AG,0.9987728,0.99780804,0.7350913286209106,0.03678416088223457
NC_003070.9,19787844,19787921,JUNC_13544,1,-,GT,AG,0.99997926,0.99996173,0.003595913527533412,0.0011676131980493665
NC_003070.9,19788576,19788932,JUNC_13545,1,-,GT,AG,0.9999808,0.99998295,0.06450599431991577,0.9843522906303406
NC_003070.9,19799624,19799741,JUNC_17797,1,+,GT,AG,0.99999976,0.9999994,0.0717935711145401,0.9825415015220642
NC_003070.9,19799933,19800013,JUNC_17798,1,+,GT,AG,0.99968874,0.99912804,7.307760370167671e-06,0.45407941937446594
NC_003070.9,19800220,19800380,JUNC_17799,1,+,GT,AG,1.0,1.0,0.996129035949707,0.02552908845245838
NC_003070.9,19800809,19800921,JUNC_17800,1,+,GT,AG,1.0,1.0,0.9799200892448425,0.8271648287773132
NC_003070.9,19801149,19801234,JUNC_17801,1,+,GT,AG,0.9868814,0.9858704,0.0023430651053786278,0.0010598305379971862
NC_003070.9,19801430,19801510,JUNC_17802,1,+,GT,AG,0.9999845,0.9999888,0.14409562945365906,0.0008342412766069174
NC_003070.9,19802171,19802254,JUNC_17803,1,+,GT,AG,0.9999472,0.9999615,0.9990369081497192,0.9711266160011292
NC_003070.9,19832370,19832439,JUNC_5161,1,+,GT,AG,0.9954509,0.9860253,0.9821565747261047,0.9950639605522156
NC_003070.9,19837340,19837463,JUNC_4378,1,+,GT,AG,0.16001756,0.48909867,0.07713010162115097,0.9986304044723511
NC_003070.9,19837579,19838050,JUNC_4379,1,+,GT,AG,0.718857,0.5939843,0.4708223342895508,0.8276965022087097
NC_003070.9,19838744,19838822,JUNC_4380,1,+,GT,AG,0.6791147,0.85341066,0.10422773659229279,0.04131026193499565
NC_003070.9,19839214,19839309,JUNC_4381,1,+,GT,AG,0.99999964,0.99999964,0.025267386808991432,0.03428003564476967
NC_003070.9,19839414,19839596,JUNC_4382,1,+,GT,AG,1.0,1.0,0.5696209669113159,0.5271522998809814
NC_003070.9,19839764,19839856,JUNC_4383,1,+,GT,AG,0.9999988,0.99999917,0.25943824648857117,0.20786894857883453
NC_003070.9,19850107,19850201,JUNC_10312,1,-,GT,AG,0.9999969,0.9999957,0.1718931794166565,0.21233731508255005
NC_003070.9,19857481,19857674,JUNC_9074,1,+,GT,AG,0.9755381,0.983834,0.0015159361064434052,0.1640125960111618
NC_003070.9,19858042,19858124,JUNC_9075,1,+,GT,AG,0.99196714,0.98838055,0.9931898713111877,0.7267311811447144
NC_003070.9,19858177,19858310,JUNC_9076,1,+,GT,AG,0.99965835,0.99980813,0.9923321008682251,0.0013344243634492159
NC_003070.9,19858348,19858427,JUNC_9077,1,+,GT,AG,0.9996959,0.9994155,0.8785340785980225,0.9720067977905273
NC_003070.9,19858845,19858931,JUNC_9078,1,+,GT,AG,0.99999845,0.9999994,0.04804859310388565,2.596047124825418e-05
NC_003070.9,19860060,19860191,JUNC_5357,1,-,GT,AG,0.99999976,0.99999976,0.010724343359470367,0.0053667607717216015
NC_003070.9,19860257,19860339,JUNC_5358,1,-,GT,AG,0.99997807,0.9999249,0.2927679121494293,0.10073544085025787
NC_003070.9,19860437,19860526,JUNC_5359,1,-,GT,AG,0.9998322,0.99988747,0.0025752976071089506,1.6765570762800053e-05
NC_003070.9,19880645,19880735,JUNC_9569,1,+,GT,AG,0.9998078,0.9998413,2.5830489747136198e-08,0.0009339493117295206
NC_003070.9,19880931,19881014,JUNC_9570,1,+,GT,AG,1.0,1.0,1.530073312494551e-08,4.715637260233052e-06
NC_003070.9,19881199,19881298,JUNC_9571,1,+,GT,AG,0.99997497,0.9999683,0.9993355870246887,0.9987285733222961
NC_003070.9,19881632,19881721,JUNC_9572,1,+,GT,AG,0.9999995,0.9999989,0.7785203456878662,0.9936676621437073
NC_003070.9,19881926,19882028,JUNC_9573,1,+,GT,AG,0.99427754,0.8930638,0.2611914873123169,0.2768498361110687
NC_003070.9,19882135,19882222,JUNC_9574,1,+,GT,AG,0.8992018,0.81152225,0.9862744212150574,0.11439993232488632
NC_003070.9,19884557,19884635,JUNC_8385,1,-,GT,AG,0.99992466,0.9998358,0.8380182385444641,0.9252358078956604
NC_003070.9,19885022,19885104,JUNC_8386,1,-,GT,AG,0.99999475,0.9999852,0.994848906993866,0.6392585635185242
NC_003070.9,19886103,19886179,JUNC_8387,1,-,GT,AG,0.9995536,0.9992072,0.258054256439209,0.0010202131234109402
NC_003070.9,19886334,19886433,JUNC_8388,1,-,GT,AG,1.0,1.0,0.04704936593770981,0.0008307978278025985
NC_003070.9,19886524,19886615,JUNC_8389,1,-,GT,AG,0.9999995,0.99999833,0.6568836569786072,0.4877609610557556
NC_003070.9,19886719,19886819,JUNC_8390,1,-,GT,AG,0.33776784,0.31530368,0.9436972737312317,0.1633920520544052
NC_003070.9,19887042,19887116,JUNC_8391,1,-,GT,AG,1.0,0.9999999,0.16841958463191986,0.07901617139577866
NC_003070.9,19887201,19887281,JUNC_8392,1,-,GT,AG,1.0,1.0,2.2897624074591505e-10,9.701219096314162e-05
NC_003070.9,19887676,19887902,JUNC_8393,1,-,GT,AG,1.0,1.0,0.0006665331893600523,1.1291501323285047e-05
NC_003070.9,19907272,19907487,JUNC_5515,1,+,AT,AG,4.654311e-12,5.5880033e-11,0.01007405947893858,0.0023049365263432264
NC_003070.9,19914702,19915841,JUNC_4728,1,-,GT,AG,0.9999975,0.9999856,0.6587608456611633,0.08056948333978653
NC_003070.9,19926967,19927048,JUNC_17680,1,-,GT,AG,1.0,1.0,2.084533844026737e-05,0.34207627177238464
NC_003070.9,19927199,19927297,JUNC_17681,1,-,GT,AG,0.99999726,0.9999945,0.0076052104122936726,0.4248690903186798
NC_003070.9,19927535,19927613,JUNC_17682,1,-,GT,AG,0.9997466,0.99874336,0.9481263160705566,0.1708514541387558
NC_003070.9,19927824,19927918,JUNC_17683,1,-,GT,AG,0.99980277,0.99978036,0.05297819525003433,0.3932051956653595
NC_003070.9,19928037,19928129,JUNC_17684,1,-,GT,AG,0.99980336,0.9997466,0.3551700711250305,0.8162530660629272
NC_003070.9,19928273,19928365,JUNC_17685,1,-,GT,AG,0.9295009,0.81593645,0.9735400080680847,0.7487360239028931
NC_003070.9,19928561,19928649,JUNC_17686,1,-,GT,AG,0.9999813,0.99998784,0.8628118634223938,0.03808942809700966
NC_003070.9,19929026,19929114,JUNC_17687,1,-,GT,AG,0.99996305,0.9999771,0.6191459894180298,0.984911322593689
NC_003070.9,19929149,19929247,JUNC_17688,1,-,GT,AG,0.9900539,0.9943254,0.7956011295318604,0.48049288988113403
NC_003070.9,19929310,19929415,JUNC_17689,1,-,GT,AG,0.9998548,0.99979705,0.8471863269805908,0.9415535926818848
NC_003070.9,19929481,19929556,JUNC_17690,1,-,GT,AG,0.9990779,0.9980604,0.9923794269561768,0.9819149971008301
NC_003070.9,19929628,19929714,JUNC_17691,1,-,GT,AG,0.99461776,0.9954521,0.8659139275550842,0.9077328443527222
NC_003070.9,19929786,19929875,JUNC_17692,1,-,GT,AG,0.9998692,0.999777,0.865692138671875,0.9687288999557495
NC_003070.9,19929947,19930039,JUNC_17693,1,-,GT,AG,0.99999356,0.9999814,0.9201023578643799,0.9162736535072327
NC_003070.9,19930111,19930195,JUNC_17694,1,-,GT,AG,0.99310076,0.9814864,0.8274859189987183,0.9942215085029602
NC_003070.9,19930267,19930368,JUNC_17695,1,-,GT,AG,0.9971812,0.99748176,0.9984832406044006,0.986241340637207
NC_003070.9,19930440,19930515,JUNC_17696,1,-,GT,AG,0.9998389,0.99975866,0.9871180057525635,0.2522295415401459
NC_003070.9,19930587,19930679,JUNC_17697,1,-,GT,AG,0.79049385,0.7296902,0.7233253717422485,0.9931904673576355
NC_003070.9,19930751,19930825,JUNC_17698,1,-,GT,AG,0.012922156,0.014285971,0.9720891118049622,0.9782519340515137
NC_003070.9,19930894,19930983,JUNC_17699,1,-,GT,AG,0.9633394,0.95322067,0.9889965057373047,0.8882275819778442
NC_003070.9,19931055,19931208,JUNC_17700,1,-,GT,AG,0.9919843,0.95643723,0.8904867768287659,0.9768622517585754
NC_003070.9,19931317,19931400,JUNC_17701,1,-,GT,AG,0.9704251,0.9633461,0.9973347187042236,0.9861556887626648
NC_003070.9,19935403,19936181,JUNC_3238,1,+,GT,AG,0.9999739,0.9999763,0.8617554903030396,0.0003318389062769711
NC_003070.9,19936359,19936457,JUNC_3239,1,+,GT,AG,0.9993366,0.99902177,0.15450362861156464,0.01932458207011223
NC_003070.9,19936529,19936624,JUNC_3240,1,+,GT,AG,0.99979514,0.9997249,0.00990759301930666,0.0015285647241398692
NC_003070.9,19936693,19936782,JUNC_3241,1,+,GT,AG,0.979397,0.98138946,0.242316335439682,0.0004850740951951593
NC_003070.9,19936854,19936931,JUNC_3242,1,+,GT,AG,0.0010713384,0.00036512068,0.004260343965142965,0.5268756747245789
NC_003070.9,19937003,19937087,JUNC_3243,1,+,GT,AG,0.55065143,0.62196743,0.9468674063682556,0.01894192025065422
NC_003070.9,19937159,19937241,JUNC_3244,1,+,GT,AG,0.9996235,0.99940896,0.08898316323757172,0.9762973189353943
NC_003070.9,19937313,19937390,JUNC_3245,1,+,GT,AG,0.9994236,0.99909866,0.07178095728158951,0.0009486881899647415
NC_003070.9,19937462,19937537,JUNC_3246,1,+,GT,AG,0.994859,0.99520504,0.007536319084465504,0.0001297790731769055
NC_003070.9,19937612,19937687,JUNC_3247,1,+,GT,AG,0.95826316,0.97254103,0.04925015941262245,0.0004318704013712704
NC_003070.9,19937759,19937837,JUNC_3248,1,+,GT,AG,0.41392353,0.2876073,0.005864926613867283,0.010550372302532196
NC_003070.9,19937909,19937983,JUNC_3249,1,+,GT,AG,0.675721,0.5352061,0.27580323815345764,0.05705059692263603
NC_003070.9,19938049,19938140,JUNC_3250,1,+,GT,AG,0.99971044,0.99970543,0.023660967126488686,0.0032811928540468216
NC_003070.9,19938200,19938284,JUNC_3251,1,+,GT,AG,0.9958267,0.9895689,0.9327554106712341,0.0020428479183465242
NC_003070.9,19938323,19938412,JUNC_3252,1,+,GT,AG,0.7180958,0.4872962,0.24769236147403717,0.0019616624340415
NC_003070.9,19938462,19938572,JUNC_3253,1,+,GT,AG,0.9673562,0.92236763,0.03991825878620148,0.9796922206878662
NC_003070.9,19938943,19939010,JUNC_3254,1,+,GT,AG,0.7946837,0.733604,0.5325061082839966,0.004791493061929941
NC_003070.9,19939209,19939300,JUNC_3255,1,+,GT,AG,0.99914324,0.99791133,0.013349320739507675,0.9724612236022949
NC_003070.9,19939444,19939539,JUNC_3256,1,+,GT,AG,0.9999542,0.99992275,0.997552216053009,5.797095946036279e-05
NC_003070.9,19939661,19939738,JUNC_3257,1,+,GT,AG,1.0,1.0,0.0007486628601327538,0.00729788513854146
NC_003070.9,19939949,19940029,JUNC_3258,1,+,GT,AG,0.9923273,0.9681968,0.2601943910121918,0.997076153755188
NC_003070.9,19940267,19940346,JUNC_3259,1,+,GT,AG,0.9960861,0.9956898,0.9954181909561157,0.0813775584101677
NC_003070.9,19964341,19964448,JUNC_9555,1,+,GT,AG,0.9999713,0.9998814,0.1626857966184616,0.08368466794490814
NC_003070.9,19964531,19965107,JUNC_9556,1,+,GT,AG,0.9763638,0.9914056,0.1699654459953308,0.5940780639648438
NC_003070.9,19965215,19965297,JUNC_2064,1,+,GT,AG,0.21801376,0.36311784,0.1525900810956955,0.4640725255012512
NC_003070.9,19965370,19965454,JUNC_2065,1,+,GT,AG,0.7855421,0.8042351,0.6250013113021851,0.4140225350856781
NC_003070.9,19965500,19965604,JUNC_2066,1,+,GT,AG,0.9995753,0.9986774,0.23160485923290253,0.0006026786286383867
NC_003070.9,19965635,19965825,JUNC_2067,1,+,GT,AG,0.9999598,0.99972814,0.015009638853371143,0.5305132865905762
NC_003070.9,19966081,19966173,JUNC_2068,1,+,GT,AG,0.99997425,0.9999217,0.0607866533100605,0.0033090647775679827
NC_003070.9,19966343,19966448,JUNC_9557,1,+,GT,AG,0.998868,0.9983113,4.4710986912832595e-06,0.006541199516505003
NC_003070.9,19966343,19966478,JUNC_2069,1,+,GT,AG,0.9994247,0.9996007,0.05713234096765518,0.14954660832881927
NC_003070.9,19966710,19966804,JUNC_2070,1,+,GT,AG,0.9999161,0.9998111,0.0016587678110226989,0.9967166781425476
NC_003070.9,19976643,19976727,JUNC_15415,1,-,GT,AG,0.9999999,0.99999976,0.0005298682954162359,0.016110453754663467
NC_003070.9,19976942,19977031,JUNC_15416,1,-,GT,AG,0.9912669,0.98761356,0.005191511008888483,0.00785103626549244
NC_003070.9,19977187,19977350,JUNC_15417,1,-,GT,AG,0.99995434,0.9999621,0.9700601696968079,0.4030711352825165
NC_003070.9,19977455,19977686,JUNC_15418,1,-,GT,AG,0.99999964,0.9999999,0.00015398464165627956,0.03880157694220543
NC_003070.9,19987746,19987881,JUNC_14085,1,+,GT,AG,0.24210526,0.13968402,0.5013494491577148,0.7055776119232178
NC_003070.9,19988226,19988789,JUNC_14086,1,+,GT,AG,0.9991081,0.99844664,0.01180959865450859,8.926150621846318e-05
NC_003070.9,19988877,19988953,JUNC_14087,1,+,GT,AG,0.9999869,0.9999604,0.09741861373186111,0.05493119731545448
NC_003070.9,19989016,19989142,JUNC_14088,1,+,GT,AG,0.27588564,0.2982524,0.6032273173332214,0.05343214422464371
NC_003070.9,19989303,19989389,JUNC_14089,1,+,GT,AG,0.9999795,0.99998736,0.08430828899145126,0.5284262895584106
NC_003070.9,19989414,19989641,JUNC_14090,1,+,GT,CT,3.667545e-07,9.1308254e-07,0.053529344499111176,0.04801226407289505
NC_003070.9,19989465,19989614,JUNC_16596,1,+,GT,AG,0.9993637,0.9994368,0.06108704209327698,0.03406881168484688
NC_003070.9,19989674,19989792,JUNC_14091,1,+,GT,AG,0.99988973,0.99969494,0.514560878276825,0.00978389848023653
NC_003070.9,19989900,19990004,JUNC_14092,1,+,GT,AG,0.99999464,0.99999285,0.8726648688316345,0.37059885263442993
NC_003070.9,19990235,19990314,JUNC_14093,1,+,GT,AG,0.9988913,0.9986279,0.03624983876943588,0.9310871362686157
NC_003070.9,19990235,19990317,JUNC_16597,1,+,GT,AG,0.9677374,0.9666527,0.958670973777771,0.7353163361549377
NC_003070.9,19990400,19990477,JUNC_14094,1,+,GT,AG,0.926224,0.82103646,0.47902172803878784,0.9717658162117004
NC_003070.9,19990990,19991129,JUNC_16598,1,+,GT,AG,5.847085e-07,4.2523388e-07,0.06604604423046112,0.9694129228591919
NC_003070.9,20032786,20033390,JUNC_2076,1,+,GT,AG,0.15476888,0.12933095,0.8963213562965393,0.7647860646247864
NC_003070.9,20034139,20034529,JUNC_9143,1,+,GT,AG,0.9943194,0.9960342,0.9923003911972046,0.9994410872459412
NC_003070.9,20034637,20034729,JUNC_9144,1,+,GT,AG,0.90896976,0.91976047,2.1837891836185008e-05,6.682777893729508e-05
NC_003070.9,20034764,20034850,JUNC_9145,1,+,GT,AG,1.0108644e-05,3.585505e-05,0.006258273031562567,0.701364278793335
NC_003070.9,20034963,20035039,JUNC_9146,1,+,GT,AG,0.34648412,0.29709855,0.30817222595214844,0.0028397710993885994
NC_003070.9,20035301,20035480,JUNC_9147,1,+,GT,AG,0.9640715,0.9628617,0.07422764599323273,0.06661490350961685
NC_003070.9,20035740,20035833,JUNC_9148,1,+,GT,AG,0.9985619,0.9988166,0.10937630385160446,0.0005609395448118448
NC_003070.9,20038681,20038766,JUNC_2888,1,+,GT,AG,0.98822635,0.9914615,0.017708955332636833,0.8468738198280334
NC_003070.9,20042703,20042841,JUNC_3267,1,-,GT,AG,0.99989545,0.999209,0.9357945919036865,0.9948134422302246
NC_003070.9,20042952,20043277,JUNC_3268,1,-,GT,AG,0.99999785,0.99999774,0.5938169360160828,0.9894443154335022
NC_003070.9,20043360,20043524,JUNC_3269,1,-,GT,AG,0.99736756,0.9967566,0.0004851612029597163,0.0037860763259232044
NC_003070.9,20050501,20050594,JUNC_10048,1,-,GT,AG,4.6238547e-06,1.4881736e-05,0.9911211729049683,0.07320205122232437
NC_003070.9,20050717,20051042,JUNC_10049,1,-,GT,AG,3.110184e-13,1.0785403e-13,0.9967840909957886,0.9934452772140503
NC_003070.9,20051106,20051200,JUNC_10050,1,-,GT,AG,0.5895444,0.36114874,0.7085069417953491,0.9342338442802429
NC_003070.9,20056632,20056992,JUNC_17379,1,+,GT,AG,0.97745025,0.96291363,0.9877047538757324,0.9994779229164124
NC_003070.9,20057109,20057198,JUNC_17380,1,+,GT,AG,0.99999845,0.9999975,0.9998401403427124,0.9987875819206238
NC_003070.9,20057303,20057473,JUNC_17381,1,+,GT,AG,1.0,1.0,0.9500566720962524,0.009334685280919075
NC_003070.9,20057591,20057701,JUNC_17382,1,+,GT,AG,0.99999964,0.99999964,0.057278286665678024,0.9526045322418213
NC_003070.9,20057752,20057838,JUNC_17383,1,+,GT,AG,0.9999999,0.9999999,0.9882113337516785,0.00037602955126203597
NC_003070.9,20058153,20058236,JUNC_17384,1,+,GT,AG,1.0,1.0,0.03248770907521248,0.04202866554260254
NC_003070.9,20058314,20058396,JUNC_17385,1,+,GT,AG,0.9999995,0.9999994,0.19870898127555847,0.21413224935531616
NC_003070.9,20058443,20058527,JUNC_17386,1,+,GT,AG,0.9999187,0.99987376,0.40047866106033325,0.9925225377082825
NC_003070.9,20058583,20058677,JUNC_17387,1,+,GT,AG,0.9999864,0.99997175,0.972537100315094,0.027787376195192337
NC_003070.9,20058718,20058807,JUNC_17388,1,+,GT,AG,0.9999999,0.9999995,0.007080323062837124,0.13565215468406677
NC_003070.9,20069299,20069385,JUNC_2454,1,-,GT,AG,0.9999378,0.9998909,0.21697919070720673,0.3194449841976166
NC_003070.9,20069514,20069594,JUNC_2455,1,-,GT,AG,0.9985833,0.99496037,0.1583435982465744,0.013980063609778881
NC_003070.9,20069666,20069767,JUNC_2456,1,-,GT,AG,0.5087943,0.6814794,0.4332059323787689,0.9911651015281677
NC_003070.9,20069837,20069954,JUNC_2457,1,-,GT,AG,0.99999523,0.99999,0.5319217443466187,0.5063556432723999
NC_003070.9,20070002,20070139,JUNC_2458,1,-,GT,AG,0.997875,0.9967801,0.8462955355644226,0.3733019232749939
NC_003070.9,20070238,20070342,JUNC_2459,1,-,GT,AG,0.005993445,0.0093532,0.8833776712417603,0.9341740012168884
NC_003070.9,20070407,20070723,JUNC_2460,1,-,GT,AG,0.9711081,0.9926454,0.8632702827453613,0.8653004169464111
NC_003070.9,20071636,20071718,JUNC_13367,1,-,GT,AG,0.9415069,0.9680022,0.046072691679000854,0.02628631517291069
NC_003070.9,20072029,20072294,JUNC_13368,1,-,GT,AG,1.3503211e-09,4.0770334e-09,0.4779861271381378,0.7538135647773743
NC_003070.9,20072322,20072418,JUNC_13369,1,-,GT,AG,1.6645643e-05,9.225055e-05,0.43747571110725403,0.3305070400238037
NC_003070.9,20079441,20079530,JUNC_10824,1,-,GT,AG,0.62223715,0.22288288,0.7600793838500977,0.9316508769989014
NC_003070.9,20079612,20079697,JUNC_10825,1,-,GT,AG,0.9999021,0.9998457,0.7134581804275513,0.0035766810178756714
NC_003070.9,20080883,20080970,JUNC_10826,1,-,GT,AG,0.99828434,0.9973129,0.002621413441374898,0.9492464065551758
NC_003070.9,20081052,20081331,JUNC_10827,1,-,GT,AG,0.99998975,0.99996054,0.1134064719080925,0.011098651215434074
NC_003070.9,20081912,20082167,JUNC_8130,1,+,GT,AG,0.0153314015,0.099761456,0.6382843255996704,0.8338468074798584
NC_003070.9,20082545,20082642,JUNC_8131,1,+,GT,AG,0.9999982,0.9999958,0.8149991631507874,1.3471410966303665e-05
NC_003070.9,20082695,20082787,JUNC_8132,1,+,GT,AG,0.9987712,0.9987299,0.013510220684111118,0.05140775814652443
NC_003070.9,20082825,20082920,JUNC_8133,1,+,GT,AG,0.99990416,0.99996674,0.9724976420402527,0.007218596991151571
NC_003070.9,20083239,20083326,JUNC_8134,1,+,GT,AG,0.99999774,0.99999905,0.0020590079948306084,0.02309991419315338
NC_003070.9,20083255,20083332,JUNC_14422,1,-,GT,AG,0.9652192,0.97907,0.8976044058799744,0.0010671414202079177
NC_003070.9,20083438,20083519,JUNC_14423,1,-,GT,AG,0.97501546,0.9835144,0.851420521736145,0.23521870374679565
NC_003070.9,20083612,20083701,JUNC_14424,1,-,GT,AG,0.00019305409,7.913209e-05,0.9892709255218506,0.8488081693649292
NC_003070.9,20083628,20083716,JUNC_8135,1,+,GT,AG,1.0,1.0,0.892961323261261,0.46178439259529114
NC_003070.9,20083925,20084011,JUNC_14425,1,-,GT,AG,0.0023548312,0.004534461,0.9349066615104675,0.34111112356185913
NC_003070.9,20102616,20102781,JUNC_17650,1,+,GT,AG,1.0,0.9999999,0.03964228183031082,0.09435362368822098
NC_003070.9,20115326,20115410,JUNC_4686,1,+,GT,AG,0.999877,0.99985254,0.9778087139129639,0.3002637028694153
NC_003070.9,20122749,20122840,JUNC_15922,1,-,GT,AG,0.05800023,0.031937253,0.01913297548890114,5.630448072224681e-07
NC_003070.9,20125156,20125265,JUNC_15732,1,+,GT,AG,0.9989234,0.9976998,0.9998774528503418,0.9970118999481201
NC_003070.9,20135536,20135799,JUNC_3685,1,+,GT,AG,0.9999999,0.99999976,0.4444409906864166,0.0001522771781310439
NC_003070.9,20138025,20138114,JUNC_2513,1,+,GT,AG,0.99995303,0.9999299,0.9846336245536804,0.9088748693466187
NC_003070.9,20138239,20138720,JUNC_2514,1,+,GT,AG,0.95600384,0.89676106,0.015667086467146873,0.9727835059165955
NC_003070.9,20138945,20139019,JUNC_2515,1,+,GT,AG,0.030506844,0.031855967,0.5454769730567932,0.019817067310214043
NC_003070.9,20139275,20139386,JUNC_2516,1,+,GT,AG,0.8170508,0.830172,0.20019352436065674,0.036999765783548355
NC_003070.9,20162100,20162205,JUNC_15710,1,-,GT,AG,0.9999194,0.9999627,0.000196081047761254,0.7223486304283142
NC_003070.9,20162458,20162538,JUNC_15711,1,-,GT,AG,0.9996841,0.9772649,0.9837878942489624,0.9438109993934631
NC_003070.9,20162739,20162812,JUNC_15712,1,-,GT,AG,0.9998111,0.99984473,0.04283719137310982,0.992043673992157
NC_003070.9,20162931,20163456,JUNC_17352,1,-,GT,AG,0.9999938,0.99995875,0.6546398401260376,0.0025600783992558718
NC_003070.9,20163022,20163456,JUNC_15713,1,-,GT,AG,0.9120137,0.7943537,0.964874804019928,0.3048345446586609
NC_003070.9,20179821,20179918,JUNC_10933,1,-,GT,AG,0.99993384,0.99995947,0.9400274157524109,0.9464425444602966
NC_003070.9,20180138,20180221,JUNC_10934,1,-,GT,AG,0.99818397,0.9973295,0.9216884970664978,0.9703853726387024
NC_003070.9,20217868,20217960,JUNC_16068,1,+,GT,AG,0.99985826,0.9997675,0.4929727017879486,0.9465981721878052
NC_003070.9,20217874,20217988,JUNC_18136,1,-,GT,AG,0.99987566,0.99975115,0.3239617347717285,0.23283982276916504
NC_003070.9,20218162,20218247,JUNC_18137,1,-,GT,AG,0.23565142,0.19576764,0.8836268186569214,9.11566530703567e-06
NC_003070.9,20218732,20219188,JUNC_18138,1,-,GT,AG,0.045731086,0.044184126,0.9787664413452148,0.9705829620361328
NC_003070.9,20255044,20255209,JUNC_10698,1,+,GT,AG,0.99999714,0.9999975,0.376923531293869,0.4055634140968323
NC_003070.9,20255288,20255543,JUNC_10699,1,+,GT,AG,1.0,1.0,0.0602143220603466,3.716017454280518e-05
NC_003070.9,20255701,20256024,JUNC_10700,1,+,GT,AG,0.9999993,0.9999988,0.3028804361820221,0.11105694621801376
NC_003070.9,20256116,20256223,JUNC_10701,1,+,GT,AG,0.999747,0.9994522,0.014760185033082962,0.0014698855811730027
NC_003070.9,20287268,20287353,JUNC_10450,1,+,GT,AG,0.9999988,0.9999976,0.6743714809417725,1.955511834239587e-06
NC_003070.9,20287421,20287497,JUNC_10451,1,+,GT,AG,0.9999231,0.9998497,0.00014925043797120452,0.09431958943605423
NC_003070.9,20287824,20287918,JUNC_10452,1,+,GT,AG,0.999987,0.99997795,0.9444090723991394,0.8781715631484985
NC_003070.9,20288083,20288167,JUNC_10453,1,+,GT,AG,0.9999999,0.9999993,0.052162863314151764,0.9776799082756042
NC_003070.9,20288396,20288978,JUNC_10454,1,+,GT,AG,0.9999938,0.9999856,0.9035720825195312,0.012745220214128494
NC_003070.9,20289220,20289297,JUNC_10455,1,+,GT,AG,0.41029248,0.37136877,0.7776424288749695,0.9562661647796631
NC_003070.9,20289574,20289696,JUNC_10456,1,+,GT,AG,0.9563925,0.9573866,0.8849140405654907,0.9649640321731567
NC_003070.9,20289947,20290035,JUNC_10457,1,+,GT,AG,0.99902785,0.9964508,0.9224771857261658,0.8356097936630249
NC_003070.9,20301687,20301764,JUNC_11592,1,-,GT,AG,0.99999857,0.99999416,0.20168645679950714,0.729566216468811
NC_003070.9,20303056,20303631,JUNC_13645,1,-,GT,AG,0.9999981,0.9999982,0.7909864187240601,0.00015426376194227487
NC_003070.9,20303691,20303785,JUNC_13646,1,-,GT,AG,0.0023543783,0.0024299044,0.9065151214599609,0.0003163288638461381
NC_003070.9,20304925,20305038,JUNC_2001,1,-,GT,AG,0.9987827,0.9970085,0.9600745439529419,0.8062488436698914
NC_003070.9,20305171,20305254,JUNC_2002,1,-,GT,AG,0.9994221,0.9992859,0.6040703654289246,0.9790934324264526
NC_003070.9,20305293,20305378,JUNC_2003,1,-,GT,AG,0.9999999,0.9999994,0.46084097027778625,0.3472318947315216
NC_003070.9,20305623,20306152,JUNC_2004,1,-,GT,AG,1.0,0.9999999,0.9041543006896973,0.6096815466880798
NC_003070.9,20306216,20306423,JUNC_2005,1,-,GT,AG,0.99999225,0.99996126,0.8029546737670898,0.8768430352210999
NC_003070.9,20306635,20306726,JUNC_2006,1,-,GT,AG,0.9922084,0.9895503,0.2773140072822571,0.024541638791561127
NC_003070.9,20306777,20306897,JUNC_2007,1,-,GT,AG,0.7995703,0.83194715,0.41153067350387573,0.039554912596940994
NC_003070.9,20306798,20306897,JUNC_16377,1,-,GT,AG,0.99979573,0.9998536,2.433940244372934e-05,0.00020373219740577042
NC_003070.9,20323541,20323676,JUNC_284,1,+,GT,AG,1.0,1.0,0.03000357374548912,0.020368358120322227
NC_003070.9,20323832,20324088,JUNC_285,1,+,GT,AG,0.9999999,0.9999995,0.010695213451981544,0.20502124726772308
NC_003070.9,20324247,20324330,JUNC_286,1,+,GT,AG,0.99997044,0.99996173,2.823493559844792e-05,0.0009119676542468369
NC_003070.9,20324414,20324732,JUNC_287,1,+,GT,AG,0.9999924,0.9999925,0.07449740171432495,0.04102447256445885
NC_003070.9,20324812,20324906,JUNC_288,1,+,GT,AG,0.9999242,0.9997967,0.003167341696098447,0.13840503990650177
NC_003070.9,20324957,20325039,JUNC_289,1,+,GT,AG,0.9957865,0.99584264,0.14079336822032928,0.00014262179320212454
NC_003070.9,20325148,20325597,JUNC_290,1,+,GT,AG,0.9825503,0.9533406,0.0013508218107745051,9.360699095850578e-07
NC_003070.9,20325680,20325886,JUNC_291,1,+,GT,AG,0.99812454,0.99934596,0.00026353891007602215,0.8492440581321716
NC_003070.9,20325932,20326024,JUNC_292,1,+,GT,AG,0.25604236,0.17644307,0.898965060710907,0.6568603515625
NC_003070.9,20326112,20326198,JUNC_293,1,+,GT,AG,0.9999622,0.9997193,0.2934565842151642,0.07970238476991653
NC_003070.9,20326368,20326797,JUNC_294,1,+,GT,AG,1.0,1.0,0.08063273876905441,0.009533796459436417
NC_003070.9,20326368,20327359,JUNC_17008,1,+,GT,AG,1.0,1.0,0.04339561611413956,1.2411212082952261e-05
NC_003070.9,20327518,20327619,JUNC_296,1,+,GT,AG,0.99436486,0.9871906,0.44217222929000854,0.04156815633177757
NC_003070.9,20350729,20351270,JUNC_13984,1,+,GT,AG,0.110657625,0.084644616,0.9164180755615234,0.9958821535110474
NC_003070.9,20351373,20351448,JUNC_13985,1,+,GT,AG,0.9993667,0.9986978,0.0730052962899208,0.1332036405801773
NC_003070.9,20351525,20351610,JUNC_13986,1,+,GT,AG,0.9999937,0.99999714,0.001842173864133656,0.25957345962524414
NC_003070.9,20351802,20351957,JUNC_13987,1,+,GT,AG,0.84642035,0.92195535,0.07903336733579636,0.00012095438432879746
NC_003070.9,20352077,20352183,JUNC_13988,1,+,GT,AG,0.9775369,0.9467485,0.0005810088478028774,0.021432116627693176
NC_003070.9,20352246,20352326,JUNC_13989,1,+,GT,AG,0.78013694,0.73214364,0.41202476620674133,0.6071531772613525
NC_003070.9,20352461,20352581,JUNC_13990,1,+,GT,AG,0.9999989,0.9999958,0.5414779186248779,0.1617005169391632
NC_003070.9,20352746,20352931,JUNC_13991,1,+,GT,AG,0.9999999,0.9999999,6.977663815632695e-06,0.03591294586658478
NC_003070.9,20353009,20353247,JUNC_13992,1,+,GT,AG,0.9999999,1.0,0.0002483600110281259,0.17471514642238617
NC_003070.9,20353334,20353437,JUNC_13993,1,+,GT,AG,0.9999926,0.99998784,0.9007685780525208,0.9977744221687317
NC_003070.9,20353518,20353641,JUNC_13994,1,+,GT,AG,0.99999976,0.99999857,0.9586999416351318,0.9712117314338684
NC_003070.9,20353737,20354074,JUNC_13995,1,+,GT,AG,0.9999516,0.9999789,6.8770173129450995e-06,0.00040772167267277837
NC_003070.9,20354145,20354326,JUNC_13996,1,+,GT,AG,0.9999975,0.9999765,0.9820126295089722,0.9807263016700745
NC_003070.9,20354455,20354537,JUNC_13997,1,+,GT,AG,0.9999968,0.99999774,0.7349937558174133,0.9559373259544373
NC_003070.9,20354614,20354702,JUNC_13998,1,+,GT,AG,0.9999509,0.99986815,0.981065571308136,0.024375617504119873
NC_003070.9,20354743,20354854,JUNC_13999,1,+,GT,AG,0.21349096,0.12471048,0.001722133019939065,0.9470837712287903
NC_003070.9,20354929,20355138,JUNC_14000,1,+,GT,AG,0.99996674,0.9999739,0.039474185556173325,0.0016384227201342583
NC_003070.9,20355290,20355386,JUNC_14001,1,+,GT,AG,0.9999558,0.99994886,0.9959206581115723,0.0574440136551857
NC_003070.9,20355491,20355578,JUNC_14002,1,+,GT,AG,0.9999223,0.9999323,0.5643746256828308,0.0004220214323140681
NC_003070.9,20355654,20355850,JUNC_14003,1,+,GT,AG,0.9804844,0.96765816,0.3527560830116272,0.3645818829536438
NC_003070.9,20355933,20356019,JUNC_14004,1,+,GT,AG,0.9999659,0.9999559,0.5400686860084534,0.8605453372001648
NC_003070.9,20359283,20359377,JUNC_18346,1,-,GT,AG,0.9997065,0.9995926,0.671144425868988,0.9967502355575562
NC_003070.9,20359791,20359872,JUNC_18347,1,-,GT,AG,0.9974643,0.99458414,0.9964990615844727,0.9943027496337891
NC_003070.9,20359924,20360000,JUNC_18348,1,-,GT,AG,0.9999168,0.99989915,0.9642996191978455,0.00024362212570849806
NC_003070.9,20360074,20360152,JUNC_18349,1,-,GT,AG,0.9999827,0.9999844,0.0051311347633600235,0.8285717368125916
NC_003070.9,20360202,20360746,JUNC_18350,1,-,GT,AG,0.35526577,0.5719281,0.7618630528450012,0.06764524430036545
NC_003070.9,20360828,20360925,JUNC_18351,1,-,GT,AG,0.9999409,0.9999175,0.1534620076417923,0.000898615806363523
NC_003070.9,20360975,20361053,JUNC_18352,1,-,GT,AG,0.99334395,0.9920407,0.010567047633230686,0.02097080461680889
NC_003070.9,20361096,20361178,JUNC_18353,1,-,GT,AG,0.99994576,0.99994123,7.834614370949566e-05,0.008334050886332989
NC_003070.9,20361259,20361342,JUNC_18354,1,-,GT,AG,0.999814,0.9997489,0.9560359120368958,0.9846556186676025
NC_003070.9,20361388,20361489,JUNC_18355,1,-,GT,AG,0.970746,0.9732823,0.2164645791053772,0.12765826284885406
NC_003070.9,20361536,20361621,JUNC_18356,1,-,GT,AG,0.9882929,0.985401,0.6287756562232971,0.6791495680809021
NC_003070.9,20361687,20361764,JUNC_18357,1,-,GT,AG,0.9999924,0.99998426,0.9887912273406982,0.7519360184669495
NC_003070.9,20361831,20361920,JUNC_18358,1,-,GT,AG,0.99999774,0.999998,0.033303890377283096,0.15162791311740875
NC_003070.9,20362033,20362506,JUNC_18359,1,-,GT,AG,0.0070234737,0.046514597,5.6954548199428245e-05,0.005394803360104561
NC_003070.9,20380949,20381041,JUNC_9777,1,-,GT,AG,0.9999391,0.9998062,0.005752958357334137,0.2511333227157593
NC_003070.9,20381133,20381236,JUNC_9778,1,-,GT,AG,1.0,1.0,0.00999415386468172,0.00043479062151163816
NC_003070.9,20381350,20381616,JUNC_9779,1,-,GT,AG,1.0,1.0,0.35326656699180603,0.06755633652210236
NC_003070.9,20381980,20382183,JUNC_9780,1,-,GT,AG,0.967823,0.94047016,0.21482263505458832,0.004486237186938524
NC_003070.9,20382317,20382483,JUNC_9781,1,-,GT,AG,0.3083033,0.35745123,0.015099921263754368,0.576350748538971
NC_003070.9,20382592,20382731,JUNC_9782,1,-,GT,AG,0.9203288,0.95243806,0.4500393569469452,0.010894520208239555
NC_003070.9,20382853,20382929,JUNC_9783,1,-,GT,AG,0.99999833,0.9999957,0.05967138335108757,0.041396092623472214
NC_003070.9,20383039,20383128,JUNC_9784,1,-,GT,AG,0.99999833,0.9999982,0.5260800123214722,0.4233716130256653
NC_003070.9,20383233,20383330,JUNC_9785,1,-,GT,AG,0.9999945,0.9999862,0.9888346791267395,0.9735856652259827
NC_003070.9,20383489,20383824,JUNC_9786,1,-,GT,AG,0.99999845,0.9999963,0.018400654196739197,0.9712209105491638
NC_003070.9,20383880,20384089,JUNC_9787,1,-,GT,AG,1.0,0.9999999,0.07900382578372955,0.2702174484729767
NC_003070.9,20384141,20384556,JUNC_9788,1,-,GT,AG,0.9998647,0.9999323,0.9957389831542969,0.12696270644664764
NC_003070.9,20405917,20406002,JUNC_9865,1,-,GT,AG,0.9999876,0.9999807,0.013008871115744114,0.9923120141029358
NC_003070.9,20406145,20406220,JUNC_9866,1,-,GT,AG,0.9997218,0.99939203,0.026450540870428085,0.0002640896418597549
NC_003070.9,20406323,20406593,JUNC_9867,1,-,GT,AG,0.99994326,0.9999827,0.9978325963020325,0.9407576322555542
NC_003070.9,20406643,20406727,JUNC_9868,1,-,GT,AG,0.059495445,0.034689847,0.8966568112373352,0.9765109419822693
NC_003070.9,20406921,20407010,JUNC_9869,1,-,GT,AG,0.9869459,0.97639334,0.9144952297210693,0.6895782947540283
NC_003070.9,20407120,20407491,JUNC_9870,1,-,GT,AG,0.99941385,0.9986853,0.009231648407876492,0.857934832572937
NC_003070.9,20413245,20413318,JUNC_10464,1,+,GT,AG,0.8673514,0.9267265,0.19381244480609894,0.09598544239997864
NC_003070.9,20413245,20413359,JUNC_8859,1,+,GT,AG,0.030625522,0.10562775,0.1909230351448059,0.001775512471795082
NC_003070.9,20413411,20413490,JUNC_8860,1,+,GT,AG,0.9999999,0.9999999,0.00030287346453405917,0.6199069619178772
NC_003070.9,20413562,20413725,JUNC_8861,1,+,GT,AG,0.9999944,0.999995,0.9969162940979004,0.2270699143409729
NC_003070.9,20413869,20413961,JUNC_8862,1,+,GT,AG,0.9514391,0.8133958,0.057003285735845566,0.9921518564224243
NC_003070.9,20414015,20414102,JUNC_8863,1,+,GT,AG,0.999997,0.9999908,0.019681302830576897,0.009996267035603523
NC_003070.9,20414198,20414281,JUNC_8864,1,+,GT,AG,0.7545671,0.6515374,0.033127374947071075,0.8350081443786621
NC_003070.9,20422927,20423399,JUNC_17250,1,+,GT,AG,3.1096077e-09,9.902501e-08,0.7530058026313782,0.1137319877743721
NC_003070.9,20423537,20423623,JUNC_17251,1,+,GT,AG,2.9524304e-07,3.0815718e-06,0.9968641400337219,0.9486881494522095
NC_003070.9,20424617,20424715,JUNC_1788,1,+,GT,AG,0.9999976,0.9999963,0.0016991491429507732,0.667890727519989
NC_003070.9,20424778,20425362,JUNC_1789,1,+,GT,AG,0.9999999,0.9999999,1.7229516743100248e-05,0.998820960521698
NC_003070.9,20425452,20425552,JUNC_1790,1,+,GT,AG,0.9974286,0.9913248,0.317210853099823,0.3184674084186554
NC_003070.9,20425612,20425711,JUNC_1791,1,+,GT,AG,0.078365915,0.20305723,0.7889784574508667,0.37469008564949036
NC_003070.9,20425777,20426203,JUNC_1792,1,+,GT,AG,0.9987638,0.99690753,0.9795666337013245,0.9471027255058289
NC_003070.9,20426269,20426424,JUNC_1793,1,+,GT,AG,0.041479483,0.04096665,0.001050995197147131,0.9549225568771362
NC_003070.9,20426500,20426576,JUNC_1794,1,+,GT,AG,0.997684,0.99854946,1.6337611441485933e-07,0.19379040598869324
NC_003070.9,20426641,20426777,JUNC_1795,1,+,GT,AG,0.9997026,0.99957985,0.027523908764123917,0.4980026185512543
NC_003070.9,20426870,20426964,JUNC_1796,1,+,GT,AG,0.99999964,0.9999993,0.7966085076332092,0.9913569688796997
NC_003070.9,20427045,20427125,JUNC_1797,1,+,GT,AG,0.7877838,0.84508324,0.4728894531726837,0.8122920393943787
NC_003070.9,20427210,20427299,JUNC_1798,1,+,GT,AG,0.999992,0.99998987,0.9994495511054993,0.985768735408783
NC_003070.9,20427343,20428048,JUNC_17846,1,+,GT,AG,0.99999964,0.9999999,0.011144572868943214,0.0061336662620306015
NC_003070.9,20428111,20428387,JUNC_17847,1,+,GT,AG,0.99998784,0.9999944,0.024683713912963867,0.0006959546008147299
NC_003070.9,20428447,20428788,JUNC_1800,1,+,GT,AG,0.99999976,0.99999976,0.05634365975856781,0.00029760520556010306
NC_003070.9,20428842,20429313,JUNC_1801,1,+,GT,AG,0.9999757,0.9999521,0.012668201699852943,0.009358127601444721
NC_003070.9,20429773,20429853,JUNC_17848,1,+,GT,AG,0.99999297,0.99999,0.9113065600395203,0.9732035994529724
NC_003070.9,20441392,20441470,JUNC_4700,1,-,GT,AG,0.99997103,0.99996924,5.51163395812182e-07,8.749898938731349e-08
NC_003070.9,20441741,20441834,JUNC_4701,1,-,GT,AG,0.9985361,0.9987939,0.0003492850810289383,4.2206058424199e-05
NC_003070.9,20442001,20442099,JUNC_4702,1,-,GT,AG,0.9923403,0.99525887,0.06934355199337006,0.00018172294949181378
NC_003070.9,20442303,20443759,JUNC_4703,1,-,GT,AG,0.98864496,0.93953174,0.0032971419859677553,0.12638813257217407
NC_003070.9,20447664,20447826,JUNC_9964,1,+,GT,AG,0.9856592,0.97451043,0.0022585901897400618,0.0345226526260376
NC_003070.9,20448113,20449351,JUNC_9965,1,+,GT,AG,1.0,0.9999999,0.3355673551559448,0.010181237012147903
NC_003070.9,20449752,20449944,JUNC_9966,1,+,GT,AG,0.9999378,0.9999746,0.4842206537723541,0.8330331444740295
NC_003070.9,20450077,20450226,JUNC_9967,1,+,GT,AG,0.99042493,0.99409086,0.47383227944374084,0.7407941818237305
NC_003070.9,20458036,20458346,JUNC_13938,1,-,GT,AG,0.9999627,0.9998572,0.8640385270118713,0.010378778912127018
NC_003070.9,20459259,20459473,JUNC_14215,1,+,GT,AG,0.9991866,0.9992244,0.05396859720349312,0.07159634679555893
NC_003070.9,20459850,20459933,JUNC_14216,1,+,GT,AG,0.99999845,0.9999956,0.1584620475769043,0.6769708395004272
NC_003070.9,20460292,20460394,JUNC_14217,1,+,GT,AG,0.9999658,0.99975985,0.15587687492370605,0.00010550441947998479
NC_003070.9,20507728,20508065,JUNC_2734,1,-,GT,AG,0.99999976,0.99999976,4.0009170334087685e-05,0.27262184023857117
NC_003070.9,20508220,20508321,JUNC_2735,1,-,GT,AG,0.9999616,0.9999546,0.015845688059926033,0.014846074394881725
NC_003070.9,20515043,20515782,JUNC_5165,1,+,GT,AG,0.9999963,0.9999933,0.7121894359588623,0.5368185043334961
NC_003070.9,20516178,20516271,JUNC_5166,1,+,GT,AG,0.009900726,0.0032831293,0.42064154148101807,0.9496567845344543
NC_003070.9,20542001,20542769,JUNC_9322,1,+,GT,AG,0.9999685,0.9999033,0.0001716125407256186,0.03801659494638443
NC_003070.9,20543453,20543539,JUNC_9323,1,+,GT,AG,0.9998573,0.9997132,0.07353142648935318,0.05660074204206467
NC_003070.9,20553178,20553264,JUNC_15728,1,-,GT,AG,0.9978592,0.9947298,0.9897603392601013,0.9597147107124329
NC_003070.9,20553323,20553402,JUNC_15729,1,-,GT,AG,0.99999785,0.9999957,0.9583043456077576,0.19548733532428741
NC_003070.9,20553483,20553568,JUNC_15730,1,-,GT,AG,0.99978095,0.9997583,0.026987699791789055,0.002545698778703809
NC_003070.9,20553631,20553700,JUNC_15731,1,-,GT,AG,0.69913256,0.29486212,0.9951844811439514,0.9566528797149658
NC_003070.9,20566186,20567031,JUNC_13678,1,+,GT,AG,0.036164217,0.014228303,0.8178949356079102,0.12287899106740952
NC_003070.9,20566773,20566929,JUNC_18054,1,+,GT,AG,0.001566717,0.003405913,0.7541331648826599,0.9889288544654846
NC_003070.9,20566938,20567031,JUNC_16435,1,+,GT,AG,0.046234783,0.02009855,0.9971739053726196,0.05533091723918915
NC_003070.9,20567903,20568039,JUNC_13679,1,+,GT,AG,0.9999502,0.9999305,1.2942547073180322e-05,1.413538512906598e-07
NC_003070.9,20568198,20568338,JUNC_13680,1,+,GT,AG,0.99998724,0.9999877,1.5717138012405485e-05,1.0558965186646674e-05
NC_003070.9,20568595,20568704,JUNC_13681,1,+,GT,AG,0.99998343,0.9999825,0.03984019532799721,0.05568626523017883
NC_003070.9,20568795,20568925,JUNC_13682,1,+,GT,AG,0.9999987,0.999998,0.13853538036346436,0.02449197508394718
NC_003070.9,20574689,20574879,JUNC_9005,1,+,GT,AG,0.99998796,0.9999398,0.006785397417843342,0.16062501072883606
NC_003070.9,20575145,20575278,JUNC_4554,1,+,GT,AG,0.999997,0.9999951,0.08714503794908524,0.7979551553726196
NC_003070.9,20575458,20575555,JUNC_4555,1,+,GT,AG,0.9990152,0.9979595,0.9392779469490051,0.33081045746803284
NC_003070.9,20575717,20575822,JUNC_4556,1,+,GT,AG,0.9999974,0.9999951,0.5210321545600891,0.01998383179306984
NC_003070.9,20575977,20576061,JUNC_4557,1,+,GT,AG,0.9999622,0.999918,0.3229765295982361,0.09364935010671616
NC_003070.9,20576154,20576244,JUNC_4558,1,+,GT,AG,1.0,1.0,0.10126020014286041,0.9855037331581116
NC_003070.9,20576330,20576428,JUNC_4559,1,+,GT,AG,0.9998547,0.9998865,0.9923288226127625,0.9786994457244873
NC_003070.9,20576655,20576743,JUNC_4560,1,+,GT,AG,0.99999917,0.9999987,0.9722977876663208,0.9480099081993103
NC_003070.9,20576977,20577094,JUNC_4561,1,+,GT,AG,0.79318464,0.59098214,0.968386709690094,0.6885662078857422
NC_003070.9,20578524,20578699,JUNC_5247,1,+,GT,AG,0.0151581,0.0068411953,0.00039037782698869705,0.0010786455823108554
NC_003070.9,20578909,20579495,JUNC_5248,1,+,GT,AG,0.9999974,0.9999938,0.001783254905603826,0.00035153786302544177
NC_003070.9,20580361,20580567,JUNC_8314,1,+,GT,AG,0.962804,0.9838545,0.997710108757019,0.9868294596672058
NC_003070.9,20581131,20581234,JUNC_8315,1,+,GT,AG,0.99995923,0.9995869,0.9956438541412354,0.9708054065704346
NC_003070.9,20581380,20581465,JUNC_8316,1,+,GT,AG,0.9999993,0.9999994,0.8676536083221436,0.16732926666736603
NC_003070.9,20581542,20581631,JUNC_8317,1,+,GT,AG,0.9999962,0.99999774,0.26782599091529846,0.6460814476013184
NC_003070.9,20583065,20583262,JUNC_3114,1,+,GT,AG,9.3698645e-07,1.4774531e-06,0.0005780520150437951,0.0001818523305701092
NC_003070.9,20583360,20583709,JUNC_3115,1,+,GT,AG,0.99987507,0.9998283,0.10792195051908493,0.9958475232124329
NC_003070.9,20583785,20584058,JUNC_3116,1,+,GT,AG,0.10802222,0.074314475,0.2157757431268692,0.0013101377990096807
NC_003070.9,20584135,20584296,JUNC_3117,1,+,GT,AG,5.2260776e-07,1.4712411e-07,7.28765080566518e-05,0.13671380281448364
NC_003070.9,20585484,20585597,JUNC_2194,1,-,GT,AG,0.99954855,0.9993772,0.6072208881378174,0.5792073607444763
NC_003070.9,20585983,20586066,JUNC_2195,1,-,GT,AG,0.08479126,0.051361714,0.9353744983673096,0.6996118426322937
NC_003070.9,20587448,20587536,JUNC_2196,1,-,GT,AG,0.9982494,0.9981584,0.9982436895370483,0.9862896800041199
NC_003070.9,20589407,20589501,JUNC_17997,1,-,GT,AG,0.963328,0.9017072,0.9876876473426819,0.0028524918016046286
NC_003070.9,20589651,20589773,JUNC_17998,1,-,GT,AG,0.99999607,0.9999951,0.9785276055335999,0.9597122669219971
NC_003070.9,20589921,20589998,JUNC_17999,1,-,GT,AG,0.9998945,0.9998472,0.012494863010942936,0.09086909890174866
NC_003070.9,20590075,20590150,JUNC_18000,1,-,GT,AG,0.9997861,0.9997084,0.012213464826345444,0.01909334398806095
NC_003070.9,20590311,20590405,JUNC_18001,1,-,GT,AG,0.9999987,0.999997,0.04467782750725746,0.8137961030006409
NC_003070.9,20591376,20591459,JUNC_18002,1,-,GT,AG,0.9999969,0.99999833,0.029193777590990067,0.10483849793672562
NC_003070.9,20591554,20591631,JUNC_18003,1,-,GT,AG,1.0,1.0,0.9481380581855774,0.7401137351989746
NC_003070.9,20591786,20591874,JUNC_18004,1,-,GT,AG,0.9999188,0.9992141,0.4186149537563324,0.006257146131247282
NC_003070.9,20592521,20592747,JUNC_18005,1,-,GT,AG,0.99572754,0.9950138,0.1018313616514206,0.0072537995874881744
NC_003070.9,20605525,20605760,JUNC_15301,1,+,GT,AG,0.994089,0.9970272,0.9968039989471436,0.9743604063987732
NC_003070.9,20607327,20607531,JUNC_5895,1,+,GT,AG,1.0,1.0,0.20021112263202667,0.9873633980751038
NC_003070.9,20607693,20607792,JUNC_5896,1,+,GT,AG,0.99998164,0.999954,0.000631181406788528,0.006298741325736046
NC_003070.9,20607880,20607967,JUNC_5897,1,+,GT,AG,0.9999763,0.9999658,0.08463513106107712,0.02126522921025753
NC_003070.9,20608198,20608271,JUNC_5898,1,+,GT,AG,0.9998487,0.99964523,0.000419876363594085,4.441247710929019e-06
NC_003070.9,20608439,20608607,JUNC_5899,1,+,GT,AG,1.0,0.9999999,0.07348236441612244,0.022940853610634804
NC_003070.9,20608798,20608892,JUNC_5900,1,+,GT,AG,1.0,1.0,0.6835195422172546,0.790761411190033
NC_003070.9,20608976,20609063,JUNC_5901,1,+,GT,AG,0.9999982,0.99999547,0.11489887535572052,0.024177245795726776
NC_003070.9,20609183,20609269,JUNC_5902,1,+,GT,AG,0.99999154,0.9999875,0.001529233530163765,0.0015776039799675345
NC_003070.9,20609456,20609536,JUNC_5903,1,+,GT,AG,0.99999595,0.9999713,0.2890702188014984,0.022083448246121407
NC_003070.9,20609697,20610177,JUNC_11903,1,+,GT,AG,0.9925962,0.9891158,0.005345363635569811,0.9659168124198914
NC_003070.9,20610249,20610472,JUNC_5906,1,+,GT,AG,0.99762577,0.9946203,0.6723828315734863,0.017109274864196777
NC_003070.9,20610549,20610624,JUNC_5907,1,+,GT,AG,0.9997402,0.9996099,0.007181169465184212,0.008029528893530369
NC_003070.9,20610819,20610917,JUNC_5908,1,+,GT,AG,0.99999833,0.9999963,0.011111833155155182,0.06528563052415848
NC_003070.9,20610990,20611097,JUNC_5909,1,+,GT,AG,1.0,1.0,0.08742455393075943,0.00739422719925642
NC_003070.9,20611184,20611333,JUNC_5910,1,+,GT,AG,0.99999917,0.99999917,0.00041024008532986045,0.028217807412147522
NC_003070.9,20611471,20611556,JUNC_5911,1,+,GT,AG,0.99999607,0.9999827,0.06854773312807083,0.001043790834955871
NC_003070.9,20611759,20611836,JUNC_5912,1,+,GT,AG,0.9999883,0.99998784,0.007519097067415714,0.005431798752397299
NC_003070.9,20611999,20612170,JUNC_11904,1,+,GT,AG,0.9957398,0.9875234,0.9194218516349792,0.9625861644744873
NC_003070.9,20615128,20615809,JUNC_17180,1,+,GT,AG,0.99934465,0.99969065,0.3837703466415405,0.7165603041648865
NC_003070.9,20615914,20616054,JUNC_17181,1,+,GT,AG,0.9999937,0.9999341,0.06272674351930618,0.007475710473954678
NC_003070.9,20626781,20626885,JUNC_5480,1,-,GT,AG,0.99998605,0.9999826,0.5017496347427368,0.9898160696029663
NC_003070.9,20628346,20628438,JUNC_17993,1,-,GT,AG,1.0,1.0,0.9907867312431335,0.8561527729034424
NC_003070.9,20628504,20628650,JUNC_17994,1,-,GT,AG,0.9996057,0.9987147,0.9286755919456482,0.43912383913993835
NC_003070.9,20628770,20628867,JUNC_17995,1,-,GT,AG,0.9999981,0.9999957,0.11627538502216339,0.8277114629745483
NC_003070.9,20629001,20629375,JUNC_17996,1,-,GT,AG,1.0,1.0,0.06905610859394073,0.08888819068670273
NC_003070.9,20630135,20630655,JUNC_2242,1,+,GT,AG,0.9999709,0.999962,0.0030570910312235355,0.047388091683387756
NC_003070.9,20630368,20630655,JUNC_3955,1,+,GT,AG,0.9999999,0.99999964,0.150300532579422,0.011056950315833092
NC_003070.9,20630818,20631041,JUNC_2243,1,+,GT,AG,0.99999964,0.9999994,0.9418954253196716,0.0012807041639462113
NC_003070.9,20631119,20631686,JUNC_2244,1,+,GT,AG,0.05176034,0.039191734,0.9991909861564636,0.02505604922771454
NC_003070.9,20631119,20631884,JUNC_3537,1,+,GT,AG,0.9999982,0.999998,0.17916366457939148,0.7273761630058289
NC_003070.9,20631722,20631884,JUNC_2245,1,+,GC,AG,0.99618185,0.9981006,0.8771718740463257,4.15602044085972e-05
NC_003070.9,20632055,20632147,JUNC_17365,1,+,GT,AG,0.99843377,0.9987015,0.9654184579849243,0.8040000200271606
NC_003070.9,20632055,20632150,JUNC_2246,1,+,GT,AG,0.99901605,0.99881876,0.2946331202983856,0.9083621501922607
NC_003070.9,20632279,20632352,JUNC_2247,1,+,GT,AG,0.35561568,0.5817845,0.9859378933906555,0.15138189494609833
NC_003070.9,20632477,20632550,JUNC_3956,1,+,GC,AG,1.6207518e-07,1.4797716e-07,0.7991968989372253,0.98097163438797
NC_003070.9,20652108,20652307,JUNC_13554,1,+,GT,AG,0.801211,0.8779193,0.021183935925364494,0.0003792297502513975
NC_003070.9,20652354,20652575,JUNC_13555,1,+,GT,AG,0.98729974,0.9839684,0.9929466843605042,0.9961544871330261
NC_003070.9,20652822,20652901,JUNC_13556,1,+,GT,AG,0.99999785,0.99998474,0.3558693528175354,0.751008152961731
NC_003070.9,20653172,20653247,JUNC_13557,1,+,GT,AG,0.99981934,0.9997342,0.8228139281272888,0.022330598905682564
NC_003070.9,20653325,20653418,JUNC_13558,1,+,GT,AG,0.9967159,0.99299663,0.2767932116985321,0.0038089004810899496
NC_003070.9,20666903,20666985,JUNC_4399,1,-,GT,AG,0.991366,0.98849326,0.061799295246601105,0.9891421794891357
NC_003070.9,20667132,20667234,JUNC_4400,1,-,GT,AG,0.9999907,0.9999931,0.935662567615509,0.15130522847175598
NC_003070.9,20667288,20667396,JUNC_4401,1,-,GT,AG,0.9987789,0.9959766,0.10119510442018509,0.03900483623147011
NC_003070.9,20667561,20667651,JUNC_4402,1,-,GT,AG,0.9998378,0.9993136,0.9675809144973755,0.17490340769290924
NC_003070.9,20667912,20668005,JUNC_4403,1,-,GT,AG,1.0,1.0,0.004685511812567711,0.9939093589782715
NC_003070.9,20668092,20668325,JUNC_4404,1,-,GT,AG,0.9999999,0.9999999,0.9971596002578735,0.8848434686660767
NC_003070.9,20705338,20705435,JUNC_18158,1,-,GT,AG,0.99999976,0.99999976,0.856011688709259,0.0008155567338690162
NC_003070.9,20705529,20705607,JUNC_18159,1,-,GT,AG,0.9999999,0.99999976,1.4996315258031245e-05,0.010301545262336731
NC_003070.9,20706234,20706648,JUNC_18160,1,-,GT,AG,0.7956327,0.96027786,0.002691029105335474,0.11476653814315796
NC_003070.9,20715730,20715829,JUNC_2517,1,-,GT,AG,0.9989968,0.99888617,0.4246293902397156,0.23769398033618927
NC_003070.9,20715953,20716045,JUNC_2518,1,-,GT,AG,0.9999993,0.99999976,0.6930644512176514,0.03548465296626091
NC_003070.9,20716138,20716225,JUNC_2519,1,-,GT,AG,1.0,1.0,0.01712993159890175,1.7937828715730575e-06
NC_003070.9,20716318,20716392,JUNC_2520,1,-,GT,AG,1.0,1.0,0.938393771648407,0.9954544305801392
NC_003070.9,20716497,20716579,JUNC_2521,1,-,GT,AG,0.99999976,0.9999993,0.7098318934440613,0.8842869997024536
NC_003070.9,20716651,20716738,JUNC_2522,1,-,GT,AG,0.9968443,0.99824107,0.6495954394340515,0.0926213413476944
NC_003070.9,20716816,20716904,JUNC_2523,1,-,GT,AG,1.0,1.0,0.04436589404940605,0.06382954865694046
NC_003070.9,20717074,20717161,JUNC_2524,1,-,GT,AG,0.9999999,0.99999964,0.08178781718015671,0.007759124506264925
NC_003070.9,20717396,20717511,JUNC_2525,1,-,GT,AG,1.0,1.0,4.310392978368327e-05,0.8127354979515076
NC_003070.9,20717754,20717838,JUNC_2526,1,-,GT,AG,0.9983429,0.99798644,0.0849042758345604,0.01712336391210556
NC_003070.9,20717934,20718016,JUNC_2527,1,-,GT,AG,0.9999846,0.9998884,0.018634648993611336,7.509702300012577e-07
NC_003070.9,20718154,20718233,JUNC_2528,1,-,GT,AG,1.0,1.0,0.06670761108398438,0.0008762292563915253
NC_003070.9,20718359,20718457,JUNC_2529,1,-,GT,AG,1.0,1.0,0.9974126219749451,0.9828723073005676
NC_003070.9,20718681,20718847,JUNC_2530,1,-,GT,AG,0.49308097,0.4209282,0.9133221507072449,0.99825519323349
NC_003070.9,20718706,20719068,JUNC_17281,1,-,GT,AG,0.00028125878,0.0017123384,0.9970460534095764,0.8742014169692993
NC_003070.9,20719774,20720024,JUNC_14653,1,+,GT,AG,0.96034425,0.98635,0.983302891254425,0.9880658388137817
NC_003070.9,20720101,20720178,JUNC_10258,1,+,GT,AG,0.99998116,0.9999509,0.34883254766464233,0.9986019730567932
NC_003070.9,20720323,20720415,JUNC_10259,1,+,GT,AG,0.99814487,0.99346125,3.454312900430523e-05,0.15296055376529694
NC_003070.9,20720471,20720569,JUNC_14654,1,+,GT,AG,0.98164475,0.9797335,0.9865294694900513,0.9928739070892334
NC_003070.9,20720471,20720608,JUNC_10260,1,+,GT,AG,0.9999944,0.99999213,0.31617268919944763,0.9988948702812195
NC_003070.9,20721091,20721177,JUNC_10261,1,+,GT,AG,0.9415664,0.9299911,0.26237156987190247,0.9956046342849731
NC_003070.9,20721750,20721833,JUNC_10262,1,+,GT,AG,0.99993,0.9994992,0.013713382184505463,0.6111637353897095
NC_003070.9,20722046,20722145,JUNC_10263,1,+,GT,AG,0.9933234,0.9939849,3.4006345231318846e-05,0.008317472413182259
NC_003070.9,20722292,20722393,JUNC_10264,1,+,GC,AG,0.9993963,0.99810094,0.07552634924650192,0.006668260786682367
NC_003070.9,20722308,20722393,JUNC_14655,1,+,GT,AG,0.886472,0.70394766,0.013113760389387608,0.00016936039901338518
NC_003070.9,20726055,20726143,JUNC_3220,1,-,GT,AG,0.42989713,0.21287246,0.0013809087686240673,0.0028144961688667536
NC_003070.9,20726224,20726303,JUNC_3221,1,-,GT,AG,0.6244217,0.391197,0.6018123626708984,0.37834039330482483
NC_003070.9,20726405,20726496,JUNC_3222,1,-,GT,AG,0.9999207,0.9998715,0.007321500219404697,0.4318774342536926
NC_003070.9,20726589,20726733,JUNC_3223,1,-,GT,AG,0.6895734,0.6647598,0.07865006476640701,0.0011669985251501203
NC_003070.9,20726778,20726903,JUNC_3224,1,-,GT,AG,0.99940586,0.99713045,0.0007283006561920047,0.050871022045612335
NC_003070.9,20726954,20727040,JUNC_3225,1,-,GT,AG,0.99998486,0.9999583,0.32832416892051697,0.4521002173423767
NC_003070.9,20727112,20727223,JUNC_3226,1,-,GT,AG,0.99999654,0.99998987,0.3286646902561188,0.2622379660606384
NC_003070.9,20727311,20727406,JUNC_3227,1,-,GT,AG,0.99993694,0.9998204,0.9969741106033325,0.3080231547355652
NC_003070.9,20727486,20727827,JUNC_3228,1,-,GT,AG,0.99584764,0.9961718,0.997374415397644,0.9966867566108704
NC_003070.9,20730724,20730995,JUNC_4824,1,-,GT,AG,3.579079e-05,8.519795e-05,0.3698970675468445,0.9927445650100708
NC_003070.9,20732118,20732231,JUNC_3061,1,-,GT,AG,0.006897668,0.008576696,0.7271159887313843,0.004166573751717806
NC_003070.9,20732255,20732362,JUNC_3062,1,-,GT,AG,0.57919466,0.6889491,0.09826847165822983,0.018697839230298996
NC_003070.9,20732458,20732877,JUNC_3063,1,-,GT,AG,0.991024,0.9973806,0.014201811514794827,0.05596812814474106
NC_003070.9,20733208,20733379,JUNC_3064,1,-,GT,AG,0.99870384,0.99832034,0.9928817749023438,0.9837208986282349
NC_003070.9,20733573,20733706,JUNC_3065,1,-,GT,AG,0.6968327,0.73554695,0.8102280497550964,0.29578080773353577
NC_003070.9,20734886,20734995,JUNC_9720,1,-,GT,AG,0.99905795,0.99903595,0.9240240454673767,0.6260277628898621
NC_003070.9,20736504,20736612,JUNC_9721,1,-,GT,AG,0.97938377,0.97829837,0.7230355143547058,0.9791298508644104
NC_003070.9,20737230,20737350,JUNC_9722,1,-,GT,AG,0.90949243,0.69394606,0.23452986776828766,0.2745879590511322
NC_003070.9,20737534,20737685,JUNC_9723,1,-,GT,AG,0.9993766,0.99878055,0.5862889289855957,0.9959357976913452
NC_003070.9,20738028,20738148,JUNC_9724,1,-,GT,AG,0.99999523,0.9999895,0.9974000453948975,0.9944278001785278
NC_003070.9,20738273,20738362,JUNC_9725,1,-,GT,AG,0.9999987,0.9999988,0.9541802406311035,0.4349438548088074
NC_003070.9,20738496,20739036,JUNC_9726,1,-,GT,AG,0.9962037,0.997036,0.4385776221752167,0.5244634747505188
NC_003070.9,20739094,20739249,JUNC_9727,1,-,GT,AG,0.99999595,0.9999832,0.047468941658735275,0.9073833227157593
NC_003070.9,20739402,20739582,JUNC_9728,1,-,GT,AG,0.99999976,0.99999917,0.23100130259990692,0.0010879246983677149
NC_003070.9,20740525,20740607,JUNC_9729,1,-,GT,AG,1.0,1.0,0.0002450740139465779,0.006863528862595558
NC_003070.9,20740773,20740858,JUNC_9730,1,-,GT,AG,0.9999093,0.99990165,0.0004996911738999188,0.6803319454193115
NC_003070.9,20740998,20741412,JUNC_9731,1,-,GT,AG,0.99999344,0.9999925,0.0008506331359967589,8.452671318082139e-05
NC_003070.9,20741525,20741672,JUNC_9732,1,-,GT,AG,0.9999441,0.99978644,0.40269556641578674,0.016779832541942596
NC_003070.9,20741794,20742063,JUNC_9733,1,-,GT,AG,0.9982089,0.9944026,0.0014033118495717645,0.45796772837638855
NC_003070.9,20742210,20742318,JUNC_9734,1,-,GT,AG,0.99999094,0.99999297,2.382356433372479e-05,0.0008224057964980602
NC_003070.9,20742487,20742569,JUNC_9735,1,-,GT,AG,0.9999225,0.99980444,0.9819048047065735,0.046253032982349396
NC_003070.9,20742778,20742859,JUNC_9736,1,-,GT,AG,0.9646319,0.9804817,0.8200056552886963,0.01062542200088501
NC_003070.9,20783504,20783615,JUNC_4987,1,-,GT,AG,0.7536408,0.8028465,0.04992636293172836,0.030632246285676956
NC_003070.9,20783745,20783853,JUNC_4988,1,-,GT,AG,0.051527187,0.08548904,0.007031070999801159,0.00890343263745308
NC_003070.9,20787410,20787502,JUNC_17289,1,-,GT,AG,0.99955565,0.9987398,0.9957940578460693,0.161946102976799
NC_003070.9,20787735,20787813,JUNC_17290,1,-,GT,AG,0.99988496,0.99968505,0.9974945783615112,0.9915844202041626
NC_003070.9,20788239,20788540,JUNC_17291,1,-,GT,AG,0.99940157,0.9981731,0.9964732527732849,0.9705177545547485
NC_003070.9,20788645,20788771,JUNC_17292,1,-,GT,AG,0.9972088,0.9952746,0.9638815522193909,0.5781076550483704
NC_003070.9,20789226,20789443,JUNC_17293,1,-,GT,AG,0.99999905,0.99999857,0.2900789678096771,0.0035297381691634655
NC_003070.9,20789638,20790042,JUNC_17294,1,-,GT,AG,0.9999578,0.99996066,0.004369760397821665,0.978715181350708
NC_003070.9,20790459,20790534,JUNC_17295,1,-,GT,AG,0.9348026,0.8308154,0.9981094598770142,0.9940556287765503
NC_003070.9,20796506,20797221,JUNC_3328,1,+,GT,AG,1.0,1.0,0.9864333868026733,0.891135036945343
NC_003070.9,20797300,20797398,JUNC_3329,1,+,GT,AG,0.9999502,0.9998634,0.31648293137550354,0.4730612635612488
NC_003070.9,20797561,20797647,JUNC_3330,1,+,GT,AG,0.9963745,0.9971771,0.9765611886978149,0.9255087971687317
NC_003070.9,20797695,20797819,JUNC_3331,1,+,GT,AG,0.999263,0.99969816,0.5525610446929932,0.02528257854282856
NC_003070.9,20798145,20798250,JUNC_3332,1,+,GT,AG,0.99966276,0.999453,0.7808711528778076,0.004934243392199278
NC_003070.9,20808464,20808533,JUNC_17812,1,-,GT,AG,0.0445725,0.025059681,0.016405582427978516,0.07544491440057755
NC_003070.9,20808645,20808723,JUNC_17813,1,-,GT,AG,0.9982943,0.9975081,0.05738725885748863,0.12961269915103912
NC_003070.9,20808798,20808882,JUNC_17814,1,-,GT,AG,0.99999976,0.99999905,0.8720012903213501,0.05773967504501343
NC_003070.9,20809274,20809424,JUNC_17815,1,-,GT,AG,0.9993686,0.99850404,0.6894086003303528,0.9311986565589905
NC_003070.9,20809584,20809660,JUNC_17816,1,-,GT,AG,0.9923379,0.97853494,0.9799081683158875,0.9888148903846741
NC_003070.9,20809774,20809859,JUNC_17817,1,-,GT,AG,0.9985719,0.9977424,0.0005440525710582733,0.0008560475544072688
NC_003070.9,20809958,20810091,JUNC_17818,1,-,GT,AG,0.3359004,0.41722876,0.9761193990707397,0.7904818654060364
NC_003070.9,20810194,20810283,JUNC_17819,1,-,GT,AG,0.7531545,0.61841327,0.8934347629547119,0.9746915698051453
NC_003070.9,20810333,20810406,JUNC_17820,1,-,GT,AG,0.0044685598,0.0013260571,0.9638363718986511,0.00013843720080330968
NC_003070.9,20810511,20810593,JUNC_17821,1,-,GT,AG,0.977513,0.9834451,0.853908360004425,0.8635488152503967
NC_003070.9,20810671,20810791,JUNC_17822,1,-,GT,AG,0.98718005,0.9934697,0.9992768168449402,4.607612936524674e-06
NC_003070.9,20811058,20811231,JUNC_17823,1,-,GT,AG,0.9986513,0.9976291,0.1590297967195511,0.20447543263435364
NC_003070.9,20811331,20811439,JUNC_17824,1,-,GT,AG,0.99958366,0.9994216,1.651901584409643e-05,0.0016146847046911716
NC_003070.9,20811743,20811824,JUNC_17825,1,-,GT,AG,0.9999989,0.9999958,0.49737831950187683,1.4375675618794048e-06
NC_003070.9,20811922,20812172,JUNC_17826,1,-,GT,AG,0.999998,0.9999969,0.03834953531622887,7.714868388575269e-07
NC_003070.9,20811922,20812616,JUNC_17916,1,-,GT,AG,0.99999905,0.99999774,0.006412844639271498,0.047229014337062836
NC_003070.9,20812296,20812616,JUNC_17827,1,-,GT,AG,0.9999958,0.99999666,0.006016049068421125,0.00526905432343483
NC_003070.9,20828179,20828369,JUNC_10137,1,-,GT,AG,0.94029987,0.9534108,0.0027270126156508923,0.00042057447717525065
NC_003070.9,20828463,20828578,JUNC_10138,1,-,GT,AG,3.9601198e-07,1.8760193e-07,0.691410481929779,4.316340709920041e-05
NC_003070.9,20828698,20828778,JUNC_10139,1,-,GT,AG,0.9999987,0.99999714,0.43564996123313904,0.9668678045272827
NC_003070.9,20828832,20828909,JUNC_10140,1,-,GT,AG,0.9999981,0.9999969,0.565885066986084,0.39361563324928284
NC_003070.9,20829026,20829115,JUNC_10141,1,-,GT,AG,0.99986076,0.9996445,0.009825620800256729,0.9680064916610718
NC_003070.9,20829250,20829371,JUNC_10142,1,-,GT,AG,0.106065,0.16737728,0.5695205926895142,8.883796544978395e-05
NC_003070.9,20829575,20829656,JUNC_10143,1,-,GT,AG,0.005086226,0.004528022,0.0005109058693051338,0.0023886507842689753
NC_003070.9,20829853,20829929,JUNC_10144,1,-,GT,AG,0.8072096,0.70901525,0.00333380326628685,0.0015701486263424158
NC_003070.9,20829958,20830031,JUNC_10145,1,-,GT,AG,0.9999101,0.9999356,0.9390416145324707,0.9309197068214417
NC_003070.9,20830099,20830188,JUNC_10146,1,-,GT,AG,0.13873461,0.258344,0.2858966290950775,0.8276433348655701
NC_003070.9,20830422,20830505,JUNC_10147,1,-,GT,AG,0.6406227,0.48815465,0.6115667223930359,0.5442519783973694
NC_003070.9,20835886,20835965,JUNC_15035,1,-,GT,AG,0.99999964,0.9999988,0.8187769651412964,0.04370763525366783
NC_003070.9,20836183,20836256,JUNC_15036,1,-,GT,AG,0.022219433,0.01858175,3.3585138226044364e-06,6.6535967562231235e-06
NC_003070.9,20836391,20836487,JUNC_15037,1,-,GT,AG,0.9999504,0.9999367,0.9474225640296936,0.9961513876914978
NC_003070.9,20836555,20836621,JUNC_15038,1,-,GT,AG,0.95123655,0.95110106,0.13444340229034424,0.8958821892738342
NC_003070.9,20836763,20836854,JUNC_15039,1,-,GT,AG,0.87806654,0.88985294,0.032762859016656876,0.05163099989295006
NC_003070.9,20837400,20837486,JUNC_15040,1,-,GT,AG,0.99999857,0.9999956,0.4088803827762604,0.04898407310247421
NC_003070.9,20837594,20837669,JUNC_15041,1,-,GT,AG,0.9999982,0.9999974,0.00022699216788168997,0.5575093030929565
NC_003070.9,20837761,20837852,JUNC_15042,1,-,GT,AG,0.99997866,0.99997354,0.9719290733337402,0.0026868677232414484
NC_003070.9,20837901,20837992,JUNC_15043,1,-,GT,AG,0.9999945,0.99999297,0.4800023138523102,0.9921939373016357
NC_003070.9,20838083,20838168,JUNC_15044,1,-,GT,AG,0.99998474,0.999962,0.12754160165786743,0.2168494015932083
NC_003070.9,20838413,20838516,JUNC_15045,1,-,GT,AG,0.81583184,0.88615286,0.00026674714172258973,0.1098468005657196
NC_003070.9,20854170,20854320,JUNC_3640,1,-,GT,AG,0.9999056,0.99992526,0.030682580545544624,1.781110040610656e-05
NC_003070.9,20854481,20854696,JUNC_3641,1,-,GT,AG,7.376563e-06,4.246109e-06,0.9971774816513062,0.9766390919685364
NC_003070.9,20854819,20854853,JUNC_3642,1,-,GT,AG,0.97627217,0.9543356,0.9918012022972107,0.5424642562866211
NC_003070.9,20855263,20855391,JUNC_3643,1,-,GT,AG,0.99998033,0.99994993,0.3634306788444519,0.9526998400688171
NC_003070.9,20855590,20855882,JUNC_3644,1,-,GT,AG,0.04026668,0.09940543,0.36149123311042786,0.10143378376960754
NC_003070.9,20868146,20868286,JUNC_13799,1,-,GT,AG,0.9999999,0.9999995,0.8847153186798096,0.9075863361358643
NC_003070.9,20868511,20868632,JUNC_13800,1,-,GT,AG,0.99998343,0.99996686,0.9191901087760925,0.9499319791793823
NC_003070.9,20868779,20868905,JUNC_13801,1,-,GT,AG,0.9973763,0.9968071,0.18414561450481415,0.9219825863838196
NC_003070.9,20869129,20869284,JUNC_13802,1,-,GT,AG,0.9999995,0.99999857,0.9853124022483826,0.4311456084251404
NC_003070.9,20869648,20869944,JUNC_13803,1,-,GT,AG,0.9999956,0.9999882,0.9944660067558289,0.9812832474708557
NC_003070.9,20869703,20869944,JUNC_17476,1,-,GT,AG,0.9996618,0.9932139,0.9057209491729736,0.6759510636329651
NC_003070.9,20877510,20877602,JUNC_13399,1,+,GT,AG,0.9714841,0.97425,0.1694280207157135,0.09086388349533081
NC_003070.9,20877719,20877788,JUNC_13400,1,+,GT,AG,0.9979589,0.99739236,0.7043402194976807,0.38191908597946167
NC_003070.9,20878001,20878123,JUNC_13401,1,+,GT,AG,0.999808,0.99966,0.00356099265627563,0.43641865253448486
NC_003070.9,20878330,20878437,JUNC_13402,1,+,GT,AG,0.99957114,0.99979216,0.07258806377649307,3.478705548332073e-05
NC_003070.9,20878785,20878868,JUNC_13403,1,+,GT,AG,0.9951834,0.9893099,0.026492320001125336,3.0856313969707116e-05
NC_003070.9,20894554,20894668,JUNC_3157,1,-,GT,AG,0.9999927,0.99999464,0.07222519814968109,0.004518431145697832
NC_003070.9,20894736,20895293,JUNC_3158,1,-,GT,AG,0.9997762,0.9998684,0.49379271268844604,0.9748169779777527
NC_003070.9,20907829,20908018,JUNC_17674,1,+,GT,AG,0.7316612,0.7654997,0.0314573235809803,0.0021115480922162533
NC_003070.9,20908214,20908489,JUNC_17675,1,+,GT,AG,0.9995185,0.9988894,0.038181841373443604,0.004140453413128853
NC_003070.9,20909149,20909237,JUNC_17676,1,+,GT,AG,0.99873537,0.9949533,0.8015016913414001,0.9828454852104187
NC_003070.9,20909932,20910065,JUNC_17677,1,+,GT,AG,0.49039227,0.42231664,0.9686060547828674,0.0048253946006298065
NC_003070.9,20910171,20910617,JUNC_17678,1,+,GT,AG,0.1149099,0.24134785,0.0003058043366763741,0.5313923358917236
NC_003070.9,20923775,20923936,JUNC_3651,1,+,GT,AG,0.37436068,0.21118948,0.39112821221351624,0.0004800305177923292
NC_003070.9,20947346,20947448,JUNC_2325,1,-,GT,AG,0.068421535,0.060588326,0.007199801970273256,0.00786379911005497
NC_003070.9,20948735,20948824,JUNC_3008,1,+,GT,AG,0.056223087,0.03785123,0.0025145357940346003,0.22603000700473785
NC_003070.9,20964011,20964098,JUNC_13143,1,+,GT,AG,0.99814117,0.9989153,0.3942128121852875,0.0016732693184167147
NC_003070.9,20964287,20964370,JUNC_13144,1,+,GT,AG,0.6367211,0.5329669,0.016345666721463203,0.005572477821260691
NC_003070.9,20964424,20964498,JUNC_13145,1,+,GT,AG,0.9986853,0.998944,0.029889756813645363,0.014460289850831032
NC_003070.9,20964609,20964878,JUNC_13146,1,+,GT,AG,0.84599644,0.70659995,0.0001443667570129037,0.7630673050880432
NC_003070.9,20964941,20965031,JUNC_13147,1,+,GT,AG,0.98876196,0.98282313,0.6211140751838684,0.9834342002868652
NC_003070.9,20965286,20965393,JUNC_13148,1,+,GT,AG,0.9999999,0.99999964,0.9886143207550049,0.5430216789245605
NC_003070.9,20965540,20965617,JUNC_13149,1,+,GT,AG,0.99999905,0.9999963,0.9416019320487976,0.9155527949333191
NC_003070.9,20965645,20965731,JUNC_13150,1,+,GT,AG,0.97739923,0.9353835,0.9526435136795044,0.03401182219386101
NC_003070.9,20965802,20965950,JUNC_13151,1,+,GT,AG,0.99999964,0.99999964,0.06731780618429184,0.8891595005989075
NC_003070.9,20966010,20966112,JUNC_13152,1,+,GT,AG,0.9725027,0.98659605,0.9559305310249329,0.9546765089035034
NC_003070.9,20983668,20983761,JUNC_2649,1,-,GC,AG,0.9979613,0.99596137,0.05571936443448067,0.999067485332489
NC_003070.9,20983882,20983910,JUNC_9773,1,+,GT,AG,0.015443572,0.012421891,0.9980406165122986,0.9969406127929688
NC_003070.9,20983987,20984053,JUNC_9774,1,+,GT,AG,0.4482127,0.23403026,0.08035777509212494,0.8656244277954102
NC_003070.9,20984109,20984300,JUNC_9775,1,+,GT,AG,2.353921e-08,2.1940384e-07,0.005471238866448402,0.5606526136398315
NC_003070.9,20984334,20984358,JUNC_9776,1,+,GT,AG,4.682035e-06,3.638676e-06,0.7048476338386536,0.015779418870806694
NC_003070.9,21022522,21022607,JUNC_16444,1,+,GT,AG,0.48983264,0.31329224,0.03900224715471268,0.6996737718582153
NC_003070.9,21022737,21022822,JUNC_16445,1,+,GT,AG,0.0032733025,0.0031128454,0.42333105206489563,0.7925814986228943
NC_003070.9,21028332,21028427,JUNC_9753,1,+,GT,AG,0.08906666,0.089083314,0.09999953955411911,0.052712175995111465
NC_003070.9,21028813,21028893,JUNC_9754,1,+,GT,AG,0.99876046,0.99028695,0.06563060730695724,0.006929956376552582
NC_003070.9,21028971,21029054,JUNC_9755,1,+,GT,AG,0.99754924,0.9979278,0.6083492636680603,0.9862538576126099
NC_003070.9,21029315,21029564,JUNC_9756,1,+,GT,AG,0.9999851,0.99998534,0.8970612287521362,0.38460642099380493
NC_003070.9,21029882,21030004,JUNC_9757,1,+,GT,AG,0.9999982,0.9999908,0.3329292833805084,0.003940951079130173
NC_003070.9,21030163,21030244,JUNC_9758,1,+,GT,AG,0.99999607,0.99998605,0.024041155353188515,0.22578929364681244
NC_003070.9,21030909,21031091,JUNC_13812,1,+,GT,AG,0.5484786,0.8357235,0.15760275721549988,0.9336817860603333
NC_003070.9,21031228,21031356,JUNC_13813,1,+,GT,AG,0.9910261,0.9958568,0.8486374616622925,0.6938861608505249
NC_003070.9,21031432,21031692,JUNC_13814,1,+,GT,AG,0.99959415,0.9992737,0.01413923129439354,0.012576551176607609
NC_003070.9,21035834,21035958,JUNC_14122,1,+,GT,AG,0.9606919,0.98755175,0.9392623901367188,0.013898736797273159
NC_003070.9,21036034,21036120,JUNC_14123,1,+,GT,AG,0.9999987,0.9999993,0.2258673757314682,0.0007473079604096711
NC_003070.9,21043528,21043703,JUNC_12738,1,+,GT,AG,0.9991295,0.9997217,0.0018557391595095396,0.002044898457825184
NC_003070.9,21043889,21044356,JUNC_13372,1,+,GT,AG,0.41518262,0.66648847,0.0047053624875843525,0.001261480269022286
NC_003070.9,21046819,21046903,JUNC_17892,1,-,GT,AG,0.9944137,0.981841,0.8402087688446045,0.0008503927383571863
NC_003070.9,21047028,21047112,JUNC_11897,1,-,GT,AG,0.99999964,0.9999995,0.5023611187934875,0.00575152225792408
NC_003070.9,21047639,21047719,JUNC_11898,1,-,GT,AG,0.9999683,0.99996054,0.793341875076294,0.008694280870258808
NC_003070.9,21048382,21048459,JUNC_11899,1,-,GT,AG,0.9994444,0.99985766,0.19371996819972992,0.0456949807703495
NC_003070.9,21048574,21048768,JUNC_11900,1,-,GT,AG,0.9999999,0.99999976,0.5752977728843689,0.5317584276199341
NC_003070.9,21050795,21050938,JUNC_14511,1,-,GT,AG,0.8261164,0.7717578,0.9796669483184814,0.08497674763202667
NC_003070.9,21101364,21101450,JUNC_10236,1,+,GT,AG,1.8225817e-05,2.2521303e-06,0.1408146321773529,0.06216934323310852
NC_003070.9,21101378,21101450,JUNC_9438,1,+,GT,AG,0.3875155,0.10381533,0.0003333323111291975,0.02481846697628498
NC_003070.9,21102374,21102463,JUNC_9439,1,+,GT,AG,2.5687514e-08,2.0297495e-08,0.5482853055000305,0.9973613619804382
NC_003070.9,21112122,21112222,JUNC_16804,1,-,GT,AG,0.99999607,0.99999213,0.05190180614590645,0.6473097205162048
NC_003070.9,21112396,21112673,JUNC_16805,1,-,GT,AG,0.9999827,0.9999938,0.014340967871248722,3.900227238773368e-05
NC_003070.9,21113361,21113484,JUNC_16806,1,-,GT,AG,0.19692805,0.18649358,0.9594391584396362,0.9960297346115112
NC_003070.9,21129144,21129815,JUNC_15053,1,+,GT,AG,0.9997906,0.99954927,0.961630642414093,0.11008106917142868
NC_003070.9,21130446,21130500,JUNC_16749,1,+,AT,AC,0.025154611,0.026017973,0.8591209053993225,0.901043713092804
NC_003070.9,21141978,21142088,JUNC_16890,1,+,GT,AG,0.9997749,0.9997342,0.8365520238876343,0.9868658185005188
NC_003070.9,21142153,21142256,JUNC_16891,1,+,GT,AG,0.99999964,0.99999976,5.254653387964936e-06,0.23392930626869202
NC_003070.9,21142333,21143312,JUNC_16892,1,+,GT,AG,0.99999845,0.9999993,0.00029562716372311115,0.0002824782859534025
NC_003070.9,21143442,21143527,JUNC_16893,1,+,GT,AG,0.99990976,0.9998859,0.00606402987614274,0.2368340939283371
NC_003070.9,21143687,21143770,JUNC_16894,1,+,GT,AG,0.99999976,0.99999964,0.009609539061784744,3.7264805996528594e-06
NC_003070.9,21143956,21144072,JUNC_16895,1,+,GT,AG,0.99844295,0.99493486,1.4036426364327781e-05,1.0165014828089625e-05
NC_003070.9,21160129,21160207,JUNC_952,1,+,GT,AG,0.9999852,0.9999615,0.006063294596970081,0.06061090528964996
NC_003070.9,21160308,21160436,JUNC_953,1,+,GT,AG,0.996515,0.9819682,0.6636146306991577,0.530790388584137
NC_003070.9,21160493,21160571,JUNC_954,1,+,GT,AG,0.99473006,0.9968786,0.966876745223999,0.31301870942115784
NC_003070.9,21160666,21160861,JUNC_955,1,+,GT,AG,0.9999994,0.99999785,0.8563330769538879,0.9858130812644958
NC_003070.9,21160961,21161313,JUNC_956,1,+,GT,AG,0.99999166,0.99998975,0.9323124289512634,0.35240089893341064
NC_003070.9,21161372,21161626,JUNC_957,1,+,GT,AG,0.9998254,0.9998902,0.99030601978302,0.8944680094718933
NC_003070.9,21161751,21161976,JUNC_958,1,+,GT,AG,0.99991465,0.99986124,0.7869406342506409,0.9953096508979797
NC_003070.9,21162034,21162371,JUNC_959,1,+,GT,AG,0.9990755,0.9991366,0.9846211671829224,0.811797559261322
NC_003070.9,21162459,21162534,JUNC_960,1,+,GT,AG,0.99909973,0.99837,0.8852287530899048,0.8908636569976807
NC_003070.9,21162613,21162843,JUNC_961,1,+,GT,AG,0.99999833,0.99999905,0.18523623049259186,0.7226462364196777
NC_003070.9,21162895,21163096,JUNC_962,1,+,GT,AG,1.0,1.0,0.08753571659326553,0.05114002525806427
NC_003070.9,21163172,21163416,JUNC_963,1,+,GT,AG,0.99999475,0.99999714,0.7787211537361145,0.03403966501355171
NC_003070.9,21163527,21163615,JUNC_964,1,+,GT,AG,0.99859947,0.99569136,0.0007449097465723753,0.6201444864273071
NC_003070.9,21163711,21164038,JUNC_965,1,+,GT,AG,0.99999964,0.9999974,0.9509057402610779,0.14045019447803497
NC_003070.9,21164161,21164333,JUNC_966,1,+,GT,AG,1.0,1.0,0.1963931918144226,0.9298726320266724
NC_003070.9,21164531,21164607,JUNC_967,1,+,GT,AG,0.99999976,0.9999995,0.8079246878623962,0.16030538082122803
NC_003070.9,21164712,21164791,JUNC_968,1,+,GT,AG,1.0,1.0,0.020988604053854942,0.9938994646072388
NC_003070.9,21164856,21164945,JUNC_969,1,+,GT,AG,0.9999852,0.9999918,0.998837411403656,0.9976887702941895
NC_003070.9,21165039,21165178,JUNC_970,1,+,GC,AG,0.99999285,0.9999907,0.9990608096122742,0.9985881447792053
NC_003070.9,21165336,21165417,JUNC_971,1,+,GT,AG,0.9997875,0.9986933,0.99969482421875,0.9973625540733337
NC_003070.9,21165467,21165541,JUNC_972,1,+,GT,AG,0.9996499,0.99893147,0.998304009437561,0.8124558329582214
NC_003070.9,21165663,21165730,JUNC_973,1,+,GT,AG,0.99976844,0.9995871,0.6305422782897949,0.996503472328186
NC_003070.9,21165838,21166055,JUNC_974,1,+,GT,AG,0.9991627,0.9976138,0.9961297512054443,0.9632100462913513
NC_003070.9,21166148,21166244,JUNC_975,1,+,GT,AG,0.9998128,0.9999211,0.9102824926376343,0.978710412979126
NC_003070.9,21166281,21166359,JUNC_17025,1,+,GT,AG,0.9973093,0.9989535,0.9986249208450317,0.0023902978282421827
NC_003070.9,21166610,21166702,JUNC_976,1,+,GT,AG,0.9965616,0.99467564,0.002653837203979492,0.0010324787581339478
NC_003070.9,21166852,21166930,JUNC_977,1,+,GT,AG,0.99772376,0.99575293,0.6689234972000122,0.010082421824336052
NC_003070.9,21168173,21169502,JUNC_9460,1,+,GT,AG,0.9999999,1.0,0.003308715531602502,0.12595544755458832
NC_003070.9,21170595,21170696,JUNC_9461,1,+,GT,AG,0.99999726,0.99999857,0.0019043833017349243,0.0001685965107753873
NC_003070.9,21170996,21171099,JUNC_9462,1,+,GT,AG,0.99946004,0.9994711,0.28434374928474426,6.773950008209795e-05
NC_003070.9,21172530,21173384,JUNC_9463,1,+,GT,AG,0.9241614,0.9463235,0.9492040872573853,0.960857629776001
NC_003070.9,21214607,21214719,JUNC_16638,1,-,GT,AG,0.10574171,0.10543289,0.9765802025794983,0.8536900877952576
NC_003070.9,21214789,21215106,JUNC_16639,1,-,GT,AG,0.9993918,0.99968326,0.11521472781896591,0.9904748797416687
NC_003070.9,21223892,21224164,JUNC_8846,1,-,GT,AG,1.0,1.0,0.9503286480903625,0.007951542735099792
NC_003070.9,21224675,21224775,JUNC_8847,1,-,GT,AG,0.99998915,0.9999703,0.0004276529361959547,0.005771511700004339
NC_003070.9,21224911,21225556,JUNC_8848,1,-,GT,AG,1.0,0.9999999,0.000938437064178288,3.3518495911266655e-05
NC_003070.9,21225590,21225875,JUNC_8849,1,-,GT,AG,0.96973825,0.9427611,0.07840632647275925,0.0012960968306288123
NC_003070.9,21226075,21226639,JUNC_8850,1,-,GT,AG,0.9984097,0.99922085,0.9059592485427856,0.0013862927444279194
NC_003070.9,21256395,21256785,JUNC_8098,1,+,GT,AG,0.9994766,0.9998415,0.022598639130592346,0.6634330749511719
NC_003070.9,21257006,21257091,JUNC_8099,1,+,GT,AG,0.9999993,0.99999905,0.28262534737586975,0.030207380652427673
NC_003070.9,21257196,21257272,JUNC_8100,1,+,GT,AG,0.9999858,0.99997747,0.3229975998401642,0.021670419722795486
NC_003070.9,21257320,21257397,JUNC_8101,1,+,GT,AG,0.9999739,0.99996316,0.02117842435836792,0.07129085063934326
NC_003070.9,21258677,21258839,JUNC_14897,1,-,GT,AG,0.20207863,0.108743235,0.0026639276184141636,3.564718281268142e-05
NC_003070.9,21258921,21259006,JUNC_14898,1,-,GT,AG,0.9999993,0.99999523,0.2644943594932556,0.10044906288385391
NC_003070.9,21259214,21259305,JUNC_14899,1,-,GT,AG,0.9993051,0.99945277,0.729475200176239,0.9735158681869507
NC_003070.9,21259515,21259589,JUNC_14900,1,-,GT,AG,0.9956388,0.99686027,0.009188001975417137,0.003583817509934306
NC_003070.9,21263728,21263808,JUNC_3186,1,-,GT,AG,0.9999813,0.9999721,0.06441204994916916,0.06940587610006332
NC_003070.9,21264021,21264091,JUNC_3187,1,-,GT,AG,0.9871344,0.97051334,0.4778134822845459,0.0003227139532100409
NC_003070.9,21264221,21264298,JUNC_3188,1,-,GT,AG,0.9999995,0.99999976,0.9440155625343323,0.07090239226818085
NC_003070.9,21264469,21264541,JUNC_3189,1,-,GT,AG,0.9975424,0.9950978,0.1695718914270401,0.00017859737272374332
NC_003070.9,21264664,21264742,JUNC_3190,1,-,GT,AG,0.9998752,0.99936515,0.022892506793141365,0.22053907811641693
NC_003070.9,21264847,21264921,JUNC_3191,1,-,GT,AG,0.9999348,0.99891376,0.05735248327255249,0.009404405020177364
NC_003070.9,21265570,21265872,JUNC_3192,1,-,GT,AG,0.97629035,0.98007673,5.9414833231130615e-05,0.008097589015960693
NC_003070.9,21265946,21266073,JUNC_3193,1,-,GT,AG,0.07563442,0.07334948,0.0020476793870329857,1.9223475646867882e-06
NC_003070.9,21271098,21271109,JUNC_16748,1,+,AG,TT,0.017315846,0.016168246,1.3485166164173279e-05,0.004081419203430414
NC_003070.9,21277154,21277165,JUNC_17282,1,+,AG,TT,0.017315846,0.016168246,6.071593816159293e-05,0.0019557566847652197
NC_003070.9,21282821,21282832,JUNC_2750,1,+,TG,TA,4.8398374e-06,2.2942224e-05,0.9146535396575928,0.4052034914493561
NC_003070.9,21283279,21283290,JUNC_9226,1,+,AG,TT,0.0010656221,0.001755558,0.9990556836128235,0.8858458995819092
NC_003070.9,21299123,21299134,JUNC_2821,1,+,TG,TA,1.6640442e-07,6.00092e-07,1.1009547051799018e-06,0.0002789364370983094
NC_003070.9,21304893,21304899,JUNC_5164,1,+,TG,GC,0.0014054113,0.003999651,0.9990072846412659,0.9903636574745178
NC_003070.9,21306886,21306897,JUNC_17138,1,+,AG,TT,0.0007575377,0.0011409897,0.006213292479515076,0.02173629030585289
NC_003070.9,21316983,21317071,JUNC_3112,1,+,GT,AG,0.9647747,0.9605983,0.20004798471927643,0.9490451216697693
NC_003070.9,21317201,21317277,JUNC_3113,1,+,GT,AG,0.20237055,0.07582096,0.828154444694519,3.733034077413322e-07
NC_003070.9,21330779,21330883,JUNC_13716,1,-,GT,AG,0.7815543,0.64888275,0.007022575940936804,0.08619087189435959
NC_003070.9,21330933,21331023,JUNC_13717,1,-,GT,AG,0.9883238,0.9794586,0.15765990316867828,0.0030158592853695154
NC_003070.9,21331099,21331185,JUNC_13718,1,-,GT,AG,0.9894772,0.9920744,0.9649930000305176,0.43622806668281555
NC_003070.9,21331263,21331559,JUNC_13719,1,-,GT,AG,0.75476533,0.65428895,0.9968013763427734,0.9988632202148438
NC_003070.9,21331641,21331731,JUNC_13720,1,-,GT,AG,0.19290884,0.17285988,0.978044331073761,0.9918767213821411
NC_003070.9,21331824,21331929,JUNC_13721,1,-,GT,AG,0.9999089,0.99994075,0.14930500090122223,0.9968122839927673
NC_003070.9,21332039,21332305,JUNC_13722,1,-,GT,AG,0.99999285,0.99997616,0.6570231914520264,0.6202267408370972
NC_003070.9,21332368,21332533,JUNC_13723,1,-,GT,AG,0.8769678,0.95470506,0.03811164200305939,0.1124730110168457
NC_003070.9,21332585,21332676,JUNC_13724,1,-,GT,AG,0.9999026,0.9998617,0.34883254766464233,0.9986019730567932
NC_003070.9,21332801,21332987,JUNC_13725,1,-,GT,AG,0.32620782,0.15205967,0.9990556836128235,0.8858458995819092
NC_003070.9,21333101,21333183,JUNC_13726,1,-,GT,AG,0.101083525,0.06564767,0.006372665520757437,0.9600164890289307
NC_003070.9,21333243,21333361,JUNC_13727,1,-,GT,AG,0.27671057,0.3157026,0.010915872640907764,0.008620260283350945
NC_003070.9,21333432,21333526,JUNC_13728,1,-,GT,AG,0.830363,0.80940413,0.05844656750559807,0.07681576907634735
NC_003070.9,21333591,21333688,JUNC_13729,1,-,GT,AG,0.9899969,0.99338394,0.006847334560006857,0.002988177351653576
NC_003070.9,21333792,21333924,JUNC_13730,1,-,GT,AG,0.99992335,0.99993217,0.9274295568466187,0.0607808381319046
NC_003070.9,21352076,21352158,JUNC_1716,1,+,GT,AG,0.9999995,0.9999994,0.3165417015552521,0.9674361348152161
NC_003070.9,21352443,21352601,JUNC_1717,1,+,GT,AG,0.9999994,0.99999976,0.9964732527732849,0.9705177545547485
NC_003070.9,21352956,21353058,JUNC_16012,1,+,GT,AG,0.7901103,0.75593644,0.0945226177573204,0.0001775406999513507
NC_003070.9,21355803,21356106,JUNC_2776,1,+,GT,AG,0.99999905,0.9999994,0.0013726678444072604,1.1362792662339416e-07
NC_003070.9,21377720,21377823,JUNC_2769,1,+,GT,AG,0.9189353,0.92214084,0.019844433292746544,6.328668405330973e-06
NC_003070.9,21377881,21378156,JUNC_2770,1,+,GT,AG,0.9999999,0.9999999,0.9690973162651062,0.9819198250770569
NC_003070.9,21378306,21378384,JUNC_2771,1,+,GT,AG,1.0,0.99999976,0.4426093101501465,7.2802635258995e-05
NC_003070.9,21378445,21378538,JUNC_2772,1,+,GT,AG,0.99975663,0.9994981,0.0005956941749900579,0.19012655317783356
NC_003070.9,21378591,21378702,JUNC_2773,1,+,GT,AG,0.99997365,0.9999809,0.09587928652763367,0.17989005148410797
NC_003070.9,21378804,21378942,JUNC_2774,1,+,GT,AG,0.9999783,0.99994385,0.9756699204444885,0.6828620433807373
NC_003070.9,21379429,21379734,JUNC_2775,1,+,GT,AG,0.9999999,0.99999976,0.6432949304580688,0.9551846385002136
NC_003070.9,21408941,21409026,JUNC_13559,1,-,GT,AG,0.9999993,0.9999974,3.7750317005702527e-06,1.6773359675426036e-05
NC_003070.9,21409241,21409344,JUNC_13560,1,-,GT,AG,0.99941516,0.99946636,0.2606090009212494,0.7210464477539062
NC_003070.9,21409492,21409567,JUNC_13561,1,-,GT,AG,0.9999999,0.99999976,0.10364902019500732,0.005369864869862795
NC_003070.9,21409670,21409754,JUNC_13562,1,-,GT,AG,0.9999553,0.9999486,0.225619375705719,0.005461676046252251
NC_003070.9,21409807,21409916,JUNC_13563,1,-,GT,AG,0.0061647985,0.0029731975,0.0002849892480298877,5.670477548846975e-06
NC_003070.9,21410019,21410103,JUNC_13564,1,-,GT,AG,0.6434399,0.76576465,6.93911497364752e-05,0.0004452569119166583
NC_003070.9,21410229,21410349,JUNC_13565,1,-,GT,AG,0.95284766,0.9399596,4.0378754420089535e-06,0.00010451087291585281
NC_003070.9,21410879,21411773,JUNC_13566,1,-,GT,AG,0.9521452,0.9904665,4.643484498956241e-05,0.00027631467673927546
NC_003070.9,21414521,21414795,JUNC_10552,1,-,GT,AG,0.9999167,0.9995183,0.001225395710207522,0.0010179876117035747
NC_003070.9,21415010,21415257,JUNC_10553,1,-,GT,AG,0.9957657,0.99835527,0.0015536299906671047,1.1944664493057644e-06
NC_003070.9,21415402,21415475,JUNC_10554,1,-,GT,AG,0.99996686,0.99993455,0.8688937425613403,1.1280895506615707e-07
NC_003070.9,21415578,21415657,JUNC_10555,1,-,GT,AG,0.99999785,0.99999785,0.932057797908783,0.7266191840171814
NC_003070.9,21415722,21415794,JUNC_10556,1,-,GT,AG,0.9999162,0.99959415,0.9996176958084106,0.9947847723960876
NC_003070.9,21415894,21416018,JUNC_10557,1,-,GT,AG,0.99986494,0.99984765,0.9468203783035278,0.9990181922912598
NC_003070.9,21416135,21416373,JUNC_10558,1,-,GT,AG,0.012503059,0.0150732845,0.44771650433540344,0.7943907976150513
NC_003070.9,21416144,21416373,JUNC_18214,1,-,GT,AG,0.36957067,0.30677822,0.9973686933517456,0.49745550751686096
NC_003070.9,21416903,21417428,JUNC_10559,1,-,GT,AG,0.9998234,0.99987066,0.9966108202934265,0.9985072016716003
NC_003070.9,21422501,21422775,JUNC_14799,1,+,GT,AG,0.017127024,0.0009573879,1.2388136383378878e-06,0.006687941960990429
NC_003070.9,21446359,21446834,JUNC_3182,1,-,GT,AG,0.994689,0.9931382,0.9940723776817322,0.9964536428451538
NC_003070.9,21447082,21447220,JUNC_3183,1,-,GT,AG,0.6856365,0.7647568,0.22686678171157837,0.029235104098916054
NC_003070.9,21457760,21457928,JUNC_2105,1,-,GT,AG,0.00079801213,0.0012288087,0.0008780874195508659,0.0006612540455535054
NC_003070.9,21457970,21458239,JUNC_2106,1,-,GT,AG,2.5369613e-07,4.628578e-07,0.6947380304336548,0.0005680170725099742
NC_003070.9,21458434,21458549,JUNC_2107,1,-,GT,AG,0.9999968,0.9999858,0.727186918258667,0.9734289646148682
NC_003070.9,21458930,21459044,JUNC_2108,1,-,GT,AG,0.99999976,0.9999995,0.9287310242652893,0.38250213861465454
NC_003070.9,21459132,21459370,JUNC_2109,1,-,GT,AG,1.0,0.9999999,0.0007755791302770376,0.9960340857505798
NC_003070.9,21459428,21460033,JUNC_3184,1,-,GT,AG,1.0,1.0,0.23988106846809387,0.04849020019173622
NC_003070.9,21459431,21460033,JUNC_2110,1,-,GT,AG,0.9999999,0.9999999,0.009141851216554642,0.016749592497944832
NC_003070.9,21460268,21460900,JUNC_2111,1,-,GT,AG,1.0,1.0,0.0006144500803202391,0.00015588391397614032
NC_003070.9,21460978,21461094,JUNC_2112,1,-,GT,AG,0.9999976,0.99999774,0.0030280528590083122,0.00043694491614587605
NC_003070.9,21461838,21462115,JUNC_2113,1,-,GT,AG,5.245345e-05,0.000113064125,0.09555321931838989,5.63684334338177e-05
NC_003070.9,21516121,21516258,JUNC_5402,1,-,GT,AG,0.9996364,0.9963379,0.02496098168194294,9.025254257721826e-06
NC_003070.9,21516385,21516488,JUNC_5403,1,-,GT,AG,0.97692525,0.96978575,0.9392623901367188,0.6057179570198059
NC_003070.9,21516564,21516655,JUNC_5404,1,-,GT,AG,0.9639861,0.9787926,0.10350942611694336,0.4064634144306183
NC_003070.9,21517386,21518016,JUNC_5405,1,-,GT,AG,0.9995634,0.9997762,0.8661917448043823,0.9403702020645142
NC_003070.9,21533781,21533859,JUNC_17090,1,+,GT,AG,0.9852373,0.9931485,0.9923305511474609,0.9931350946426392
NC_003070.9,21533954,21534197,JUNC_17091,1,+,GT,AG,0.999998,0.9999981,0.9978405237197876,0.9990596175193787
NC_003070.9,21537819,21537914,JUNC_10324,1,-,GT,AG,2.2735624e-15,2.0205453e-14,0.7892583012580872,0.000171276435139589
NC_003070.9,21538198,21538298,JUNC_10325,1,-,GT,AG,0.16142567,0.27307183,0.005018152762204409,0.9003509879112244
NC_003070.9,21538401,21538482,JUNC_10326,1,-,GT,AG,0.999595,0.99916375,0.9364785552024841,0.1879742443561554
NC_003070.9,21538571,21538647,JUNC_10327,1,-,GT,AG,0.9997788,0.9997888,1.3892007700633258e-05,3.671195372589864e-05
NC_003070.9,21538701,21538790,JUNC_10328,1,-,GT,AG,0.99985206,0.9999149,0.0035012869630008936,0.00031233407207764685
NC_003070.9,21538904,21539004,JUNC_10329,1,-,GT,AG,0.6398623,0.80194455,0.009384606964886189,0.3705056607723236
NC_003070.9,21539053,21539168,JUNC_10330,1,-,GT,AG,0.39428473,0.3550956,5.2170955314068124e-05,0.00043373959488235414
NC_003070.9,21539300,21539393,JUNC_10331,1,-,GT,AG,0.99872184,0.9939248,0.12523701786994934,0.0023627695627510548
NC_003070.9,21539458,21539553,JUNC_10332,1,-,GT,AG,0.9850728,0.9515118,0.5353743433952332,0.8336337208747864
NC_003070.9,21539615,21539695,JUNC_10333,1,-,GT,AG,0.32398504,0.35607862,0.9319266080856323,0.14282317459583282
NC_003070.9,21541074,21541309,JUNC_13428,1,+,GT,AG,0.99999356,0.9999821,0.9627026915550232,0.9792836308479309
NC_003070.9,21541465,21541599,JUNC_13429,1,+,GT,AG,0.99999976,0.99999905,0.1544247269630432,0.9930415153503418
NC_003070.9,21541668,21541757,JUNC_13430,1,+,GT,AG,0.9981433,0.99494547,0.00034966127714142203,0.006961503066122532
NC_003070.9,21541832,21545269,JUNC_13431,1,+,GT,AG,0.99998426,0.99998057,0.998219907283783,0.022119581699371338
NC_003070.9,21545147,21545269,JUNC_9119,1,+,GT,AG,0.98174185,0.99456066,0.9733219146728516,0.9995872378349304
NC_003070.9,21545425,21545540,JUNC_9120,1,+,GT,AG,1.0,1.0,0.517273485660553,0.9705963730812073
NC_003070.9,21545609,21545705,JUNC_9121,1,+,GT,AG,0.9999685,0.99996424,0.005630120635032654,0.00966709479689598
NC_003070.9,21545774,21545855,JUNC_9122,1,+,GT,AG,0.99470395,0.99444574,0.9065151214599609,0.0003163288638461381
NC_003070.9,21564280,21564497,JUNC_8552,1,+,GT,AG,0.9999912,0.99999726,0.9600745439529419,0.8062488436698914
NC_003070.9,21564641,21564783,JUNC_8553,1,+,GT,AG,0.8190071,0.77969635,0.6040703654289246,0.9790934324264526
NC_003070.9,21564912,21565026,JUNC_17422,1,+,GT,AG,1.2186394e-10,4.2115045e-10,0.001275118556804955,2.0615357243514154e-06
NC_003070.9,21620587,21620677,JUNC_17523,1,-,GT,AG,0.9974637,0.99588346,0.0033478066325187683,0.0028374746907502413
NC_003070.9,21620722,21620800,JUNC_17524,1,-,GT,AG,0.99958855,0.9994141,0.6352006793022156,0.786919891834259
NC_003070.9,21620920,21621013,JUNC_17525,1,-,GT,AG,0.99995923,0.99992335,0.629000723361969,0.0012947068316861987
NC_003070.9,21621102,21621186,JUNC_17526,1,-,GC,AG,0.99999774,0.9999962,0.08495885878801346,0.6628365516662598
NC_003070.9,21621261,21621336,JUNC_17527,1,-,GT,AG,0.9999994,0.9999987,0.059200581163167953,2.911015326390043e-05
NC_003070.9,21621499,21621667,JUNC_17528,1,-,GT,AG,0.9999945,0.999998,0.5879800319671631,0.2783360183238983
NC_003070.9,21621747,21621941,JUNC_17529,1,-,GT,AG,0.99999976,0.9999987,0.26217761635780334,0.9647511839866638
NC_003070.9,21622049,21622129,JUNC_17530,1,-,GT,AG,0.9999964,0.99999404,0.8785242438316345,0.0010739146964624524
NC_003070.9,21622191,21622344,JUNC_17531,1,-,GT,AG,0.9179931,0.91108,0.06489317864179611,0.9865832924842834
NC_003070.9,21695966,21696126,JUNC_10726,1,-,GT,AG,0.99999726,0.9999943,0.9993707537651062,0.011043008416891098
NC_003070.9,21697870,21698020,JUNC_10727,1,-,GT,AG,0.9999912,0.99998987,0.027908755466341972,0.6530016660690308
NC_003070.9,21698137,21698238,JUNC_17152,1,-,GT,AG,0.99988294,0.99988306,0.9888275861740112,0.9676617980003357
NC_003070.9,21698167,21698238,JUNC_10728,1,-,GT,AG,0.99999344,0.999982,0.0016335619147866964,0.978935956954956
NC_003070.9,21699130,21699552,JUNC_10729,1,-,GT,AG,0.9999999,0.9999999,0.9088094830513,0.47478970885276794
NC_003070.9,21702964,21703134,JUNC_18079,1,-,GT,AG,0.99999917,0.9999981,0.5762561559677124,3.139297041343525e-05
NC_003070.9,21703281,21703381,JUNC_18080,1,-,GT,AG,1.0,0.9999999,0.9017828702926636,0.7539626359939575
NC_003070.9,21705430,21705624,JUNC_9318,1,-,GT,AG,0.9999995,0.9999994,0.9996881484985352,0.998781144618988
NC_003070.9,21718118,21718213,JUNC_3352,1,+,GT,AG,0.99538994,0.9800427,0.10578815639019012,0.9778003692626953
NC_003070.9,21718357,21718588,JUNC_3353,1,+,GT,AG,1.0,1.0,0.022608183324337006,0.0075691742822527885
NC_003070.9,21718716,21718798,JUNC_3354,1,+,GT,AG,0.99993217,0.9999635,0.5963917374610901,0.0002559669956099242
NC_003070.9,21730156,21730249,JUNC_17888,1,+,GT,AG,0.9998198,0.999487,0.013158286921679974,0.0023685269989073277
NC_003070.9,21730380,21730468,JUNC_17889,1,+,GT,AG,0.9999702,0.99993205,0.37231114506721497,0.22873319685459137
NC_003070.9,21730693,21730795,JUNC_17890,1,+,GT,AG,0.99999547,0.99999154,0.06392427533864975,0.064736008644104
NC_003070.9,21731051,21731171,JUNC_17891,1,+,GT,AG,0.9809918,0.5853396,0.06794378161430359,0.9573357105255127
NC_003070.9,21732803,21733454,JUNC_14932,1,+,GT,AG,0.5922946,0.6850575,0.8317247033119202,0.2397674173116684
NC_003070.9,21733823,21733920,JUNC_14933,1,+,GT,AG,0.9008099,0.91511965,0.4831673502922058,0.6902839541435242
NC_003070.9,21734067,21734170,JUNC_14934,1,+,GT,AG,0.78092414,0.5302201,0.9920136332511902,0.7415674328804016
NC_003070.9,21734234,21734358,JUNC_14935,1,+,GT,AG,0.51792556,0.31265497,1.4145444765745196e-05,0.004695250187069178
NC_003070.9,21734568,21735197,JUNC_14936,1,+,GT,AG,0.9999535,0.99993384,0.008374068886041641,5.54972211830318e-06
NC_003070.9,21735392,21735817,JUNC_14937,1,+,GT,AG,0.9999894,0.99997663,0.9807042479515076,0.001015986897982657
NC_003070.9,21736116,21736337,JUNC_14938,1,+,GT,AG,0.9997476,0.99985206,0.2148774266242981,0.122768834233284
NC_003070.9,21736614,21736940,JUNC_14939,1,+,GT,AG,0.9816175,0.98870254,0.0014784032246097922,0.9691202640533447
NC_003070.9,21737216,21737510,JUNC_14940,1,+,GT,AG,0.9999943,0.9999988,0.9705965518951416,0.0015402300050482154
NC_003070.9,21737744,21737829,JUNC_14941,1,+,GT,AG,0.9999566,0.9998371,0.15112508833408356,0.9960274696350098
NC_003070.9,21738007,21738085,JUNC_14942,1,+,GT,AG,0.99386007,0.99246323,0.9252102971076965,0.016780424863100052
NC_003070.9,21743298,21743482,JUNC_15345,1,-,GT,AG,0.41366696,0.7078377,0.20668888092041016,0.0005234385607764125
NC_003070.9,21743609,21743756,JUNC_15346,1,-,GT,AG,0.961407,0.9816394,0.052500657737255096,0.2737489938735962
NC_003070.9,21766996,21767446,JUNC_14488,1,+,GT,AG,0.9989028,0.99884576,0.044069524854421616,0.0034687553998082876
NC_003070.9,21767551,21767679,JUNC_7405,1,+,GT,AG,0.48070076,0.47174323,1.6243497157120146e-05,0.0001786410139175132
NC_003070.9,21767886,21768007,JUNC_7406,1,+,GT,AG,0.9999176,0.99990547,0.006934245117008686,0.0001242848375113681
NC_003070.9,21768155,21768313,JUNC_7407,1,+,GT,AG,0.99740773,0.9918858,0.0064964317716658115,0.0002115327661158517
NC_003070.9,21768357,21768448,JUNC_7408,1,+,GT,AG,0.8288501,0.81696516,0.1305171251296997,8.47801857162267e-05
NC_003070.9,21768559,21768632,JUNC_7409,1,+,GT,AG,0.99773103,0.99215996,0.2453395128250122,0.0009390183840878308
NC_003070.9,21769241,21769324,JUNC_7410,1,+,GT,AG,0.997631,0.9913139,0.006970574613660574,0.3462076187133789
NC_003070.9,21806440,21806782,JUNC_8371,1,-,GT,AG,0.9999777,0.9999598,0.07264254242181778,0.0003946491633541882
NC_003070.9,21816573,21816823,JUNC_3260,1,+,GT,AG,0.9988005,0.99860483,0.00013100849173497409,0.312310129404068
NC_003070.9,21817708,21817786,JUNC_3261,1,+,GT,AG,0.9999988,0.99999845,0.33789491653442383,0.4551950991153717
NC_003070.9,21817933,21818021,JUNC_3262,1,+,GT,AG,0.99355775,0.99474865,3.1450238680008624e-07,6.413907271962671e-08
NC_003070.9,21819547,21819635,JUNC_10297,1,+,GT,AG,0.10240175,0.13285826,0.609465479850769,0.08775462210178375
NC_003070.9,21821785,21822247,JUNC_18273,1,+,GT,AG,0.98988265,0.98753613,0.025391193106770515,0.016835618764162064
NC_003070.9,21822352,21822425,JUNC_18274,1,+,GT,AG,0.9997631,0.99971116,0.974177896976471,0.9033232927322388
NC_003070.9,21828139,21828389,JUNC_3878,1,+,GT,AG,0.99795616,0.9977186,0.013992059044539928,0.5035832524299622
NC_003070.9,21829274,21829352,JUNC_3879,1,+,GT,AG,0.99999905,0.99999905,0.2246890366077423,0.01872517354786396
NC_003070.9,21829499,21829587,JUNC_3880,1,+,GT,AG,0.9988337,0.99843013,0.005632798653095961,0.004254032392054796
NC_003070.9,21831852,21831937,JUNC_8878,1,+,GT,AG,0.9821254,0.97959304,0.0003572031855583191,0.00030465979943983257
NC_003070.9,21831852,21831963,JUNC_3881,1,+,GT,AG,0.11537546,0.11093748,0.0004822899936698377,0.00047380244359374046
NC_003070.9,21832091,21832475,JUNC_3882,1,+,GT,AG,0.9069944,0.950256,0.0012988831149414182,0.0006916799466125667
NC_003070.9,21832091,21832865,JUNC_8879,1,+,GT,AG,0.9999827,0.99999034,0.9319444298744202,0.0012024545576423407
NC_003070.9,21839512,21839962,JUNC_17393,1,+,GT,AG,0.9989028,0.99884576,0.1152358204126358,0.18144476413726807
NC_003070.9,21840067,21840195,JUNC_8379,1,+,GT,AG,0.48070076,0.47174323,0.46198880672454834,0.0013211661716923118
NC_003070.9,21840402,21840523,JUNC_8380,1,+,GT,AG,0.9999176,0.99990547,0.8946605920791626,0.008476202376186848
NC_003070.9,21840671,21840829,JUNC_8381,1,+,GT,AG,0.99740773,0.9918858,0.4839976131916046,0.963331937789917
NC_003070.9,21840873,21840964,JUNC_8382,1,+,GT,AG,0.8288501,0.81696516,0.9991433620452881,0.705354630947113
NC_003070.9,21841075,21841148,JUNC_8383,1,+,GT,AG,0.99773103,0.99215996,0.025359908118844032,0.9979604482650757
NC_003070.9,21841757,21841840,JUNC_8384,1,+,GT,AG,0.997631,0.9913139,0.9527150988578796,0.0026205808389931917
NC_003070.9,21842698,21843040,JUNC_14067,1,-,GT,AG,0.9999777,0.9999598,0.8278176188468933,0.8127155900001526
NC_003070.9,21855861,21855940,JUNC_16553,1,-,GT,AG,0.99993277,0.9999273,0.8746803402900696,0.5568615198135376
NC_003070.9,21856042,21856291,JUNC_16554,1,-,GT,AG,0.9999989,0.9999963,0.001808346132747829,0.08938151597976685
NC_003070.9,21861620,21861835,JUNC_7077,1,+,GT,AG,0.9999999,0.9999999,0.004266052506864071,0.05145232379436493
NC_003070.9,21862025,21862123,JUNC_7078,1,+,GT,AG,0.9953666,0.99494123,0.04998530447483063,0.008367728441953659
NC_003070.9,21862198,21862574,JUNC_7079,1,+,GT,AG,0.9999304,0.99986064,0.9548115730285645,0.9977068901062012
NC_003070.9,21862681,21863015,JUNC_7080,1,+,GT,AG,0.9999838,0.99993396,0.9951865077018738,0.9980934262275696
NC_003070.9,21863076,21863391,JUNC_7081,1,+,GT,AG,0.9997271,0.99950373,0.998526930809021,0.9562597870826721
NC_003070.9,21863451,21863530,JUNC_7082,1,+,GC,AG,0.9995666,0.99956924,0.9419143199920654,0.027138276025652885
NC_003070.9,21863605,21864145,JUNC_7083,1,+,GT,AG,0.99999976,0.9999994,0.9308658242225647,0.6900806427001953
NC_003070.9,21864280,21864621,JUNC_7084,1,+,GT,AG,0.8716289,0.8584857,0.9124504923820496,0.9641475081443787
NC_003070.9,21864676,21865248,JUNC_7085,1,+,GT,AG,0.99913627,0.9990258,0.9360200762748718,0.39492011070251465
NC_003070.9,21865371,21865662,JUNC_8614,1,+,GT,AG,0.9999999,0.9999999,0.3347994089126587,0.9754922389984131
NC_003070.9,21865889,21865989,JUNC_7087,1,+,GT,AG,0.5512319,0.69149953,0.9843243360519409,0.1502651870250702
NC_003070.9,21881814,21881906,JUNC_12564,1,+,GT,AG,0.060725953,0.14579414,0.561509907245636,0.46123600006103516
NC_003070.9,21881950,21882033,JUNC_12565,1,+,GT,AG,0.9998473,0.9996897,0.4132634997367859,0.01270747184753418
NC_003070.9,21882158,21882238,JUNC_12566,1,+,GT,AG,0.99994993,0.9999399,0.9905016422271729,0.9989873766899109
NC_003070.9,21882334,21882410,JUNC_12567,1,+,GT,AG,0.99953794,0.9994273,0.24144244194030762,5.600984877673909e-05
NC_003070.9,21882551,21882639,JUNC_12568,1,+,GT,AG,0.9996897,0.99648243,0.0009414466912858188,0.9667342305183411
NC_003070.9,21882705,21882780,JUNC_12569,1,+,GT,AG,0.9995338,0.9992387,0.9468916654586792,0.3667360544204712
NC_003070.9,21882893,21882979,JUNC_12570,1,+,GT,AG,0.99941564,0.99910104,0.0017376748146489263,0.9000643491744995
NC_003070.9,21883111,21883197,JUNC_16514,1,+,GT,AG,0.9681457,0.90780514,0.9695181846618652,0.000259389984421432
NC_003070.9,21883241,21883348,JUNC_16515,1,+,GT,AG,0.9712006,0.9752229,0.9755741357803345,0.24121302366256714
NC_003070.9,21883427,21883529,JUNC_16516,1,+,GT,AG,0.9999988,0.99999666,0.07220330834388733,0.000320781662594527
NC_003070.9,21889932,21890015,JUNC_15380,1,-,GT,AG,0.9987386,0.99859864,0.5181196331977844,0.004427346400916576
NC_003070.9,21890168,21890609,JUNC_15381,1,-,GT,AG,0.99999166,0.999997,0.00031440204475075006,0.04070292040705681
NC_003070.9,21890769,21891179,JUNC_15382,1,-,GT,AG,0.9999994,0.99999905,0.9902672171592712,0.523165225982666
NC_003070.9,21891321,21891396,JUNC_15383,1,-,GT,AG,0.9931798,0.99251056,0.12002965062856674,0.03868305683135986
NC_003070.9,21893553,21894052,JUNC_8255,1,+,GT,AG,0.9999944,0.9999927,0.03235399350523949,0.9819367527961731
NC_003070.9,21894103,21894219,JUNC_8256,1,+,GT,AG,0.99229276,0.97360533,0.7478212714195251,0.14279942214488983
NC_003070.9,21894340,21894469,JUNC_8257,1,+,GT,AG,0.96806806,0.9715693,0.9993639588356018,0.9872510433197021
NC_003070.9,21894562,21894881,JUNC_8258,1,+,GT,AG,0.999995,0.9999974,0.39725106954574585,0.9985926747322083
NC_003070.9,21894943,21895100,JUNC_8259,1,+,GT,AG,1.0,1.0,0.11503713577985764,0.23503421247005463
NC_003070.9,21895218,21895359,JUNC_8260,1,+,GT,AG,0.9999995,0.99999905,1.2751357303386612e-07,1.408024985494194e-07
NC_003070.9,21895696,21896393,JUNC_8261,1,+,GT,AG,0.9999932,0.9999821,0.729475200176239,0.9735158681869507
NC_003070.9,21896541,21896819,JUNC_8262,1,+,GT,AG,0.99999416,0.9999912,0.009188001975417137,0.003583817509934306
NC_003070.9,21896921,21897011,JUNC_8263,1,+,GT,AG,0.9999871,0.9999199,0.9924822449684143,0.9353320598602295
NC_003070.9,21897131,21897388,JUNC_8264,1,+,GT,AG,0.9999993,0.9999993,0.9248142242431641,0.9985857009887695
NC_003070.9,21897472,21897554,JUNC_8265,1,+,GT,AG,0.9999995,0.99999785,0.9960387945175171,0.9916704893112183
NC_003070.9,21897682,21898034,JUNC_8266,1,+,GT,AG,0.9999974,0.99998796,0.9959344863891602,0.9909522533416748
NC_003070.9,21898119,21898230,JUNC_8267,1,+,GT,AG,0.9971225,0.98011017,6.284561095526442e-06,0.008226798847317696
NC_003070.9,21898390,21898751,JUNC_8268,1,+,GT,AG,0.99999917,0.9999976,0.0019370652735233307,0.00450542476028204
NC_003070.9,21898828,21898959,JUNC_8269,1,+,GT,AG,0.99999964,0.99999976,0.010390562936663628,0.002917299745604396
NC_003070.9,21899016,21899258,JUNC_8270,1,+,GT,AG,0.99999964,0.9999987,0.004930094815790653,0.0005697807646356523
NC_003070.9,21899403,21899490,JUNC_8271,1,+,GT,AG,0.9999945,0.99997234,0.0001602352422196418,0.003918081521987915
NC_003070.9,21899630,21899886,JUNC_8272,1,+,GT,AG,0.99999964,0.9999999,0.04478216916322708,0.45145538449287415
NC_003070.9,21900000,21900094,JUNC_8273,1,+,GT,AG,0.9999999,0.9999999,0.5213556885719299,0.0008487029699608684
NC_003070.9,21900162,21900254,JUNC_8274,1,+,GT,AG,0.9528548,0.84640497,0.06157786771655083,0.056038446724414825
NC_003070.9,21900427,21900541,JUNC_8275,1,+,GT,AG,0.9999932,0.99998605,0.2608441710472107,0.00020316109294071794
NC_003070.9,21907664,21907723,JUNC_2248,1,-,GT,AG,0.96040374,0.97963995,1.4967145034461282e-05,6.143002246972173e-05
NC_003070.9,21909595,21910003,JUNC_5135,1,-,GT,AG,0.93336326,0.93617153,0.0005882316618226469,0.0002083109866362065
NC_003070.9,21910075,21910156,JUNC_5136,1,-,GT,AG,0.99839693,0.9964439,0.03137199953198433,9.199430678563658e-06
NC_003070.9,21910225,21910304,JUNC_5137,1,-,GT,AG,0.9999988,0.9999981,0.1943654865026474,0.00026067826547659934
NC_003070.9,21910370,21910453,JUNC_5138,1,-,GT,AG,0.99999166,0.9999918,0.6204742193222046,0.857853353023529
NC_003070.9,21910630,21910751,JUNC_5139,1,-,GT,AG,1.0,1.0,0.9944568872451782,0.19948391616344452
NC_003070.9,21936785,21937385,JUNC_16372,1,+,GT,AG,0.9994986,0.99781704,0.0016587678110226989,0.9967166781425476
NC_003070.9,21945767,21945912,JUNC_17954,1,-,GT,AG,0.9999548,0.9999155,0.9810232520103455,8.335603524756152e-06
NC_003070.9,21945991,21946096,JUNC_17955,1,-,GT,AG,0.20165627,0.24598475,0.037161849439144135,0.0004059079219587147
NC_003070.9,21951291,21951768,JUNC_4455,1,+,GT,AG,0.9996692,0.99974555,0.7137702107429504,0.0007919037598185241
NC_003070.9,21952890,21952971,JUNC_17758,1,-,GT,AG,0.99064726,0.98513144,0.06232167407870293,0.9846828579902649
NC_003070.9,21953094,21953257,JUNC_17759,1,-,GT,AG,0.9998167,0.999686,1.2396075135256979e-06,0.030393658205866814
NC_003070.9,21979619,21980383,JUNC_2257,1,+,GT,AG,0.99440175,0.99710983,0.02369963750243187,0.8319911956787109
NC_003070.9,21980450,21980655,JUNC_2258,1,+,GT,AG,0.9999404,0.99996865,0.68863844871521,0.8550154566764832
NC_003070.9,21980771,21981026,JUNC_2259,1,+,GT,AG,0.9999957,0.9999949,0.903020977973938,0.014853020198643208
NC_003070.9,21981122,21981228,JUNC_2260,1,+,GT,AG,0.9991198,0.9990087,0.18093834817409515,0.6130930781364441
NC_003070.9,21981285,21981383,JUNC_2261,1,+,GT,AG,0.99989176,0.9998179,0.3030312955379486,0.9943986535072327
NC_003070.9,21981536,21981621,JUNC_2262,1,+,GT,AG,0.01320349,0.009011672,0.9974763989448547,0.6511092782020569
NC_003070.9,21981706,21981859,JUNC_2263,1,+,GT,AG,0.95269823,0.94170845,0.38902056217193604,0.9141626358032227
NC_003070.9,21981950,21982028,JUNC_2264,1,+,GC,AG,0.6764453,0.402252,0.9873476028442383,0.2467879354953766
NC_003070.9,21982193,21982418,JUNC_2265,1,+,GT,AG,0.3477155,0.24745096,0.22748351097106934,0.1330462247133255
NC_003070.9,21982538,21982628,JUNC_2266,1,+,GT,AG,0.99954426,0.999712,0.3868125379085541,0.9965620636940002
NC_003070.9,21982704,21982823,JUNC_2267,1,+,GT,AG,0.99993813,0.99994373,0.9959188103675842,0.9141852855682373
NC_003070.9,21982995,21983080,JUNC_2268,1,+,GT,AG,0.32049015,0.19860366,0.02298235148191452,8.007051292224787e-06
NC_003070.9,21983541,21983687,JUNC_2269,1,+,GT,AG,0.99999964,0.9999994,8.210921009776939e-07,0.37697291374206543
NC_003070.9,21983878,21984024,JUNC_2270,1,+,GT,AG,1.0,1.0,0.06516518443822861,0.00016170289018191397
NC_003070.9,21984849,21984946,JUNC_16414,1,-,GT,AG,0.99925953,0.99883384,0.817857563495636,0.0002087016182485968
NC_003070.9,21985211,21985382,JUNC_16415,1,-,GT,AG,0.9997278,0.9996236,0.0072762020863592625,0.04030029475688934
NC_003070.9,21985615,21985697,JUNC_16416,1,-,GT,AG,0.9999999,0.99999964,0.04071558639407158,0.06614117324352264
NC_003070.9,21985841,21985978,JUNC_16417,1,-,GT,AG,0.9999993,0.99999845,0.4695691168308258,0.010631744749844074
NC_003070.9,21986133,21986227,JUNC_16418,1,-,GT,AG,0.99751556,0.99451905,0.7095324993133545,7.666777673875913e-05
NC_003070.9,21986510,21986599,JUNC_16419,1,-,GT,AG,0.9999988,0.9999968,0.005123520735651255,0.16795307397842407
NC_003070.9,21986723,21986846,JUNC_16420,1,-,GT,AG,0.9999975,0.99999166,0.009874352253973484,0.0004198048554826528
NC_003070.9,21987097,21987222,JUNC_16421,1,-,GT,AG,0.9999994,0.99999964,0.19714587926864624,0.026543155312538147
NC_003070.9,21987333,21987803,JUNC_16422,1,-,GC,AG,1.0,0.9999999,5.425573908723891e-05,0.0006791240884922445
NC_003070.9,21987908,21988584,JUNC_16423,1,-,GT,AG,0.99999976,0.99999976,0.0015592105919495225,0.0010546594858169556
NC_003070.9,21988923,21989190,JUNC_16424,1,-,GT,AG,1.0,1.0,0.23617807030677795,0.00046085790381766856
NC_003070.9,21989409,21989494,JUNC_16425,1,-,GT,AG,0.99999547,0.99999166,0.008046210743486881,0.792090117931366
NC_003070.9,21989695,21989852,JUNC_16426,1,-,GT,AG,0.9959313,0.99757004,0.977847695350647,0.016253426671028137
NC_003070.9,22028664,22028767,JUNC_3696,1,-,GT,AG,0.9999864,0.9999443,0.5841389298439026,0.6682127118110657
NC_003070.9,22029277,22029376,JUNC_3697,1,-,GT,AG,0.9997613,0.99958616,0.3299656808376312,0.9552226662635803
NC_003070.9,22044158,22044290,JUNC_387,1,+,GT,AG,0.9992161,0.9993445,0.06494539231061935,0.06154554709792137
NC_003070.9,22044399,22044975,JUNC_388,1,+,GT,AG,0.9999993,0.99999964,0.16377493739128113,0.17764674127101898
NC_003070.9,22045134,22045223,JUNC_389,1,+,GT,AG,0.99999964,0.99999905,0.012561248615384102,0.6764723062515259
NC_003070.9,22045404,22045469,JUNC_390,1,+,GT,AG,1.0,1.0,0.0019411883549764752,0.0010939461644738913
NC_003070.9,22045568,22045686,JUNC_391,1,+,GT,AG,0.9999999,0.9999995,0.908261239528656,0.8263936638832092
NC_003070.9,22045854,22046138,JUNC_392,1,+,GT,AG,0.99999976,0.9999994,0.5309678316116333,0.8543406128883362
NC_003070.9,22046226,22046501,JUNC_5057,1,+,GT,AG,0.99999523,0.9999877,0.8087384700775146,9.197985491482541e-05
NC_003070.9,22046719,22046817,JUNC_394,1,+,GT,AG,0.999856,0.9997101,0.003969400655478239,0.867202877998352
NC_003070.9,22046972,22047208,JUNC_395,1,+,GT,AG,1.0,1.0,0.00037181322113610804,0.002693832851946354
NC_003070.9,22047336,22047437,JUNC_396,1,+,GC,AG,0.9982558,0.9983566,0.14013491570949554,0.08517326414585114
NC_003070.9,22047692,22047967,JUNC_397,1,+,GT,AG,0.9999976,0.9999857,0.4933971166610718,0.31092533469200134
NC_003070.9,22048476,22048692,JUNC_398,1,+,GT,AG,1.0,1.0,0.409830778837204,0.9957977533340454
NC_003070.9,22049313,22049395,JUNC_399,1,+,GT,AG,0.99658495,0.993306,0.9785488247871399,0.9560766816139221
NC_003070.9,22049484,22049561,JUNC_400,1,+,GT,AG,0.9999975,0.9999963,0.939903199672699,0.9901940226554871
NC_003070.9,22049700,22049807,JUNC_401,1,+,GT,AG,0.99999845,0.99999106,0.9989928603172302,0.9640533328056335
NC_003070.9,22049960,22050038,JUNC_402,1,+,GT,AG,0.9922793,0.98888296,0.9787557125091553,0.7828848958015442
NC_003070.9,22050199,22050287,JUNC_403,1,+,GT,AG,1.0,1.0,0.7373246550559998,0.8115769624710083
NC_003070.9,22050402,22050493,JUNC_404,1,+,GT,AG,0.99998844,0.99998295,0.8938798904418945,0.39265233278274536
NC_003070.9,22050682,22050768,JUNC_405,1,+,GT,AG,0.97285676,0.9527926,0.9573616981506348,0.9966840147972107
NC_003070.9,22055487,22055583,JUNC_17543,1,-,GT,AG,0.9999982,0.9999931,0.9703120589256287,0.9803240299224854
NC_003070.9,22152676,22152758,JUNC_14221,1,-,GT,AG,0.9999013,0.99988985,0.9924795627593994,0.9265040159225464
NC_003070.9,22153066,22153333,JUNC_14222,1,-,GT,AG,0.9999989,0.99999845,0.34077557921409607,0.05389949679374695
NC_003070.9,22153409,22153548,JUNC_14223,1,-,GT,AG,0.9999995,0.9999993,0.01868889480829239,0.45044389367103577
NC_003070.9,22153615,22153710,JUNC_14224,1,-,GT,AG,0.99999917,0.9999995,0.052683025598526,0.001805778592824936
NC_003070.9,22153816,22153895,JUNC_14225,1,-,GT,AG,0.99998856,0.99996877,4.9156631575897336e-05,0.0002677447337191552
NC_003070.9,22153965,22154045,JUNC_14226,1,-,GT,AG,0.99999976,0.9999995,0.0556485690176487,0.00011152862862218171
NC_003070.9,22154095,22154179,JUNC_14227,1,-,GT,AG,0.99724376,0.99704736,0.9646240472793579,0.11125671118497849
NC_003070.9,22154352,22154445,JUNC_14228,1,-,GT,AG,0.9991435,0.9988184,0.24503658711910248,0.03593892604112625
NC_003070.9,22155710,22155785,JUNC_2165,1,+,GT,AG,0.9999107,0.99993765,0.9947105646133423,0.10804646462202072
NC_003070.9,22155849,22155933,JUNC_2166,1,+,GT,AG,0.9921894,0.9951727,0.518969714641571,0.00012797143426723778
NC_003070.9,22155983,22156063,JUNC_2167,1,+,GT,AG,0.014289655,0.019745411,0.1544247269630432,0.9930415153503418
NC_003070.9,22156139,22156216,JUNC_2168,1,+,GT,AG,0.9981584,0.99550325,0.7503085732460022,0.0012747934088110924
NC_003070.9,22156288,22156372,JUNC_2169,1,+,GT,AG,0.9751184,0.8833608,0.00216964865103364,0.0014184381579980254
NC_003070.9,22156460,22156539,JUNC_2170,1,+,GT,AG,0.87718016,0.77548194,0.011259341612458229,0.13608914613723755
NC_003070.9,22156792,22156861,JUNC_2171,1,+,GT,AG,0.34022453,0.304391,0.6019063591957092,0.001115240971557796
NC_003070.9,22156977,22157052,JUNC_2172,1,+,GT,AG,0.80118155,0.5649481,0.009561843238770962,0.5434904098510742
NC_003070.9,22157276,22157383,JUNC_2173,1,+,GT,AG,0.26182437,0.2900051,0.015187502838671207,0.02409968711435795
NC_003070.9,22157409,22157489,JUNC_2174,1,+,GT,AG,0.5122936,0.4325636,0.0033728634007275105,0.003916642162948847
NC_003070.9,22157577,22157653,JUNC_2175,1,+,GT,AG,0.000575562,0.00050526066,0.002242055255919695,0.01320104580372572
NC_003070.9,22157750,22157830,JUNC_2176,1,+,GT,AG,0.88161945,0.82616514,3.8679914723616093e-05,0.00028093051514588296
NC_003070.9,22159825,22159910,JUNC_14836,1,+,GT,AG,0.697725,0.54265153,0.0006524519412778318,0.6482737064361572
NC_003070.9,22160142,22160246,JUNC_14837,1,+,GT,AG,0.99999964,0.99999905,0.3000178337097168,0.0005327614489942789
NC_003070.9,22160693,22160772,JUNC_14838,1,+,GT,AG,0.9999999,0.9999999,0.0003941949107684195,0.01047475729137659
NC_003070.9,22161210,22161286,JUNC_14839,1,+,GT,AG,0.99999917,0.9999987,0.14754481613636017,0.9986905455589294
NC_003070.9,22161730,22162013,JUNC_14840,1,+,GT,AG,0.9999776,0.9999628,0.002192284446209669,0.0010074565652757883
NC_003070.9,22174415,22174490,JUNC_3667,1,+,GT,AG,0.99999523,0.999992,0.0026965581346303225,0.0011346323881298304
NC_003070.9,22174928,22175008,JUNC_3668,1,+,GT,AG,0.99999976,0.9999976,0.9885880947113037,0.17687733471393585
NC_003070.9,22175437,22175539,JUNC_3669,1,+,GT,AG,0.999944,0.99988914,0.9660474061965942,0.9861960411071777
NC_003070.9,22175986,22176069,JUNC_3670,1,+,GT,AG,0.99999905,0.99999595,0.5938169360160828,0.9894443154335022
NC_003070.9,22177569,22177723,JUNC_11434,1,-,GT,AG,1.0,1.0,0.9356634020805359,0.019070513546466827
NC_003070.9,22177997,22178085,JUNC_11435,1,-,GT,AG,0.99988854,0.999468,0.044841885566711426,0.8781821131706238
NC_003070.9,22180151,22180705,JUNC_16756,1,-,GT,AG,0.99993205,0.9999305,0.26568037271499634,0.9436306953430176
NC_003070.9,22180846,22181545,JUNC_16757,1,-,GT,AG,0.08035224,0.16789939,0.9589593410491943,0.9310650825500488
NC_003070.9,22201133,22201244,JUNC_2473,1,-,GT,AG,0.9883428,0.9917116,0.9607234597206116,1.8500812075217254e-05
NC_003070.9,22201831,22201924,JUNC_2474,1,-,GT,AG,1.0,1.0,9.818319085752591e-06,8.963434083852917e-05
NC_003070.9,22202563,22202672,JUNC_2475,1,-,GT,AG,0.9999982,0.999998,0.07098950445652008,0.874673068523407
NC_003070.9,22203069,22203211,JUNC_2476,1,-,GT,AG,1.0,1.0,0.0008530272170901299,0.00016883586067706347
NC_003070.9,22203364,22203492,JUNC_2477,1,-,GT,AG,0.9999993,0.9999993,0.0026497540529817343,0.001921771327033639
NC_003070.9,22203749,22203878,JUNC_2478,1,-,GT,AG,0.24607986,0.46427265,2.043184395006392e-05,0.00041091584716923535
NC_003070.9,22259014,22259111,JUNC_14820,1,+,GT,AG,0.9380685,0.94118303,0.007088301703333855,0.002107674954459071
NC_003070.9,22260028,22260118,JUNC_14821,1,+,GT,AG,0.9989177,0.9979529,0.00024585789651609957,0.19082392752170563
NC_003070.9,22260259,22260346,JUNC_14822,1,+,GT,AG,0.5413544,0.54423475,0.9492040872573853,0.960857629776001
NC_003070.9,22262082,22262377,JUNC_16507,1,+,GT,AG,0.90366524,0.95148414,0.9765802025794983,0.8536900877952576
NC_003070.9,22262857,22263001,JUNC_16508,1,+,GT,AG,0.9999999,0.9999995,0.11521472781896591,0.9904748797416687
NC_003070.9,22263481,22263571,JUNC_16509,1,+,GT,AG,0.99995005,0.9999244,0.04160284623503685,0.1456451416015625
NC_003070.9,22264656,22264778,JUNC_18172,1,-,GT,AG,0.9226464,0.8959908,0.9873068332672119,0.9751414060592651
NC_003070.9,22264939,22265028,JUNC_18173,1,-,GT,AG,0.999008,0.9973732,0.20086102187633514,0.007042885757982731
NC_003070.9,22265298,22265373,JUNC_8522,1,-,GT,AG,0.9999982,0.9999975,0.07977049797773361,0.059840161353349686
NC_003070.9,22265482,22265679,JUNC_8523,1,-,GT,AG,0.9999975,0.99999535,0.1866205781698227,0.9956800937652588
NC_003070.9,22265745,22265831,JUNC_8524,1,-,GT,AG,0.99948555,0.99930453,0.08192115277051926,0.9125275015830994
NC_003070.9,22265761,22265831,JUNC_18174,1,-,GT,AG,0.9999975,0.99999416,0.006873865611851215,0.022367985919117928
NC_003070.9,22271447,22271791,JUNC_16542,1,-,GT,AG,0.99973613,0.9995701,0.004293879494071007,0.01029516477137804
NC_003070.9,22271926,22272060,JUNC_16543,1,-,GT,AG,1.0,1.0,0.14423176646232605,0.002051376271992922
NC_003070.9,22272384,22272896,JUNC_16544,1,-,GT,AG,1.0,1.0,0.9166639447212219,0.7781413197517395
NC_003070.9,22300220,22300685,JUNC_16552,1,+,GT,AG,1.0,1.0,0.9814724922180176,0.41155821084976196
NC_003070.9,22300267,22300661,JUNC_16578,1,-,GT,AG,0.14281668,0.19256072,0.32853925228118896,0.9768376350402832
NC_003070.9,22300999,22301108,JUNC_2863,1,-,GT,AG,8.07533e-05,8.5986256e-05,0.6674236059188843,1.3600989632323035e-06
NC_003070.9,22303894,22303978,JUNC_15962,1,+,GT,AG,0.0016231503,0.0006664723,0.2099166214466095,0.00021188028040342033
NC_003070.9,22304128,22304488,JUNC_6952,1,+,GT,AG,0.9667496,0.9638284,0.9338624477386475,0.4095863401889801
NC_003070.9,22309897,22309991,JUNC_9364,1,-,GC,AG,0.9999964,0.99999547,0.6218630075454712,0.9967038035392761
NC_003070.9,22310191,22310274,JUNC_9365,1,-,GT,AG,0.9999778,0.9999654,0.7126165628433228,0.6322957873344421
NC_003070.9,22310926,22311008,JUNC_9366,1,-,GT,AG,0.999605,0.9988809,0.5652815699577332,0.03743606060743332
NC_003070.9,22337611,22337700,JUNC_4358,1,-,GT,AG,0.941932,0.94789255,0.005466256756335497,6.908963405294344e-05
NC_003070.9,22337766,22337857,JUNC_4359,1,-,GT,AG,0.99988496,0.9998679,0.0001528494613012299,0.21542565524578094
NC_003070.9,22337766,22338466,JUNC_14808,1,-,GT,AG,0.9999893,0.9999871,0.002216131892055273,0.8837947845458984
NC_003070.9,22337917,22338008,JUNC_4360,1,-,GT,AG,0.9201986,0.9483735,0.9488446116447449,0.04761532321572304
NC_003070.9,22338074,22338173,JUNC_4361,1,-,GT,AG,0.031919643,0.025542744,0.9993485808372498,0.995344340801239
NC_003070.9,22338233,22338318,JUNC_4362,1,-,GT,AG,0.9974813,0.9958545,0.003385883988812566,0.0031114527955651283
NC_003070.9,22338233,22338617,JUNC_16146,1,-,GT,AG,0.7235577,0.4966741,0.9875925183296204,0.9919266700744629
NC_003070.9,22338384,22338466,JUNC_4363,1,-,GT,AG,0.99999046,0.99997914,0.9892529845237732,0.9381997585296631
NC_003070.9,22338526,22338617,JUNC_4364,1,-,GT,AG,0.99999976,0.99999964,0.0006651809089817107,0.022668348625302315
NC_003070.9,22338683,22338766,JUNC_4365,1,-,GT,AG,0.9998956,0.9998902,0.876063346862793,0.9922683835029602
NC_003070.9,22338853,22339002,JUNC_4366,1,-,GT,AG,0.999995,0.99999297,0.9855506420135498,0.6689687967300415
NC_003070.9,22339238,22339335,JUNC_4367,1,-,GT,AG,1.0,1.0,0.9693881273269653,0.9818241000175476
NC_003070.9,22339531,22339636,JUNC_4368,1,-,GT,AG,0.9999994,0.9999976,0.9892275333404541,0.8349674940109253
NC_003070.9,22339881,22340075,JUNC_10045,1,+,GT,AG,0.9833851,0.9804894,0.7536970973014832,0.8357518911361694
NC_003070.9,22341188,22341305,JUNC_10046,1,+,GT,AG,0.1745914,0.089818195,0.33803117275238037,0.08396387845277786
NC_003070.9,22341814,22341904,JUNC_10047,1,+,GT,AG,1.0,0.9999994,0.9400065541267395,0.9976633787155151
NC_003070.9,22352149,22352227,JUNC_3547,1,-,GT,AG,0.9449784,0.9143192,0.9975712895393372,0.973907470703125
NC_003070.9,22352540,22352635,JUNC_3548,1,-,GT,AG,0.9844529,0.9521451,0.9031007289886475,0.6676887273788452
NC_003070.9,22352781,22352907,JUNC_3549,1,-,GT,AG,0.840364,0.6569321,0.22496730089187622,0.0020704998169094324
NC_003070.9,22352962,22353046,JUNC_3550,1,-,GT,AG,0.9953543,0.9974796,0.0006997668533585966,0.4307583272457123
NC_003070.9,22354039,22354318,JUNC_3551,1,-,GT,AG,0.9999914,0.99998796,0.8889298439025879,0.11667028814554214
NC_003070.9,22358665,22358757,JUNC_13621,1,-,GC,AG,0.9999987,0.99999714,0.028594771400094032,0.8522447347640991
NC_003070.9,22358860,22358937,JUNC_13622,1,-,GT,AG,0.9999988,0.9999968,0.02362811379134655,0.008575288578867912
NC_003070.9,22359110,22359474,JUNC_13623,1,-,GT,AG,0.9999999,0.9999999,0.9747117161750793,0.6749481558799744
NC_003070.9,22359675,22359860,JUNC_13624,1,-,GT,AG,0.9999999,0.9999999,0.2904075086116791,0.9879254102706909
NC_003070.9,22368206,22368420,JUNC_8456,1,-,GT,AG,0.9999993,0.99999976,0.12838681042194366,0.371133953332901
NC_003070.9,22378357,22378474,JUNC_8241,1,-,GT,AG,1.0,1.0,0.38777557015419006,0.47055330872535706
NC_003070.9,22378627,22378727,JUNC_8242,1,-,GT,AG,0.9999908,0.99999154,0.001728711766190827,0.8517076969146729
NC_003070.9,22379255,22379444,JUNC_8243,1,-,GT,AG,0.029596556,0.17929012,0.37014225125312805,0.045321326702833176
NC_003070.9,22445865,22445964,JUNC_13796,1,-,GT,AG,9.03412e-05,9.9883066e-05,0.22823475301265717,0.03926226496696472
NC_003070.9,22446713,22446902,JUNC_6096,1,-,GT,AG,0.9999832,0.9999889,0.8827118873596191,0.6402199864387512
NC_003070.9,22446960,22447045,JUNC_6097,1,-,GT,AG,0.97856617,0.99733067,0.8114439249038696,0.9896570444107056
NC_003070.9,22462390,22462719,JUNC_2042,1,-,GT,AG,0.010603663,0.0073172334,0.3603823781013489,0.6937236785888672
NC_003070.9,22462956,22463063,JUNC_2043,1,-,GT,AG,0.5105297,0.5145446,0.9043484926223755,0.0026956675574183464
NC_003070.9,22463191,22463269,JUNC_2044,1,-,GT,AG,0.01183278,0.010984186,0.0012069714721292257,0.02249906398355961
NC_003070.9,22463353,22463668,JUNC_2045,1,-,GT,AG,0.12156111,0.18632907,0.002440117998048663,0.8404850959777832
NC_003070.9,22463834,22463908,JUNC_2046,1,-,GT,AG,0.9999548,0.9999193,2.5306671886937693e-06,1.5819455256860238e-06
NC_003070.9,22463974,22464086,JUNC_2047,1,-,GT,AG,0.9963488,0.99708956,8.168985004886054e-06,5.1111646826029755e-06
NC_003070.9,22464174,22464287,JUNC_2048,1,-,GT,AG,0.99999523,0.9999988,0.024629542604088783,0.9126871228218079
NC_003070.9,22464352,22464453,JUNC_2049,1,-,GT,AG,0.99995124,0.9998099,0.13420793414115906,0.028200972825288773
NC_003070.9,22464519,22464610,JUNC_2050,1,-,GT,AG,0.9997851,0.9997619,0.4142889082431793,0.03263097628951073
NC_003070.9,22464684,22464810,JUNC_2051,1,-,GT,AG,0.99986434,0.99980825,0.817775547504425,0.4233326315879822
NC_003070.9,22464844,22464915,JUNC_2052,1,-,GT,AG,0.9999571,0.99995947,0.09191500395536423,0.3057083189487457
NC_003070.9,22465017,22465176,JUNC_2053,1,-,GT,AG,1.0,1.0,0.1893341988325119,0.0016694330843165517
NC_003070.9,22483354,22483764,JUNC_15305,1,+,GT,AG,0.99998736,0.99997413,0.07652892172336578,0.16408222913742065
NC_003070.9,22493394,22493482,JUNC_1320,1,-,GT,AG,0.9999831,0.99996006,0.0318850614130497,0.200775146484375
NC_003070.9,22493635,22493731,JUNC_1321,1,-,GT,AG,1.0,1.0,0.37786343693733215,0.1686774641275406
NC_003070.9,22493896,22493992,JUNC_1322,1,-,GT,AG,1.0,1.0,0.9356634020805359,0.019070513546466827
NC_003070.9,22495677,22495767,JUNC_1323,1,-,GT,AG,1.0,1.0,0.044841885566711426,0.8781821131706238
NC_003070.9,22495891,22495980,JUNC_1324,1,-,GT,AG,0.99999976,0.9999995,0.865451991558075,0.04638238996267319
NC_003070.9,22496076,22496164,JUNC_2889,1,-,GT,AG,0.99990785,0.9998932,0.37637102603912354,0.6728692650794983
NC_003070.9,22496500,22496983,JUNC_1326,1,-,GT,AG,0.9999993,0.9999989,0.00012037337000947446,4.0969836845761165e-05
NC_003070.9,22496503,22496983,JUNC_2890,1,-,GT,AG,0.9999974,0.99999607,0.0028609700966626406,0.0115842055529356
NC_003070.9,22524073,22524985,JUNC_4562,1,+,GT,AG,0.6249025,0.64787114,0.9526088833808899,0.0728020891547203
NC_003070.9,22525187,22525278,JUNC_4563,1,+,GT,AG,0.99997115,0.99998343,0.04220575839281082,0.00543864956125617
NC_003070.9,22525508,22525616,JUNC_4564,1,+,GT,AG,0.9999858,0.99999046,0.00034291797783225775,0.0005045435973443091
NC_003070.9,22525740,22525842,JUNC_4565,1,+,GT,AG,0.9999989,0.999997,3.9328202205979323e-07,0.001010717125609517
NC_003070.9,22525958,22526220,JUNC_4566,1,+,GT,AG,0.99999976,0.9999999,0.03789401799440384,0.024766378104686737
NC_003070.9,22526414,22526490,JUNC_4567,1,+,GT,AG,0.9899386,0.99347043,0.8749589920043945,0.012876796536147594
NC_003070.9,22526606,22526706,JUNC_4568,1,+,GT,AG,0.07924892,0.03362927,0.958742082118988,0.9501201510429382
NC_003070.9,22526805,22526945,JUNC_4569,1,+,GT,AG,0.7734773,0.7009526,0.33118587732315063,0.22555875778198242
NC_003070.9,22527161,22527383,JUNC_4570,1,+,GT,AG,1.0,0.9999999,0.0767141804099083,0.05149579793214798
NC_003070.9,22527513,22527652,JUNC_4571,1,+,GT,AG,0.9983946,0.98845416,0.1273876279592514,3.206949622835964e-05
NC_003070.9,22527898,22528022,JUNC_4572,1,+,GT,AG,0.9999571,0.9999573,0.5353444814682007,0.8158525228500366
NC_003070.9,22535148,22535240,JUNC_3552,1,-,GT,AG,0.99934167,0.99785256,0.0296176690608263,0.09319738298654556
NC_003070.9,22535450,22535553,JUNC_3553,1,-,GT,AG,0.99999857,0.99999917,0.2622648775577545,0.8188804388046265
NC_003070.9,22536105,22536370,JUNC_3554,1,-,GT,AG,0.99999785,0.9999987,0.1629648655653,0.0005053224158473313
NC_003070.9,22536562,22536708,JUNC_3555,1,-,GT,AG,0.9999511,0.99986386,0.46257832646369934,0.9875155687332153
NC_003070.9,22536839,22536922,JUNC_3556,1,-,GT,AG,0.9999999,0.99999964,0.9991401433944702,0.008586290292441845
NC_003070.9,22537811,22537901,JUNC_3557,1,-,GT,AG,0.99818134,0.99625826,0.9934051632881165,0.9949593544006348
NC_003070.9,22537979,22538202,JUNC_3558,1,-,GT,AG,0.9999989,0.99999857,0.9970579147338867,0.9915193915367126
NC_003070.9,22538274,22538538,JUNC_3559,1,-,GT,AG,0.9995079,0.9993625,0.8256241679191589,0.9935393929481506
NC_003070.9,22539665,22539776,JUNC_3560,1,-,GT,AG,0.99987745,0.99966276,0.9620431065559387,0.4980026185512543
NC_003070.9,22540040,22540147,JUNC_3561,1,-,GT,AG,0.99966216,0.9998433,0.9458415508270264,0.9720835089683533
NC_003070.9,22540217,22540463,JUNC_3562,1,-,GT,AG,0.9981312,0.99629945,0.11365531384944916,0.19807834923267365
NC_003070.9,22573331,22573817,JUNC_18134,1,+,GT,AG,0.99990225,0.9999591,0.26731398701667786,0.02233835496008396
NC_003070.9,22573867,22573955,JUNC_2796,1,+,GT,AG,0.99987316,0.9997826,0.047714561223983765,0.9330026507377625
NC_003070.9,22574033,22574149,JUNC_2797,1,+,GT,AG,0.9963907,0.99803776,0.995198667049408,0.9917247295379639
NC_003070.9,22574738,22574822,JUNC_2798,1,+,GT,AG,0.99999917,0.99999607,0.0023616862017661333,3.3679734769975767e-05
NC_003070.9,22579380,22579532,JUNC_18155,1,+,GT,AG,0.004351905,0.024518687,9.409366612089798e-06,9.523907351649541e-07
NC_003070.9,22579912,22579994,JUNC_18156,1,+,GT,AG,0.58586365,0.4489294,0.012359336949884892,0.0467076376080513
NC_003070.9,22580450,22580529,JUNC_18157,1,+,GT,AG,0.9999999,0.99999964,0.9651395678520203,0.9910600781440735
NC_003070.9,22582114,22582296,JUNC_5222,1,+,GT,AG,0.9920447,0.99724066,0.09335523843765259,0.0001770527014741674
NC_003070.9,22582433,22582521,JUNC_4783,1,+,GT,AG,0.9999912,0.9999875,0.6704185605049133,0.00764102628454566
NC_003070.9,22582608,22582695,JUNC_4784,1,+,GT,AG,0.99786025,0.99869233,0.7912741899490356,0.0024159979075193405
NC_003070.9,22582797,22582889,JUNC_4785,1,+,GT,AG,0.99126786,0.99062645,0.005630120635032654,0.00966709479689598
NC_003070.9,22582925,22583002,JUNC_4786,1,+,GT,AG,0.9999608,0.9999038,0.9065151214599609,0.0003163288638461381
NC_003070.9,22583113,22583203,JUNC_4787,1,+,GT,AG,0.9999994,0.9999988,0.9600745439529419,0.8062488436698914
NC_003070.9,22583287,22583364,JUNC_4788,1,+,GT,AG,0.99995434,0.9998277,0.6040703654289246,0.9790934324264526
NC_003070.9,22583483,22583558,JUNC_4789,1,+,GT,AG,0.22916725,0.09111776,0.7297543883323669,0.5157523155212402
NC_003070.9,22583660,22583742,JUNC_4790,1,+,GT,AG,0.99813575,0.998993,0.30284351110458374,0.4809381067752838
NC_003070.9,22583859,22583955,JUNC_4791,1,+,GT,AG,0.671072,0.78442794,0.5482158660888672,0.00013176797074265778
NC_003070.9,22584021,22584122,JUNC_4792,1,+,GT,AG,0.9250827,0.8445144,8.34781167213805e-06,0.4763423800468445
NC_003070.9,22584189,22584279,JUNC_4793,1,+,GT,AG,0.9979778,0.9972898,0.46135833859443665,0.012012382037937641
NC_003070.9,22584333,22584440,JUNC_4794,1,+,GT,AG,0.99915385,0.9992055,0.7421631813049316,0.5325284600257874
NC_003070.9,22584536,22584620,JUNC_4795,1,+,GT,AG,0.98673475,0.9882167,0.5546293258666992,0.24666033685207367
NC_003070.9,22584647,22584736,JUNC_4796,1,+,GT,AG,0.24611256,0.28016242,0.0165359266102314,0.0006986611988395452
NC_003070.9,22584772,22584861,JUNC_4797,1,+,GT,AG,0.99635196,0.9976853,1.2870104001194704e-05,0.04986734688282013
NC_003070.9,22604796,22605172,JUNC_16379,1,+,GT,AG,0.9990637,0.9978981,0.005990669131278992,0.015601715072989464
NC_003070.9,22605666,22605783,JUNC_16380,1,+,GT,AG,0.9999949,0.99997187,0.5301770567893982,0.8215721249580383
NC_003070.9,22623850,22623976,JUNC_17419,1,+,GT,AG,0.9999912,0.9999857,0.8086536526679993,0.0005262574995867908
NC_003070.9,22624141,22624224,JUNC_17420,1,+,GT,AG,0.9999988,0.9999969,0.004743302706629038,0.0003127658856101334
NC_003070.9,22628396,22628515,JUNC_4960,1,+,GT,AG,0.9999546,0.9999584,0.922301709651947,0.9877775311470032
NC_003070.9,22628792,22629359,JUNC_4961,1,+,GT,AG,0.99945146,0.99962914,0.7815496921539307,0.8988953232765198
NC_003070.9,22629434,22629525,JUNC_4962,1,+,GT,AG,0.9999999,0.9999999,0.2340344786643982,0.8050268888473511
NC_003070.9,22638190,22638275,JUNC_13572,1,-,GT,AG,0.9998074,0.9995778,0.8262542486190796,0.9851165413856506
NC_003070.9,22638426,22638521,JUNC_13573,1,-,GT,AG,0.99967194,0.9993445,9.405778109794483e-05,1.6139289300554083e-06
NC_003070.9,22638759,22638857,JUNC_13574,1,-,GT,AG,0.9996131,0.9993069,0.01521233282983303,0.00030325265834107995
NC_003070.9,22639068,22639156,JUNC_13575,1,-,GT,AG,0.99998176,0.9999889,0.9791492819786072,0.015275214798748493
NC_003070.9,22639326,22639515,JUNC_13576,1,-,GT,AG,0.99974793,0.9994857,0.02452334389090538,0.7860577702522278
NC_003070.9,22639626,22639713,JUNC_13577,1,-,GT,AG,0.805838,0.83579254,0.6131632328033447,0.9376897215843201
NC_003070.9,22640913,22641352,JUNC_13578,1,-,GT,AG,0.9894889,0.96507007,0.9779115319252014,0.6512357592582703
NC_003070.9,22641391,22641475,JUNC_13579,1,-,GT,AG,0.9998946,0.9997126,0.5164027810096741,0.9665448665618896
NC_003070.9,22642389,22642473,JUNC_3575,1,-,GT,AG,0.4684099,0.2109111,0.5733314752578735,0.4299949109554291
NC_003070.9,22642624,22642712,JUNC_3576,1,-,GT,AG,0.9990528,0.99891376,0.7271327972412109,0.17642512917518616
NC_003070.9,22642950,22643062,JUNC_3577,1,-,GT,AG,0.99984753,0.9999355,0.12462323904037476,0.010295962914824486
NC_003070.9,22643273,22643360,JUNC_3578,1,-,GT,AG,0.99909306,0.9980132,0.005357243586331606,0.0027742760721594095
NC_003070.9,22643521,22643646,JUNC_3579,1,-,GT,AG,0.9999273,0.9999049,0.922752857208252,0.735282301902771
NC_003070.9,22643757,22643868,JUNC_3580,1,-,GT,AG,0.99989676,0.9999535,0.2984744608402252,0.6385878920555115
NC_003070.9,22659963,22660053,JUNC_13377,1,+,GT,AG,0.9999858,0.9999738,0.0188865028321743,0.2008218765258789
NC_003070.9,22660147,22660233,JUNC_13378,1,+,GT,AG,0.9999764,0.99997556,0.06213488429784775,3.900247975252569e-05
NC_003070.9,22660850,22660940,JUNC_8008,1,-,GT,AG,0.29586986,0.13734226,0.07922333478927612,7.275437383214012e-06
NC_003070.9,22661091,22661190,JUNC_8009,1,-,GT,AG,0.9998567,0.99963033,0.16805057227611542,0.024966824799776077
NC_003070.9,22661428,22661524,JUNC_8010,1,-,GT,AG,0.9999862,0.9999691,0.027538051828742027,0.7987329363822937
NC_003070.9,22661735,22661814,JUNC_8011,1,-,GT,AG,0.9987639,0.9992999,0.9789834022521973,0.1344035267829895
NC_003070.9,22661984,22662101,JUNC_8012,1,-,GT,AG,0.99177754,0.9831612,0.21820616722106934,0.7354126572608948
NC_003070.9,22662212,22662341,JUNC_8013,1,-,GT,AG,0.9941353,0.9901479,0.3535502552986145,0.10591378808021545
NC_003070.9,22664965,22665054,JUNC_7327,1,-,GT,AG,0.8154136,0.8914471,0.8793548345565796,0.6520734429359436
NC_003070.9,22665205,22665288,JUNC_7328,1,-,GT,AG,0.999949,0.99994683,0.0926310271024704,0.024268338456749916
NC_003070.9,22665526,22665604,JUNC_7329,1,-,GT,AG,0.97825646,0.99112797,0.07380785793066025,0.21915192902088165
NC_003070.9,22665815,22665890,JUNC_7622,1,-,GC,AG,0.9958616,0.9970403,0.4688839316368103,0.5039346218109131
NC_003070.9,22666042,22666281,JUNC_7331,1,-,GT,AG,0.99819785,0.99797636,0.8552626967430115,2.3728827727609314e-05
NC_003070.9,22666392,22666517,JUNC_7332,1,-,GT,AG,0.999613,0.998396,2.8594067771336995e-06,0.002179741859436035
NC_003070.9,22667696,22668016,JUNC_10953,1,-,GT,AG,0.9986077,0.99958485,0.0015273598255589604,0.017611384391784668
NC_003070.9,22681713,22681805,JUNC_15046,1,-,GT,AG,0.4998277,0.48459122,0.00505462009459734,0.8281617164611816
NC_003070.9,22681956,22682035,JUNC_15047,1,-,GT,AG,0.9997114,0.99971884,7.857390471599501e-08,1.6812273315736093e-06
NC_003070.9,22682273,22682369,JUNC_15048,1,-,GT,AG,0.7522115,0.7755339,0.2695927023887634,0.9954130053520203
NC_003070.9,22682580,22682660,JUNC_15049,1,-,GT,AG,0.9995165,0.99963343,0.9686129093170166,0.034165672957897186
NC_003070.9,22682830,22682934,JUNC_15050,1,-,GT,AG,0.9975828,0.9918967,0.875639796257019,0.9515397548675537
NC_003070.9,22683045,22683149,JUNC_15051,1,-,GT,AG,0.9085544,0.7997371,0.019130675122141838,0.7956057786941528
NC_003070.9,22685450,22685551,JUNC_6296,1,-,GT,AG,0.99736875,0.99816984,0.0012614878360182047,0.0015805489383637905
NC_003070.9,22685702,22685799,JUNC_6297,1,-,GT,AG,0.9999949,0.9999945,0.8866883516311646,0.05815961956977844
NC_003070.9,22686037,22686125,JUNC_6298,1,-,GT,AG,0.9804043,0.9802146,0.9071177840232849,0.0653722733259201
NC_003070.9,22686336,22686414,JUNC_6299,1,-,GT,AG,0.8147738,0.8068672,0.5685976147651672,0.6621903777122498
NC_003070.9,22686566,22686777,JUNC_6300,1,-,GT,AG,0.9936006,0.9949528,0.6646581888198853,0.08080149441957474
NC_003070.9,22686888,22687012,JUNC_6301,1,-,GT,AG,0.97408414,0.9303154,0.09302801638841629,0.9738076329231262
NC_003070.9,22687479,22687557,JUNC_10430,1,-,GT,AG,3.102313e-06,1.4763967e-06,0.8809700012207031,0.02067340351641178
NC_003070.9,22689104,22689227,JUNC_6303,1,-,GT,AG,0.92374,0.8399736,0.0504734069108963,0.0005998950800858438
NC_003070.9,22704664,22704759,JUNC_16989,1,-,GT,AG,0.06616351,0.033026453,0.06277772039175034,0.026018233969807625
NC_003070.9,22705159,22705265,JUNC_16990,1,-,GT,AG,0.999992,0.9999881,0.008065490052103996,0.13635621964931488
NC_003070.9,22705416,22705503,JUNC_16991,1,-,GT,AG,0.9999994,0.9999988,0.974339485168457,0.015033148229122162
NC_003070.9,22705741,22705817,JUNC_16992,1,-,GT,AG,0.9931954,0.96582043,0.03690790757536888,0.7145159840583801
NC_003070.9,22706028,22706109,JUNC_16993,1,-,GT,AG,0.9994023,0.99927706,0.02369963750243187,0.8319911956787109
NC_003070.9,22706273,22706367,JUNC_16994,1,-,GT,AG,0.9982853,0.99712664,0.68863844871521,0.8550154566764832
NC_003070.9,22706478,22706586,JUNC_16995,1,-,GT,AG,0.99283373,0.99505794,0.9088094830513,0.47478970885276794
NC_003070.9,22734777,22734859,JUNC_2441,1,+,GT,AG,0.99854577,0.9975449,0.04015010967850685,0.9638055562973022
NC_003070.9,22734970,22735048,JUNC_2442,1,+,GT,AG,0.99925655,0.9993111,0.9815782308578491,0.00020203398889862
NC_003070.9,22735254,22735342,JUNC_2443,1,+,GT,AG,0.99999785,0.9999957,0.9956176280975342,0.9950226545333862
NC_003070.9,22735553,22735629,JUNC_2444,1,+,GT,AG,0.99706715,0.98213655,0.268166184425354,0.9889819025993347
NC_003070.9,22735867,22735955,JUNC_2445,1,+,GT,AG,0.1009275,0.070987985,0.8796727657318115,0.08067557215690613
NC_003070.9,22747089,22747177,JUNC_13734,1,-,GT,AG,0.9999887,0.9999927,0.7118344902992249,0.0066346656531095505
NC_003070.9,22747441,22747526,JUNC_13735,1,-,GT,AG,0.9999976,0.9999981,0.27579259872436523,0.2009803205728531
NC_003070.9,22748835,22749036,JUNC_13736,1,-,GT,AG,0.52360576,0.650901,0.31648293137550354,0.4730612635612488
NC_003070.9,22754674,22754768,JUNC_4835,1,-,GT,AG,0.9996013,0.9997173,0.3783058822154999,0.6936857104301453
NC_003070.9,22754834,22754963,JUNC_4836,1,-,GT,AG,0.97345114,0.88206524,0.021680278703570366,0.0342220701277256
NC_003070.9,22755029,22755115,JUNC_4837,1,-,GT,AG,0.99924386,0.99936,0.3543466031551361,0.0005294966977089643
NC_003070.9,22755223,22755319,JUNC_4838,1,-,GT,AG,0.9999924,0.9999882,0.01291777566075325,0.13254477083683014
NC_003070.9,22755728,22755848,JUNC_4839,1,-,GT,AG,0.12929425,0.17319798,0.012974722310900688,0.003530410584062338
NC_003070.9,22769548,22770041,JUNC_17466,1,+,GT,AG,0.999724,0.9998845,0.10250705480575562,4.5015010982751846e-05
NC_003070.9,22770358,22770443,JUNC_17467,1,+,GT,AG,1.0,0.9999999,0.11559058725833893,0.06768309324979782
NC_003070.9,22771377,22771616,JUNC_17468,1,+,GT,AG,0.9826617,0.98749554,0.004410384222865105,0.8994651436805725
NC_003070.9,22771712,22771813,JUNC_17469,1,+,GT,AG,0.9601963,0.96315634,0.9976797699928284,1.485658413002966e-05
NC_003070.9,22771950,22772110,JUNC_17470,1,+,GT,AG,0.99385947,0.9966643,0.005739823915064335,0.42356643080711365
NC_003070.9,22810338,22810421,JUNC_4459,1,+,GT,AG,0.9430353,0.9417774,0.43567955493927,0.008603295311331749
NC_003070.9,22810484,22810581,JUNC_4460,1,+,GT,AG,1.0,1.0,0.2931440770626068,0.98822021484375
NC_003070.9,22810648,22810859,JUNC_4461,1,+,GT,AG,0.9999999,0.9999999,0.46382662653923035,0.9541485905647278
NC_003070.9,22810919,22811042,JUNC_4462,1,+,GT,AG,1.0,0.9999999,0.9711455702781677,0.3603961765766144
NC_003070.9,22811093,22811185,JUNC_4463,1,+,GT,AG,1.0,1.0,0.12905722856521606,0.9460147619247437
NC_003070.9,22811266,22811613,JUNC_4464,1,+,GT,AG,0.9995814,0.9997689,0.9821664690971375,0.8007107973098755
NC_003070.9,22811726,22811817,JUNC_4465,1,+,GT,AG,0.9999187,0.9996991,0.9670938849449158,0.8042948842048645
NC_003070.9,22811935,22812035,JUNC_4466,1,+,GT,AG,0.9677031,0.92784,0.9716891646385193,0.836883008480072
NC_003070.9,22812162,22812266,JUNC_4467,1,+,GT,AG,0.8182828,0.84298825,0.01812056265771389,0.000868947128765285
NC_003070.9,22812886,22812997,JUNC_17581,1,-,GT,AG,0.9993856,0.99841195,0.003120026085525751,0.9526386260986328
NC_003070.9,22813095,22813608,JUNC_17582,1,-,GT,AG,0.9999999,0.99999964,5.635537672787905e-05,1.872833877314406e-06
NC_003070.9,22813726,22814000,JUNC_17583,1,-,GT,AG,1.0,1.0,0.5767366290092468,0.9217937588691711
NC_003070.9,22820003,22820096,JUNC_16645,1,+,GT,AG,0.9999962,0.99999547,0.8223833441734314,0.0028703329153358936
NC_003070.9,22820197,22820384,JUNC_16646,1,+,GT,AG,0.99999833,0.9999975,0.0007035968592390418,0.008295509964227676
NC_003070.9,22820445,22820662,JUNC_16647,1,+,GC,AG,0.9999511,0.9999509,0.9430996179580688,0.9275129437446594
NC_003070.9,22825018,22825408,JUNC_4747,1,+,GT,AG,0.9999999,0.99999976,0.9582298994064331,0.11832486093044281
NC_003070.9,22825634,22825726,JUNC_4748,1,+,GT,AG,0.9996211,0.9994815,0.015082664787769318,0.6806326508522034
NC_003070.9,22825949,22826113,JUNC_4749,1,+,GT,AG,0.9993823,0.99906844,0.0006827759207226336,0.02452162653207779
NC_003070.9,22826327,22826447,JUNC_4750,1,+,GT,AG,0.9999658,0.9999442,0.16328532993793488,0.00619079265743494
NC_003070.9,22836804,22836877,JUNC_8293,1,+,GT,AG,0.9998987,0.9998703,0.2963887155056,0.0004758618015330285
NC_003070.9,22837130,22837220,JUNC_8294,1,+,GT,AG,0.9999125,0.99991477,0.8277406692504883,0.9165756106376648
NC_003070.9,22837336,22837430,JUNC_8295,1,+,GT,AG,0.9996302,0.99973494,0.005965296179056168,0.01978672482073307
NC_003070.9,22837689,22837799,JUNC_8296,1,+,GT,AG,0.9999882,0.9999684,0.0006439298158511519,0.015565224923193455
NC_003070.9,22837902,22837996,JUNC_8297,1,+,GT,AG,0.9999132,0.9998408,0.03892555087804794,0.00525245163589716
NC_003070.9,22838105,22838248,JUNC_8298,1,+,GT,AG,0.9994925,0.99869365,0.005777769256383181,1.159777821158059e-05
NC_003070.9,22868168,22868318,JUNC_10159,1,-,GT,AG,0.99999917,0.99999905,1.94465337699512e-06,8.318886102642864e-05
NC_003070.9,22868405,22868500,JUNC_461,1,-,GT,AG,0.9999963,0.99999464,5.977627210995706e-07,0.0010907803662121296
NC_003070.9,22868619,22868711,JUNC_462,1,-,GT,AG,0.9999962,0.999998,0.9559593200683594,0.9986144304275513
NC_003070.9,22868950,22869046,JUNC_463,1,-,GT,AG,0.99999964,0.99999964,0.0004744430771097541,0.00014572232612408698
NC_003070.9,22869103,22869903,JUNC_464,1,-,GT,AG,0.9998351,0.9998492,0.2533816993236542,0.12805889546871185
NC_003070.9,22870535,22870857,JUNC_465,1,-,GT,AG,0.99999976,0.99999976,0.6734684705734253,0.05445316061377525
NC_003070.9,22882581,22882672,JUNC_10653,1,-,GT,AG,0.9999715,0.99996257,0.19652538001537323,0.7808690667152405
NC_003070.9,22882710,22882814,JUNC_10654,1,-,GT,AG,0.08085796,0.094030514,0.4740486443042755,5.939992661296856e-06
NC_003070.9,22882958,22883058,JUNC_10655,1,-,GT,AG,0.98278826,0.96372396,0.0975114032626152,0.5934066772460938
NC_003070.9,22883070,22883181,JUNC_10656,1,-,GT,AG,0.032270562,0.045277786,0.9399483799934387,0.9786962270736694
NC_003070.9,22883427,22883505,JUNC_10657,1,-,GT,AG,0.99986684,0.9996983,0.4152819514274597,0.9329614639282227
NC_003070.9,22884087,22884180,JUNC_10658,1,-,GT,AG,0.9998534,0.99989927,0.0806492418050766,0.14475899934768677
NC_003070.9,22884309,22884652,JUNC_10659,1,-,GT,AG,0.9999306,0.9999428,0.012427479960024357,0.5246345400810242
NC_003070.9,22906175,22906472,JUNC_3968,1,+,GT,AG,0.98115486,0.963082,0.14462293684482574,0.0660778060555458
NC_003070.9,22906610,22906831,JUNC_18067,1,+,GT,AG,0.9971974,0.98624194,0.5259226560592651,0.4197682738304138
NC_003070.9,22906923,22907128,JUNC_14211,1,+,GT,AG,0.7986718,0.88175017,0.026492320001125336,3.0856313969707116e-05
NC_003070.9,22910158,22910593,JUNC_13568,1,+,GT,AG,0.7525346,0.55896014,7.561194070149213e-05,1.132918714574771e-05
NC_003070.9,22919661,22919790,JUNC_5121,1,+,GT,AG,0.012531871,0.0098401345,0.07222519814968109,0.03176524490118027
NC_003070.9,22920021,22920125,JUNC_5122,1,+,GT,AG,0.93494046,0.92935187,1.7674245782473008e-06,0.0015848526963964105
NC_003070.9,22920620,22920780,JUNC_5123,1,+,GT,AG,0.99884725,0.99727184,0.6110762357711792,0.48321300745010376
NC_003070.9,22935129,22935290,JUNC_17019,1,-,GT,AG,0.9983683,0.99625415,0.014335711486637592,0.3618118464946747
NC_003070.9,22947605,22947647,JUNC_13758,1,-,GT,AT,0.02706654,0.00876252,0.011717191897332668,0.0847320482134819
NC_003070.9,22955597,22955685,JUNC_3203,1,+,TA,TT,1.7101905e-09,1.2442132e-08,0.23844705522060394,0.8338814973831177
NC_003070.9,22962478,22962565,JUNC_2377,1,-,GT,AG,0.9999311,0.99988544,0.03268798813223839,0.7229123711585999
NC_003070.9,22962670,22962769,JUNC_2378,1,-,GT,AG,0.99997723,0.99998164,0.017179163172841072,0.3677787184715271
NC_003070.9,22962829,22962931,JUNC_2379,1,-,GT,AG,0.9999943,0.999982,0.8051890730857849,0.061220038682222366
NC_003070.9,22963070,22963155,JUNC_2380,1,-,GT,AG,0.9999999,0.99999976,0.8454622626304626,0.8535731434822083
NC_003070.9,22963316,22963399,JUNC_2381,1,-,GT,AG,0.9998161,0.99984765,0.9869793653488159,0.14230996370315552
NC_003070.9,22963483,22963569,JUNC_2382,1,-,GT,AG,0.48257804,0.36521825,0.9462124705314636,0.8770995140075684
NC_003070.9,22963680,22963944,JUNC_2383,1,-,GT,AG,0.9999678,0.99996793,1.0760952136479318e-05,0.8483604788780212
NC_003070.9,22964115,22964216,JUNC_2384,1,-,GT,AG,0.99999964,0.9999988,0.9815515875816345,0.001293629640713334
NC_003070.9,22964268,22964360,JUNC_2385,1,-,GT,AG,0.9966066,0.9970456,0.811950147151947,0.9451963305473328
NC_003070.9,22964454,22964539,JUNC_2386,1,-,GT,AG,0.7433611,0.78914386,0.03209380432963371,0.36214208602905273
NC_003070.9,22964615,22965138,JUNC_2387,1,-,GT,AG,0.99972826,0.9992941,0.004572570323944092,0.02958335541188717
NC_003070.9,22965228,22965318,JUNC_2388,1,-,GT,AG,0.07162423,0.04491233,9.349134415970184e-06,0.0003532850823830813
NC_003070.9,22965375,22965472,JUNC_2389,1,-,GT,AG,0.99999523,0.9999876,0.04877148196101189,0.001204136642627418
NC_003070.9,22965646,22965717,JUNC_2390,1,-,GT,AG,0.999998,0.99999416,0.0023068052250891924,0.051191266626119614
NC_003070.9,22965788,22965870,JUNC_2391,1,-,GT,AG,0.9995326,0.9994381,0.02906760945916176,0.0333540178835392
NC_003070.9,22966019,22966333,JUNC_2392,1,-,GT,AG,0.38011435,0.24100767,0.021935103461146355,0.0565669946372509
NC_003070.9,22966388,22966483,JUNC_2393,1,-,GC,AG,0.5396036,0.608096,0.43566587567329407,0.047907840460538864
NC_003070.9,22966646,22966835,JUNC_2394,1,-,GT,AG,0.9999827,0.99993587,0.891381561756134,0.9790793657302856
NC_003070.9,22966927,22967009,JUNC_2395,1,-,GT,AG,0.99732465,0.9974047,0.11033087223768234,0.9493100047111511
NC_003070.9,22967137,22967405,JUNC_2396,1,-,GT,AG,0.99991536,0.9999138,0.7717304229736328,0.03977850452065468
NC_003070.9,22967542,22967618,JUNC_2397,1,-,GT,AG,0.99714065,0.995204,0.11398201435804367,0.00024195737205445766
NC_003070.9,22967876,22967984,JUNC_2398,1,-,GT,AG,0.99379987,0.9941352,0.0004644061264116317,2.8257021767785773e-05
NC_003070.9,22968131,22968217,JUNC_2399,1,-,GT,AG,0.7284103,0.8058772,0.018963269889354706,0.9602583050727844
NC_003070.9,22968334,22968419,JUNC_2400,1,-,GT,AG,0.9996706,0.99944776,0.0026946712750941515,0.06089833378791809
NC_003070.9,22968520,22968621,JUNC_2401,1,-,GT,AG,0.9999956,0.9999944,0.22125087678432465,0.015765884891152382
NC_003070.9,22968694,22968788,JUNC_2402,1,-,GT,AG,0.99768025,0.9963266,0.30311378836631775,0.06464516371488571
NC_003070.9,22972524,22972813,JUNC_13480,1,+,GT,AG,0.8397985,0.5505203,0.9532061815261841,6.033828867657576e-07
NC_003070.9,22974460,22974539,JUNC_15960,1,+,GT,AG,0.027813315,0.014613237,0.9583530426025391,0.9864038228988647
NC_003070.9,22974638,22974746,JUNC_15961,1,+,GT,AG,0.0024912118,0.0012062787,0.0024186745285987854,0.00015417035319842398
NC_003070.9,22995313,22995576,JUNC_8178,1,-,GT,AG,0.9952627,0.99367744,0.24988052248954773,0.033285047858953476
NC_003070.9,22995644,22995813,JUNC_8179,1,-,GT,AG,0.9998777,0.99990344,7.700261630816385e-05,0.0017540581757202744
NC_003070.9,22995919,22996057,JUNC_8180,1,-,GT,AG,0.9999846,0.99998724,0.024660013616085052,0.9741674065589905
NC_003070.9,22996230,22996323,JUNC_8181,1,-,GT,AG,0.9999956,0.9999963,0.3389923870563507,0.00012986650108359754
NC_003070.9,22996482,22996571,JUNC_8182,1,-,GT,AG,0.9999989,0.9999989,0.9758976101875305,0.2870030105113983
NC_003070.9,22996697,22996793,JUNC_8183,1,-,GT,AG,0.93434995,0.9671639,0.989672064781189,0.9866209030151367
NC_003070.9,22997036,22997431,JUNC_8184,1,-,GT,AG,0.94257826,0.9803284,0.0936201885342598,0.9914789795875549
NC_003070.9,23010191,23010278,JUNC_2920,1,-,GT,AG,0.99903095,0.99885046,0.6561168432235718,0.0011756959138438106
NC_003070.9,23010367,23010451,JUNC_2921,1,-,GT,AG,0.9982827,0.99851435,0.7967345714569092,0.9774762988090515
NC_003070.9,23010571,23010656,JUNC_2922,1,-,GT,AG,0.99998224,0.9999646,0.981427013874054,0.7622743844985962
NC_003070.9,23010813,23010903,JUNC_2923,1,-,GT,AG,0.99027294,0.9892936,0.4533930718898773,0.01985582709312439
NC_003070.9,23010968,23011067,JUNC_2924,1,-,GT,AG,0.9999896,0.9999746,0.046423885971307755,0.0641428530216217
NC_003070.9,23011181,23011275,JUNC_2925,1,-,GT,AG,1.0,1.0,0.018485654145479202,0.024196449667215347
NC_003070.9,23011340,23011457,JUNC_2926,1,-,GT,AG,0.999995,0.9999895,0.007278733886778355,0.03566913306713104
NC_003070.9,23011497,23011576,JUNC_2927,1,-,GT,AG,0.97367924,0.97687244,0.07287727296352386,0.02949344366788864
NC_003070.9,23011745,23011850,JUNC_2928,1,-,GT,AG,0.9868723,0.99337053,0.011784483678638935,0.00422971835359931
NC_003070.9,23012058,23012178,JUNC_2929,1,-,GT,AG,0.99998605,0.9999883,0.19803884625434875,0.7683724761009216
NC_003070.9,23012239,23012312,JUNC_2930,1,-,GT,AG,0.9999523,0.99992394,0.8785895705223083,0.9488778710365295
NC_003070.9,23012687,23013415,JUNC_3563,1,-,GT,AG,0.9115051,0.8851825,0.7357969284057617,0.6254441142082214
NC_003070.9,23012687,23013510,JUNC_2931,1,-,GT,AG,0.99218917,0.99361694,0.39566725492477417,0.32387229800224304
NC_003070.9,23041949,23042056,JUNC_11965,1,-,GT,AG,0.9990546,0.99893445,0.0016722172731533647,0.0007570111192762852
NC_003070.9,23042269,23042357,JUNC_17906,1,-,GT,AG,0.6967439,0.4130603,0.48021581768989563,0.9795622825622559
NC_003070.9,23042682,23042764,JUNC_11967,1,-,GT,AG,0.996185,0.9956325,0.9843477010726929,0.7195289134979248
NC_003070.9,23043010,23043090,JUNC_11968,1,-,GT,AG,0.9143262,0.88294303,0.9948248863220215,0.9990721940994263
NC_003070.9,23043431,23043514,JUNC_11969,1,-,GT,AG,0.99995697,0.99987495,0.9993103742599487,0.7156878709793091
NC_003070.9,23043595,23043669,JUNC_17907,1,-,GT,AG,0.9999999,0.99999964,0.9987217783927917,0.9992939233779907
NC_003070.9,23043783,23043865,JUNC_11971,1,-,GT,AG,0.99984366,0.99945146,0.27013444900512695,0.9735698699951172
NC_003070.9,23043967,23044063,JUNC_11972,1,-,GT,AG,0.9988539,0.99825084,0.88862144947052,0.3979228138923645
NC_003070.9,23044199,23044291,JUNC_11973,1,-,GT,AG,0.9999999,0.99999964,0.9965381622314453,0.8821135759353638
NC_003070.9,23044447,23044541,JUNC_11974,1,-,GT,AG,0.9999254,0.9998996,0.18422986567020416,0.9915457367897034
NC_003070.9,23044920,23045002,JUNC_17908,1,-,GT,AG,0.96743685,0.9773472,0.9941368103027344,0.8009470701217651
NC_003070.9,23056820,23057512,JUNC_17021,1,+,GT,AG,0.99996173,0.9998921,0.0487319640815258,0.9823448657989502
NC_003070.9,23082453,23082550,JUNC_14567,1,+,GT,AG,0.9999747,0.9998995,0.9675812125205994,0.003601816715672612
NC_003070.9,23082777,23083253,JUNC_14568,1,+,GT,AG,1.0,0.9999999,0.06609257310628891,0.006060883868485689
NC_003070.9,23083587,23083780,JUNC_14569,1,+,GT,AG,0.9997496,0.9997546,0.018082845956087112,0.9862663745880127
NC_003070.9,23130964,23131088,JUNC_16725,1,-,GT,AG,0.9573414,0.97369206,0.20746660232543945,0.0010742135345935822
NC_003070.9,23152413,23153476,JUNC_2643,1,+,GT,AG,1.0,1.0,0.32160231471061707,0.06413495540618896
NC_003070.9,23153547,23153987,JUNC_2644,1,+,GT,AG,0.9998529,0.9999014,0.6835582852363586,0.8920817971229553
NC_003070.9,23154143,23154269,JUNC_2645,1,+,GT,AG,0.9999999,0.99999976,0.005175231955945492,0.4402218759059906
NC_003070.9,23154352,23154452,JUNC_2646,1,+,GT,AG,0.9978279,0.99577516,0.3898463845252991,0.006259464658796787
NC_003070.9,23154588,23154663,JUNC_2647,1,+,GT,AG,0.9999995,0.9999988,0.0046643759123981,0.26418858766555786
NC_003070.9,23154837,23155217,JUNC_2648,1,+,GT,AG,0.9994727,0.9994764,0.005886402912437916,3.0120829705992946e-06
NC_003070.9,23173921,23175683,JUNC_3590,1,+,GT,AG,0.38815024,0.28515208,0.0034972038120031357,0.0006701792008243501
NC_003070.9,23175754,23175826,JUNC_3591,1,+,GT,AG,0.99923265,0.99883896,0.0008445173734799027,0.0012160505866631866
NC_003070.9,23175979,23176061,JUNC_3592,1,+,GT,AG,0.999121,0.99894124,0.9617578983306885,0.7821847200393677
NC_003070.9,23176144,23176216,JUNC_3593,1,+,GT,AG,0.9930052,0.99589163,0.9903703331947327,0.7856723666191101
NC_003070.9,23176352,23176379,JUNC_3594,1,+,GT,AG,0.98368025,0.9855906,0.4656166136264801,0.9549354910850525
NC_003070.9,23176619,23176709,JUNC_3595,1,+,GT,AG,0.99924505,0.9990778,0.9666417241096497,0.9966179728507996
NC_003070.9,23182361,23182684,JUNC_17885,1,-,GT,AG,0.99998116,0.9999691,0.9901115298271179,0.9327104091644287
NC_003070.9,23192302,23192387,JUNC_14189,1,+,GT,AG,6.5609274e-05,7.568348e-05,0.9917683601379395,0.9808740019798279
NC_003070.9,23192692,23192943,JUNC_14190,1,+,GT,AG,1.0,0.9999999,0.02362811379134655,0.008575288578867912
NC_003070.9,23193092,23193176,JUNC_14191,1,+,GT,AG,1.0,0.99999976,0.7485310435295105,0.22076977789402008
NC_003070.9,23193313,23193402,JUNC_14192,1,+,GT,AG,0.6848633,0.564257,0.16519296169281006,0.794426441192627
NC_003070.9,23193508,23193589,JUNC_14193,1,+,GT,AG,0.99989676,0.9998528,0.28022852540016174,0.0015017545083537698
NC_003070.9,23193708,23193902,JUNC_14194,1,+,GT,AG,0.99999714,0.9999938,0.00652740616351366,0.0011310485424473882
NC_003070.9,23193967,23194060,JUNC_14195,1,+,GT,AG,0.99998343,0.9999907,0.02272149547934532,0.25192660093307495
NC_003070.9,23194286,23194515,JUNC_14196,1,+,GT,AG,0.9999851,0.99996376,0.986138641834259,0.18347573280334473
NC_003070.9,23200651,23201431,JUNC_2653,1,+,GT,AG,0.12102711,0.16162497,0.6923688054084778,0.9005984663963318
NC_003070.9,23201676,23201914,JUNC_2654,1,+,GT,AG,0.9999999,0.9999999,0.6115078926086426,0.0009331668843515217
NC_003070.9,23202532,23202627,JUNC_2655,1,+,GT,AG,0.9999957,0.99999726,0.003977827727794647,0.001231454429216683
NC_003070.9,23203037,23203122,JUNC_2656,1,+,GT,AG,0.9999881,0.99998677,0.43362510204315186,0.0014869217993691564
NC_003070.9,23203210,23203296,JUNC_2657,1,+,GT,AG,0.9999912,0.99998415,0.9891260862350464,0.6096218824386597
NC_003070.9,23272318,23272581,JUNC_2892,1,-,GT,AG,0.9559872,0.9730878,0.9361222982406616,0.9609386324882507
NC_003070.9,23272701,23272792,JUNC_2893,1,-,GT,AG,0.917458,0.9471457,0.6415481567382812,0.9007595777511597
NC_003070.9,23272863,23272953,JUNC_2894,1,-,GT,AG,0.99987984,0.9999207,0.9802286028862,0.9006935954093933
NC_003070.9,23272987,23273065,JUNC_2895,1,-,GT,AG,0.9999943,0.9999881,0.16393139958381653,0.0030835180077701807
NC_003070.9,23273130,23273340,JUNC_2896,1,-,GT,AG,0.9993437,0.9990872,0.8523522615432739,0.9864438772201538
NC_003070.9,23273423,23273504,JUNC_2897,1,-,GT,AG,0.9817031,0.97310585,0.9887674450874329,0.9820566177368164
NC_003070.9,23273564,23273907,JUNC_2898,1,-,GC,AG,0.9999864,0.9999856,0.9897952675819397,0.9888477325439453
NC_003070.9,23296018,23296186,JUNC_13322,1,+,GT,AG,5.2581752e-09,7.949752e-08,0.00011997613910352811,0.0013976320624351501
NC_003070.9,23296288,23296432,JUNC_13323,1,+,GT,AG,5.3617678e-06,2.6742573e-06,6.215844041435048e-05,3.995120641775429e-05
NC_003070.9,23296489,23296632,JUNC_13324,1,+,GT,AG,0.005081488,0.0012570735,0.9869438409805298,0.12012553960084915
NC_003070.9,23296671,23296825,JUNC_13325,1,+,GT,AG,0.114776105,0.012771199,0.8701024651527405,0.7694832682609558
NC_003070.9,23310637,23310751,JUNC_2252,1,+,GT,AG,0.9939566,0.99058515,0.9942270517349243,0.9550056457519531
NC_003070.9,23311081,23311289,JUNC_2253,1,+,GT,AG,1.0,0.9999995,0.398491770029068,0.9981576800346375
NC_003070.9,23311868,23311956,JUNC_2254,1,+,GT,AG,1.0,0.9999999,0.022374114021658897,0.9446539282798767
NC_003070.9,23312301,23312385,JUNC_2255,1,+,GT,AG,0.9999962,0.9999863,0.932056188583374,0.9443351030349731
NC_003070.9,23312453,23312524,JUNC_2256,1,+,GT,AG,0.9999995,0.9999893,0.9764156937599182,0.6369498372077942
NC_003070.9,23323746,23323829,JUNC_17179,1,+,GT,AG,0.0052346936,0.00355734,0.3088721036911011,0.0267468448728323
NC_003070.9,23368161,23368342,JUNC_14023,1,-,GT,AG,0.99987984,0.9998372,0.0070349667221307755,0.4767643213272095
NC_003070.9,23379816,23382319,JUNC_2836,1,+,GC,AG,2.7796955e-06,1.1099319e-06,0.9525624513626099,0.5032841563224792
NC_003070.9,23382494,23382891,JUNC_2837,1,+,GT,AG,0.9993348,0.99963284,0.0005490878829732537,0.0015513411490246654
NC_003070.9,23388729,23388882,JUNC_14803,1,-,GT,AG,0.994674,0.99279094,0.3950287401676178,0.09706693142652512
NC_003070.9,23414779,23414906,JUNC_15367,1,+,GT,AG,0.7295584,0.6372399,0.00020097427477594465,0.01111944206058979
NC_003070.9,23417986,23418072,JUNC_5406,1,+,GT,AG,0.9999974,0.9999969,0.9958190321922302,0.028856579214334488
NC_003070.9,23418383,23418468,JUNC_5407,1,+,GT,AG,0.99974364,0.99950063,0.5388545989990234,0.8260926008224487
NC_003070.9,23418533,23418575,JUNC_5408,1,+,GT,AG,0.9999734,0.9999672,0.9984194040298462,0.9706201553344727
NC_003070.9,23421321,23421456,JUNC_18101,1,+,GT,AG,0.8585737,0.83077043,0.9323901534080505,0.9588065147399902
NC_003070.9,23422178,23422248,JUNC_2950,1,-,GT,AG,0.9999887,0.9999831,0.5801902413368225,0.9688695073127747
NC_003070.9,23422443,23422523,JUNC_2951,1,-,GT,AG,1.0,0.9999999,0.5557658076286316,0.9620159864425659
NC_003070.9,23422652,23422742,JUNC_2952,1,-,GT,AG,0.9999155,0.9998667,4.803854380952544e-07,3.7123030779184774e-05
NC_003070.9,23422938,23423035,JUNC_2953,1,-,GT,AG,0.9999995,0.99999917,0.0007361693424172699,1.8254972019349225e-05
NC_003070.9,23423137,23423228,JUNC_2954,1,-,GT,AG,1.0,1.0,0.22810856997966766,2.328579995491964e-07
NC_003070.9,23423335,23423609,JUNC_2955,1,-,GT,AG,1.0,1.0,0.00018747041758615524,0.32048261165618896
NC_003070.9,23427643,23427713,JUNC_14143,1,-,GT,AG,0.9994845,0.99912375,0.26206400990486145,0.009699049405753613
NC_003070.9,23427805,23427903,JUNC_14144,1,-,GT,AG,0.9999987,0.9999987,0.06146445870399475,0.075510174036026
NC_003070.9,23427986,23428088,JUNC_14145,1,-,GT,AG,0.99999607,0.9999981,0.217559352517128,2.818403117998969e-06
NC_003070.9,23428170,23428263,JUNC_14146,1,-,GT,AG,0.9962154,0.9960457,0.002480417722836137,0.0335148349404335
NC_003070.9,23428491,23428595,JUNC_14147,1,-,GT,AG,0.9999523,0.99979955,0.5933154225349426,0.931267261505127
NC_003070.9,23428697,23428786,JUNC_14148,1,-,GT,AG,0.9996013,0.9994923,0.9528506994247437,0.8438184261322021
NC_003070.9,23428922,23429012,JUNC_14149,1,-,GT,AG,0.999582,0.9986082,0.0014000737573951483,0.15379203855991364
NC_003070.9,23429062,23429186,JUNC_14150,1,-,GT,AG,0.99997795,0.9999747,0.9480600357055664,0.014482380822300911
NC_003070.9,23433666,23433740,JUNC_14139,1,-,GT,AG,0.999918,0.9998439,0.012581284157931805,0.9752421975135803
NC_003070.9,23433831,23433924,JUNC_14140,1,-,GT,AG,0.99999464,0.9999784,0.012284405529499054,1.1329702829243615e-05
NC_003070.9,23434270,23434343,JUNC_14141,1,-,GT,AG,0.9999752,0.9999684,0.948394238948822,0.03184616193175316
NC_003070.9,23434501,23434581,JUNC_14142,1,-,GT,AG,0.0051192204,0.0036033907,0.03483424708247185,0.011861052364110947
NC_003070.9,23439791,23439890,JUNC_3172,1,+,GT,AG,0.99965644,0.9989611,0.00022716904641129076,0.014339953660964966
NC_003070.9,23440052,23440140,JUNC_3173,1,+,GT,AG,0.9999852,0.9999809,0.037690941244363785,0.0009087866637855768
NC_003070.9,23440336,23440509,JUNC_3174,1,+,GT,AG,0.99998415,0.99997604,0.002651269780471921,0.0021074996329844
NC_003070.9,23440543,23440640,JUNC_3175,1,+,GT,AG,0.9993622,0.9993917,0.012806237675249577,0.03408860042691231
NC_003070.9,23491550,23491657,JUNC_17565,1,+,GT,AG,0.9995216,0.9995869,0.5105375647544861,0.8179911971092224
NC_003070.9,23494906,23495010,JUNC_10910,1,-,GT,AG,0.04733427,0.02638534,0.9992347955703735,0.6233498454093933
NC_003070.9,23497650,23497724,JUNC_10911,1,-,GT,AG,0.9836287,0.8754409,0.9903964996337891,0.00018157457816414535
NC_003070.9,23501854,23501959,JUNC_2483,1,-,GT,AG,0.99995947,0.9998772,0.08996360003948212,0.0030640852637588978
NC_003070.9,23510155,23510819,JUNC_17630,1,-,GT,AG,1.2350527e-05,1.5287278e-05,0.010205813683569431,0.21593239903450012
NC_003070.9,23510945,23511038,JUNC_17631,1,-,GT,AG,0.99997866,0.9999453,0.007357071153819561,7.170802564360201e-05
NC_003070.9,23511254,23511772,JUNC_17632,1,-,GT,AG,0.99845105,0.9971969,0.00019655325741041452,0.2811087965965271
NC_003070.9,23516035,23516123,JUNC_5000,1,+,GT,AG,0.999954,0.99976915,0.0016147475689649582,9.922345634549856e-05
NC_003070.9,23516276,23516367,JUNC_5001,1,+,GT,AG,0.9999851,0.9999666,0.0034509417600929737,1.338531319561298e-06
NC_003070.9,23516948,23517494,JUNC_5002,1,+,GT,AG,0.99999726,0.9999869,0.9704420566558838,0.07750336080789566
NC_003070.9,23517690,23517794,JUNC_5003,1,+,GT,AG,0.99873036,0.99802065,0.2799806296825409,0.38425058126449585
NC_003070.9,23517859,23517933,JUNC_5004,1,+,GT,AG,0.99767655,0.98958933,0.00404852069914341,0.0007654026849195361
NC_003070.9,23518327,23518408,JUNC_5005,1,+,GT,AG,0.99450433,0.98084843,0.26036202907562256,0.3411913812160492
NC_003070.9,23522977,23523316,JUNC_10635,1,+,GT,AG,0.9998739,0.99979156,6.9507113948930055e-06,2.3395568859996274e-06
NC_003070.9,23523455,23523591,JUNC_10636,1,+,GT,AG,0.99092275,0.97810036,0.00848022848367691,0.781157910823822
NC_003070.9,23523663,23523748,JUNC_10637,1,+,GT,AG,0.8581368,0.8571924,0.25387972593307495,0.16842825710773468
NC_003070.9,23523892,23523991,JUNC_10638,1,+,GT,AG,0.99239236,0.9841621,0.24208283424377441,0.9389014840126038
NC_003070.9,23524132,23524229,JUNC_10639,1,+,GT,AG,0.9999591,0.9999403,0.8372008204460144,0.9938033819198608
NC_003070.9,23524346,23524426,JUNC_10640,1,+,GT,AG,0.99936026,0.9992173,0.9982699155807495,0.9982656836509705
NC_003070.9,23524491,23524573,JUNC_10641,1,+,GT,AG,0.46157095,0.36919034,0.9993485808372498,0.995344340801239
NC_003070.9,23524831,23524922,JUNC_10642,1,+,GT,AG,0.99999857,0.99999475,0.989519476890564,0.9959405660629272
NC_003070.9,23525128,23525236,JUNC_10643,1,+,GT,AG,0.99908566,0.99798465,0.9973268508911133,0.9764348268508911
NC_003070.9,23525369,23525459,JUNC_10644,1,+,GT,AG,0.86430144,0.7405688,0.7033878564834595,0.9761921167373657
NC_003070.9,23525617,23525717,JUNC_10645,1,+,GT,AG,0.9986594,0.9975637,0.9554654359817505,0.2436264157295227
NC_003070.9,23525933,23526115,JUNC_10646,1,+,GT,AG,0.9843991,0.9743551,0.11405646800994873,0.9910265803337097
NC_003070.9,23527957,23528056,JUNC_10094,1,+,GT,AG,0.99989855,0.9999505,0.9779700040817261,0.8978633284568787
NC_003070.9,23529460,23529548,JUNC_10095,1,+,GT,AG,0.99432844,0.9982476,0.07301470637321472,0.4093455672264099
NC_003070.9,23529803,23529932,JUNC_10096,1,+,GT,AG,0.9999994,0.9999994,0.3244491219520569,0.07235967367887497
NC_003070.9,23530055,23530125,JUNC_10097,1,+,GT,AG,1.0,1.0,0.20822249352931976,0.8069747090339661
NC_003070.9,23530605,23530686,JUNC_10098,1,+,GT,AG,0.99996924,0.9999622,0.9087350964546204,0.6055793166160583
NC_003070.9,23540153,23540307,JUNC_3229,1,-,GT,AG,1.0,1.0,0.5023298263549805,0.8221504092216492
NC_003070.9,23540466,23540548,JUNC_3230,1,-,GT,AG,0.99999976,0.9999999,0.7609589695930481,0.8984253406524658
NC_003070.9,23540680,23540765,JUNC_3231,1,-,GT,AG,0.99999356,0.999995,0.859384298324585,0.8118845820426941
NC_003070.9,23540833,23541240,JUNC_3232,1,-,GT,AG,0.99999964,0.9999999,0.964219868183136,0.9045522809028625
NC_003070.9,23541669,23541846,JUNC_13936,1,-,GT,AG,0.28149676,0.59983885,0.06299716979265213,0.5032912492752075
NC_003070.9,23541674,23541846,JUNC_17977,1,-,GT,AG,0.21943828,0.41578895,0.04344760254025459,0.003314867615699768
NC_003070.9,23541908,23542008,JUNC_13937,1,-,GT,AG,0.4155635,0.6341411,0.9886600971221924,0.932647168636322
NC_003070.9,23563401,23563634,JUNC_12679,1,+,GT,AG,0.99999213,0.9999939,0.03534037247300148,0.08353033661842346
NC_003070.9,23564575,23564658,JUNC_1962,1,+,GT,AG,0.9998511,0.9998196,0.08865965902805328,0.00044614184298552573
NC_003070.9,23583836,23583941,JUNC_16916,1,-,GT,AG,0.98298556,0.9498765,0.9542409181594849,0.029024599120020866
NC_003070.9,23584034,23584123,JUNC_16917,1,-,GC,AG,0.99997497,0.9999403,0.18191280961036682,0.007185205351561308
NC_003070.9,23584349,23584788,JUNC_16918,1,-,GT,AG,0.99999774,0.99998844,0.4228643774986267,0.5447306632995605
NC_003070.9,23584920,23585017,JUNC_16919,1,-,GT,AG,0.9999999,0.99999964,0.5777109265327454,0.9976328611373901
NC_003070.9,23585098,23585176,JUNC_16920,1,-,GT,AG,0.9999995,0.99999976,0.99882572889328,0.0036017706152051687
NC_003070.9,23585269,23585359,JUNC_16921,1,-,GT,AG,0.9874315,0.99090135,0.017285475507378578,0.0004247320757713169
NC_003070.9,23587415,23587548,JUNC_3046,1,+,GT,AG,0.9998965,0.99984366,0.01231076568365097,0.46762925386428833
NC_003070.9,23588047,23588196,JUNC_3047,1,+,GT,AG,0.99999845,0.9999939,0.01459419634193182,0.039367616176605225
NC_003070.9,23589295,23589505,JUNC_5188,1,-,GT,AG,0.9802506,0.9838927,0.7010647654533386,0.013763194903731346
NC_003070.9,23589612,23589703,JUNC_14953,1,-,GT,AG,0.99997807,0.99988186,0.5485837459564209,0.0015909301582723856
NC_003070.9,23589615,23589703,JUNC_5189,1,-,GT,AG,0.9999846,0.9999331,0.2712536156177521,0.8573293685913086
NC_003070.9,23590290,23590395,JUNC_5190,1,-,GT,AG,0.9999988,0.9999981,0.9827362298965454,0.7247322201728821
NC_003070.9,23590559,23590665,JUNC_5191,1,-,GT,AG,1.0,1.0,0.7775958776473999,0.03177861124277115
NC_003070.9,23590919,23591007,JUNC_5192,1,-,GT,AG,0.63960314,0.51661414,0.46843791007995605,0.7738005518913269
NC_003070.9,23591172,23591336,JUNC_5193,1,-,AT,AC,0.99999666,0.9999956,0.906596839427948,0.3272399604320526
NC_003070.9,23591515,23591600,JUNC_5194,1,-,GT,AG,0.9999962,0.9999896,0.00029901901143603027,0.9130197167396545
NC_003070.9,23591707,23591794,JUNC_5195,1,-,GT,AG,0.99999964,0.9999993,0.9940811991691589,0.00013069238048046827
NC_003070.9,23591974,23592062,JUNC_5196,1,-,GT,AG,0.9999995,0.9999993,0.02545875497162342,0.9317882061004639
NC_003070.9,23592158,23592255,JUNC_5197,1,-,GT,AG,0.9999999,0.9999999,0.7826065421104431,0.2614763081073761
NC_003070.9,23592337,23592417,JUNC_5198,1,-,GT,AG,0.9923495,0.98316634,0.7230251431465149,0.4201178252696991
NC_003070.9,23592759,23593045,JUNC_5199,1,-,GT,AG,0.99999976,0.99999976,0.38027122616767883,0.9761225581169128
NC_003070.9,23593075,23593167,JUNC_5200,1,-,GT,AG,0.9965313,0.99778,0.9917044639587402,0.5458379983901978
NC_003070.9,23593260,23593355,JUNC_5201,1,-,GT,AG,0.9999988,0.99999785,0.245392844080925,0.997865617275238
NC_003070.9,23593433,23593576,JUNC_5202,1,-,GT,AG,0.9966817,0.9972904,0.8705297112464905,0.1939527839422226
NC_003070.9,23593660,23593749,JUNC_5203,1,-,GT,AG,0.9999981,0.9999889,0.9040297865867615,0.00032238796120509505
NC_003070.9,23593983,23594339,JUNC_5204,1,-,GT,AG,0.99838936,0.99536043,0.4942210912704468,0.10783150047063828
NC_003070.9,23594438,23594550,JUNC_5205,1,-,GT,AG,1.0,0.99999976,0.9007729291915894,0.5385288596153259
NC_003070.9,23594702,23595018,JUNC_5206,1,-,GT,AG,0.9999995,0.9999993,0.5309135317802429,0.9124208092689514
NC_003070.9,23595188,23595604,JUNC_5207,1,-,GT,AG,0.9999994,0.99999976,0.0036043322179466486,0.091562420129776
NC_003070.9,23595188,23595644,JUNC_14954,1,-,GT,AG,0.9999962,0.99999905,1.820258830775856e-06,0.00018133909907191992
NC_003070.9,23599650,23599803,JUNC_13270,1,+,GT,AG,0.3051755,0.17053445,0.677001416683197,0.012344714254140854
NC_003070.9,23599927,23600115,JUNC_13271,1,+,GT,AG,0.9996301,0.99936086,0.0009576997836120427,0.016158729791641235
NC_003070.9,23600388,23600936,JUNC_13272,1,+,GT,AG,1.0,1.0,0.012408843263983727,0.00028849829686805606
NC_003070.9,23601033,23601138,JUNC_13273,1,+,GT,AG,0.9999999,0.9999999,0.0014945723814889789,0.10018998384475708
NC_003070.9,23601210,23601292,JUNC_13274,1,+,GT,AG,1.0,1.0,0.29861196875572205,0.007695293985307217
NC_003070.9,23602030,23602151,JUNC_13275,1,+,GT,AG,0.99999523,0.9999852,0.0023745244834572077,0.0017563459696248174
NC_003070.9,23602571,23602662,JUNC_13276,1,+,GT,AG,0.84422594,0.8180054,5.483132918016054e-05,1.169481038232334e-05
NC_003070.9,23618636,23619005,JUNC_10876,1,+,GT,AG,0.99999964,0.9999995,0.008356083184480667,4.980424637324177e-05
NC_003070.9,23619164,23619258,JUNC_10877,1,+,GT,AG,1.0,1.0,0.37808290123939514,0.03655591607093811
NC_003070.9,23619370,23619496,JUNC_10878,1,+,GT,AG,1.0,1.0,0.006947273854166269,0.890061616897583
NC_003070.9,23619616,23619727,JUNC_10879,1,+,GT,AG,1.0,1.0,0.993700385093689,0.020313022658228874
NC_003070.9,23619879,23620333,JUNC_10880,1,+,GT,AG,0.999984,0.9999552,0.9352334141731262,0.8975210785865784
NC_003070.9,23620513,23620668,JUNC_10881,1,+,GT,AG,0.9999584,0.9998347,0.0005538857658393681,0.8019629120826721
NC_003070.9,23620703,23620781,JUNC_10882,1,+,GT,AG,0.9990814,0.9978147,4.234367952449247e-05,0.0018805396975949407
NC_003070.9,23620938,23621024,JUNC_10883,1,+,GT,AG,0.89296377,0.96587366,0.0002711115521378815,0.02367580309510231
NC_003070.9,23621078,23621164,JUNC_10884,1,+,GT,AG,0.97786635,0.99399585,0.04776370897889137,0.0013522780500352383
NC_003070.9,23621257,23621394,JUNC_10885,1,+,GT,AG,0.99951434,0.99904,0.534756600856781,0.6412544250488281
NC_003070.9,23621537,23621632,JUNC_10886,1,+,GT,AG,0.99096185,0.98911756,0.3941565752029419,0.31139370799064636
NC_003070.9,23621703,23621797,JUNC_10887,1,+,GT,AG,0.059110172,0.016725454,0.9947431087493896,1.2107427664886927e-06
NC_003070.9,23621881,23621966,JUNC_10888,1,+,GT,AG,0.18181822,0.353779,0.9382470846176147,0.9151813387870789
NC_003070.9,23625712,23625795,JUNC_9403,1,-,GT,AG,0.8453684,0.8255039,0.9943171143531799,0.865603506565094
NC_003070.9,23625887,23625959,JUNC_9404,1,-,GT,AG,0.980736,0.955085,0.98583984375,0.9964646100997925
NC_003070.9,23626199,23626282,JUNC_9405,1,-,GT,AG,0.99991024,0.99992573,0.5855167508125305,0.0003551364643499255
NC_003070.9,23626390,23626470,JUNC_9406,1,-,GT,AG,0.9924367,0.99415016,0.0004734873946290463,0.0009873490780591965
NC_003070.9,23626530,23626676,JUNC_9407,1,-,GT,AG,0.9999422,0.99993277,0.0017844942631199956,0.0005023987032473087
NC_003070.9,23626752,23626850,JUNC_9408,1,-,GT,AG,0.9999995,0.99999964,0.30864349007606506,0.033576544374227524
NC_003070.9,23627011,23627123,JUNC_9409,1,-,GT,AG,0.98317105,0.9804658,0.08436977118253708,0.0035225674510002136
NC_003070.9,23627186,23627295,JUNC_9410,1,-,GT,AG,0.98490345,0.9823888,0.7463725805282593,0.5989986062049866
NC_003070.9,23627383,23627675,JUNC_9411,1,-,GT,AG,0.99999225,0.99998987,0.0019797910936176777,0.00012980336032342166
NC_003070.9,23628398,23628495,JUNC_9412,1,-,GT,AG,0.999928,0.9999281,0.010188723914325237,0.07896362990140915
NC_003070.9,23649795,23650069,JUNC_15850,1,-,GT,AG,0.0023267511,0.0055090836,7.647654274478555e-05,0.0005947244935669005
NC_003070.9,23657871,23658037,JUNC_3608,1,-,GT,AG,0.99999964,0.9999993,0.014643817208707333,0.012966172769665718
NC_003070.9,23658109,23658215,JUNC_3609,1,-,GT,AG,0.99999833,0.99999833,0.26081383228302,0.7518513798713684
NC_003070.9,23658332,23658411,JUNC_9566,1,-,GT,AG,0.0035631987,0.00577932,0.7182461023330688,1.2618009350262582e-05
NC_003070.9,23658332,23658415,JUNC_3610,1,-,GC,AG,0.9979296,0.996956,0.14182259142398834,0.8220183253288269
NC_003070.9,23658526,23658610,JUNC_3611,1,-,GT,AG,0.9999918,0.9999808,0.7748002409934998,0.031028101220726967
NC_003070.9,23658786,23658878,JUNC_3612,1,-,GT,AG,1.0,1.0,0.9300896525382996,8.102183528535534e-06
NC_003070.9,23658960,23659098,JUNC_3613,1,-,GT,AG,0.9999732,0.9999583,0.37709319591522217,0.0003837054537143558
NC_003070.9,23659245,23659336,JUNC_3614,1,-,GT,AG,0.99999976,0.99999964,0.00485037500038743,1.5135134162846953e-05
NC_003070.9,23659475,23659554,JUNC_3615,1,-,GT,AG,1.0,0.99999964,0.013327820226550102,0.006935145705938339
NC_003070.9,23659703,23659881,JUNC_3616,1,-,GT,AG,1.0,0.9999999,0.0014696648577228189,0.002261233050376177
NC_003070.9,23660050,23660221,JUNC_3617,1,-,GT,AG,0.9297936,0.969217,0.0744440034031868,7.29279099687119e-06
NC_003070.9,23660302,23660385,JUNC_3618,1,-,GT,AG,0.9977347,0.9968251,1.8449945855536498e-05,0.003554781200364232
NC_003070.9,23660495,23660587,JUNC_3619,1,-,GT,AG,0.99932635,0.99832433,9.957491420209408e-05,0.3106172978878021
NC_003070.9,23660644,23660685,JUNC_9567,1,-,GT,AG,0.98679197,0.96457016,0.26356348395347595,0.017369642853736877
NC_003070.9,23660644,23660721,JUNC_3620,1,-,GT,AG,0.9958066,0.9878957,0.031064826995134354,0.01644684188067913
NC_003070.9,23660733,23660833,JUNC_3621,1,-,GT,AG,0.2387137,0.2626796,0.09068671613931656,0.00014322911738418043
NC_003070.9,23660733,23661088,JUNC_9568,1,-,GT,AG,0.9867531,0.9883648,0.0004974693874828517,0.00910676084458828
NC_003070.9,23660838,23660980,JUNC_3622,1,-,GC,AG,0.0012515176,0.0011445301,0.05780738592147827,0.2401951104402542
NC_003070.9,23660999,23661088,JUNC_3623,1,-,GT,AG,0.9995347,0.99790347,0.9594359993934631,0.5768322944641113
NC_003070.9,23661136,23661221,JUNC_3624,1,-,GT,AG,0.9999162,0.99986196,0.004499811679124832,0.0033867191523313522
NC_003070.9,23661366,23661539,JUNC_3625,1,-,GT,AG,0.9999949,0.9999968,0.00241432199254632,0.0019936743192374706
NC_003070.9,23661565,23661647,JUNC_3626,1,-,GT,AG,0.9987356,0.99957746,0.0020719387102872133,0.0014392711455002427
NC_003070.9,23661734,23661815,JUNC_3627,1,-,GT,AG,0.9999757,0.99996996,3.946724609704688e-05,0.4028485119342804
NC_003070.9,23661843,23661968,JUNC_3628,1,-,GT,AG,0.9998627,0.99973744,0.00838617142289877,0.05423148721456528
NC_003070.9,23662030,23662118,JUNC_3629,1,-,GT,AG,1.0,0.9999999,0.4246293902397156,0.23769398033618927
NC_003070.9,23662331,23662418,JUNC_3630,1,-,GT,AG,0.99947816,0.99911517,0.6930644512176514,0.03548465296626091
NC_003070.9,23662526,23662609,JUNC_3631,1,-,GT,AG,0.9999671,0.9999753,0.9796761274337769,0.9306799173355103
NC_003070.9,23662684,23662762,JUNC_3632,1,-,GT,AG,0.99258894,0.9857986,0.9844748973846436,0.9746907949447632
NC_003070.9,23662879,23663028,JUNC_3633,1,-,GT,AG,0.9987985,0.99773234,0.9890962243080139,0.9967344403266907
NC_003070.9,23663105,23663250,JUNC_3634,1,-,GT,AG,0.99967635,0.9984318,0.19514963030815125,0.9952152967453003
NC_003070.9,23663326,23663413,JUNC_3635,1,-,GT,AG,1.0,1.0,0.16845883429050446,0.0030779491644352674
NC_003070.9,23663554,23663660,JUNC_3636,1,-,GT,AG,0.29229456,0.34588745,0.9124775528907776,0.9987099170684814
NC_003070.9,23663705,23663788,JUNC_3637,1,-,GT,AG,0.999577,0.99947315,0.9960407018661499,0.18598273396492004
NC_003070.9,23663863,23664165,JUNC_3638,1,-,GT,AG,0.78444815,0.90036744,0.07927047461271286,0.999082088470459
NC_003070.9,23663863,23664613,JUNC_14318,1,-,GT,AG,0.9720343,0.9220568,0.999316930770874,0.042258042842149734
NC_003070.9,23664272,23664613,JUNC_3639,1,-,GT,AG,8.5431375e-06,4.1916096e-06,0.0022666475269943476,0.9234208464622498
NC_003070.9,23664673,23664774,JUNC_14319,1,-,GT,AG,0.081749015,0.068330616,0.3324891924858093,0.002065344015136361
NC_003070.9,23668024,23668089,JUNC_13807,1,-,GT,AG,0.9999901,0.9999713,0.7781316041946411,0.7090373635292053
NC_003070.9,23668218,23668310,JUNC_13808,1,-,GT,AG,0.9999659,0.9999492,0.01054401509463787,0.9428439736366272
NC_003070.9,23668363,23668468,JUNC_13809,1,-,GT,AG,0.99987614,0.9998203,0.002717649796977639,2.827670869010035e-06
NC_003070.9,23668583,23668757,JUNC_13810,1,-,GT,AG,0.99999285,0.9999695,0.00562920980155468,0.7934646010398865
NC_003070.9,23668837,23668959,JUNC_13811,1,-,GT,AG,0.9998903,0.99991107,0.9332216382026672,0.7460235357284546
NC_003070.9,23685299,23685396,JUNC_16176,1,+,GT,AG,0.9462621,0.8318473,0.8057907223701477,0.9897409677505493
NC_003070.9,23685299,23685405,JUNC_4415,1,+,GT,AG,0.99504745,0.9885592,0.0006758186500519514,0.11388170719146729
NC_003070.9,23685510,23685621,JUNC_4416,1,+,GT,AG,0.9999069,0.9998987,0.8451180458068848,0.9934321045875549
NC_003070.9,23685643,23685784,JUNC_4417,1,+,GT,AG,0.9993518,0.99945086,0.006901109125465155,0.09563419967889786
NC_003070.9,23685841,23685913,JUNC_4418,1,+,GT,AG,0.9999825,0.99994004,0.0023440232034772635,0.003271699883043766
NC_003070.9,23685995,23686388,JUNC_4419,1,+,GT,AG,0.99986696,0.99976736,0.12627652287483215,0.015148784033954144
NC_003070.9,23686484,23686568,JUNC_4420,1,+,GT,AG,0.3552469,0.3514211,0.7655726671218872,0.12630459666252136
NC_003070.9,23686693,23686786,JUNC_16177,1,+,GT,AG,0.023799777,0.010275674,0.012094303965568542,0.05125552788376808
NC_003070.9,23686805,23686903,JUNC_16178,1,+,GT,AG,0.8331306,0.84968793,0.435121089220047,0.0001433542201993987
NC_003070.9,23701933,23702094,JUNC_3346,1,-,GT,AG,0.9994054,0.99911135,0.9971957206726074,0.32772600650787354
NC_003070.9,23702146,23702237,JUNC_3347,1,-,GT,AG,0.99999976,0.99999964,0.02362259104847908,0.9933920502662659
NC_003070.9,23703681,23703785,JUNC_3348,1,-,GT,AG,0.99998677,0.9999784,0.36214524507522583,0.0016641226829960942
NC_003070.9,23704082,23704191,JUNC_3349,1,-,GT,AG,0.9934862,0.9888937,0.2114272266626358,0.7815263271331787
NC_003070.9,23704675,23704751,JUNC_3350,1,-,GT,AG,0.102749735,0.261657,0.5130332112312317,0.5400578379631042
NC_003070.9,23705273,23705532,JUNC_3351,1,-,GT,AG,0.9999999,0.9999995,0.0021801877301186323,0.5103309750556946
NC_003070.9,23708363,23708452,JUNC_10039,1,-,GT,AG,0.9993437,0.99846745,0.07402971386909485,0.5864143371582031
NC_003070.9,23708749,23708870,JUNC_10040,1,-,GT,AG,0.99999833,0.99999845,0.06026749312877655,0.026662180200219154
NC_003070.9,23709954,23711419,JUNC_10041,1,-,GT,AG,0.99999964,0.99999964,0.009061584249138832,0.0017487130826339126
NC_003070.9,23730369,23730446,JUNC_9540,1,+,GT,AG,0.9999925,0.99999666,0.006334119942039251,0.08083244413137436
NC_003070.9,23730546,23730638,JUNC_9541,1,+,GT,AG,0.99999964,0.99999976,0.6149478554725647,0.024544671177864075
NC_003070.9,23730716,23730915,JUNC_9542,1,+,GT,AG,0.99998534,0.9999697,0.9974763989448547,0.6511092782020569
NC_003070.9,23730987,23731137,JUNC_9543,1,+,GT,AG,0.99999976,0.9999995,0.38902056217193604,0.9141626358032227
NC_003070.9,23731256,23731370,JUNC_9544,1,+,GT,AG,0.999959,0.9999378,0.9873476028442383,0.2467879354953766
NC_003070.9,23731455,23731576,JUNC_9545,1,+,GT,AG,0.9994081,0.99941254,0.22748351097106934,0.1330462247133255
NC_003070.9,23731666,23731826,JUNC_9546,1,+,GT,AG,0.99972886,0.9998504,0.3868125379085541,0.9965620636940002
NC_003070.9,23731928,23732040,JUNC_9547,1,+,GT,AG,0.8376388,0.6881722,0.9959188103675842,0.9141852855682373
NC_003070.9,23732130,23732261,JUNC_9548,1,+,GT,AG,0.9999982,0.999997,0.016478827223181725,0.0029081657994538546
NC_003070.9,23732342,23732472,JUNC_9549,1,+,GT,AG,0.9999999,0.9999999,0.06516518443822861,0.00016170289018191397
NC_003070.9,23732544,23732627,JUNC_9550,1,+,GT,AG,0.99995947,0.999881,0.817857563495636,0.0002087016182485968
NC_003070.9,23732722,23732814,JUNC_9551,1,+,GT,AG,0.9995034,0.9994179,0.0072762020863592625,0.04030029475688934
NC_003070.9,23732903,23732990,JUNC_14809,1,+,GT,AG,0.32461113,0.6003336,0.00036381458630785346,0.11321830749511719
NC_003070.9,23732903,23733002,JUNC_9552,1,+,GT,AG,0.06909248,0.19348222,0.3791917860507965,0.5851123929023743
NC_003070.9,23733053,23733152,JUNC_9553,1,+,GT,AG,0.86157846,0.9052677,0.1727203130722046,0.4665535092353821
NC_003070.9,23733193,23733414,JUNC_9554,1,+,GT,AG,0.9992936,0.9992982,0.7951807379722595,0.05999426171183586
NC_003070.9,23743457,23743586,JUNC_8467,1,-,GT,AG,0.9266555,0.8949551,0.001907482510432601,1.1945897313125897e-05
NC_003070.9,23743714,23743784,JUNC_8468,1,-,GT,AG,0.07504485,0.036767133,0.017934909090399742,0.001728026196360588
NC_003070.9,23743861,23743936,JUNC_8469,1,-,GT,AG,0.005227655,0.011559178,0.509097695350647,0.8398210406303406
NC_003070.9,23743999,23744079,JUNC_8470,1,-,GT,AG,0.9142019,0.7338204,0.0418257974088192,0.00023792151478119195
NC_003070.9,23744174,23744251,JUNC_8471,1,-,GT,AG,0.99956745,0.9978492,0.0016658895183354616,0.13914915919303894
NC_003070.9,23744380,23744458,JUNC_8472,1,-,GT,AG,0.99996245,0.99994564,0.954673171043396,0.0013452398125082254
NC_003070.9,23744547,23744622,JUNC_8473,1,-,GT,AG,0.02518856,0.010229446,0.9998118281364441,0.9949944019317627
NC_003070.9,23744760,23744848,JUNC_8474,1,-,GT,AG,0.11640655,0.053577583,0.6097623705863953,0.9985321760177612
NC_003070.9,23744978,23745087,JUNC_8475,1,-,GT,AG,0.0010091085,0.0008557038,0.6050986051559448,0.0187845416367054
NC_003070.9,23745171,23745267,JUNC_8476,1,-,GT,AG,0.6369319,0.5924849,0.9142559170722961,0.85194331407547
NC_003070.9,23747834,23748696,JUNC_17283,1,+,GT,AG,0.040985074,0.06734768,0.45951002836227417,0.9840685725212097
NC_003070.9,23753637,23753955,JUNC_3464,1,-,GT,AG,1.0,1.0,0.6571025252342224,0.021003583446145058
NC_003070.9,23792203,23792259,JUNC_1239,1,+,GT,AG,9.936401e-08,2.33568e-07,0.8179205060005188,0.9600164890289307
NC_003070.9,23793581,23795083,JUNC_14503,1,+,GT,AG,0.0021674787,0.0054924656,0.006847334560006857,0.002988177351653576
NC_003070.9,23797000,23797105,JUNC_1492,1,-,GT,AG,1.0,0.9999999,0.3898463845252991,0.006259464658796787
NC_003070.9,23797222,23797315,JUNC_1493,1,-,GT,AG,0.9998996,0.99988234,0.0046643759123981,0.26418858766555786
NC_003070.9,23797384,23797467,JUNC_1494,1,-,GT,AG,0.999859,0.9996904,0.9922956228256226,0.9975462555885315
NC_003070.9,23797606,23797737,JUNC_1495,1,-,GT,AG,0.99999964,0.9999989,0.2697570025920868,0.9282031655311584
NC_003070.9,23798306,23798397,JUNC_1496,1,-,GT,AG,1.0,1.0,0.5760217308998108,7.077997724991292e-05
NC_003070.9,23798514,23798611,JUNC_1497,1,-,GT,AG,0.9999597,0.99990416,0.8837989568710327,0.0006723833503201604
NC_003070.9,23798699,23798782,JUNC_1498,1,-,GT,AG,0.9539448,0.9472809,0.005243089981377125,0.009166272357106209
NC_003070.9,23799282,23799367,JUNC_1499,1,-,GT,AG,0.99686193,0.9983981,0.7904623746871948,0.2098279446363449
NC_003070.9,23799438,23799521,JUNC_16461,1,-,GT,AG,0.9997199,0.9998272,0.16992847621440887,0.0012287730351090431
NC_003070.9,23799613,23799733,JUNC_1501,1,-,GT,AG,0.9218915,0.94844544,4.039178747916594e-06,4.7747693315614015e-05
NC_003070.9,23799782,23799916,JUNC_1502,1,-,GT,AG,0.9731238,0.87836814,0.039897579699754715,0.252412885427475
NC_003070.9,23800010,23800104,JUNC_1503,1,-,GT,AG,0.999468,0.9983821,0.0013802960747852921,0.0148777449503541
NC_003070.9,23800143,23800236,JUNC_1504,1,-,GT,AG,0.99999774,0.9999988,0.0019386555068194866,0.000504655297845602
NC_003070.9,23800325,23800400,JUNC_1505,1,-,GT,AG,0.9854095,0.9742635,3.7071527913212776e-05,0.012351999059319496
NC_003070.9,23800522,23801034,JUNC_1506,1,-,GT,AG,0.99994457,0.9998708,0.9887852668762207,0.920054018497467
NC_003070.9,23801260,23801502,JUNC_18164,1,-,GT,AG,0.9996748,0.999818,0.00021836080122739077,1.1929612810490653e-05
NC_003070.9,23809118,23810077,JUNC_9706,1,-,GT,AG,0.99754983,0.9919138,1.4273548913479317e-05,0.00010968640708597377
NC_003070.9,23810125,23810314,JUNC_9707,1,-,GT,AG,0.99987864,0.99987245,0.9067708849906921,0.1431671380996704
NC_003070.9,23810385,23810474,JUNC_9708,1,-,GT,AG,0.9990945,0.9981949,0.9507425427436829,6.661177758360282e-05
NC_003070.9,23810604,23810691,JUNC_9709,1,-,GT,AG,0.9999467,0.99985445,0.8925983309745789,0.9505265951156616
NC_003070.9,23810763,23811146,JUNC_9710,1,-,GT,AG,0.99988437,0.999702,0.9153295159339905,0.7497602105140686
NC_003070.9,23811198,23811276,JUNC_9711,1,-,GT,AG,0.96431744,0.9397997,0.9980961680412292,0.9478871822357178
NC_003070.9,23811345,23811457,JUNC_9712,1,-,GT,AG,0.97759676,0.97949135,0.018579404801130295,0.9944524168968201
NC_003070.9,23811519,23811612,JUNC_9713,1,-,GT,AG,0.99890876,0.9989492,0.13481242954730988,0.0020326932426542044
NC_003070.9,23811666,23811763,JUNC_9714,1,-,GT,AG,0.029601349,0.011603101,0.00039113996899686754,0.28991028666496277
NC_003070.9,23811991,23812227,JUNC_9715,1,-,GT,AG,0.99999976,0.99999964,0.0001766352215781808,2.2246055664254527e-07
NC_003070.9,23812312,23812409,JUNC_9716,1,-,GT,AG,0.9996731,0.9991592,0.19132506847381592,0.9967221617698669
NC_003070.9,23833671,23833749,JUNC_15779,1,+,GT,AG,0.99887687,0.99880815,0.0021041398867964745,0.9411501884460449
NC_003070.9,23833861,23834476,JUNC_15780,1,+,GT,AG,0.8154333,0.82475424,0.9399215579032898,0.0004432355344761163
NC_003070.9,23834602,23834691,JUNC_15781,1,+,GT,AG,0.00021927572,0.00014789541,0.9211176037788391,0.8663492798805237
NC_003070.9,23834819,23834885,JUNC_15782,1,+,GT,AG,0.99991584,0.9998702,0.9687840342521667,0.9479416608810425
NC_003070.9,23834990,23835076,JUNC_15783,1,+,GT,AG,0.9999658,0.9999577,0.00575188547372818,0.9960780739784241
NC_003070.9,23843206,23843825,JUNC_8743,1,+,GT,AG,1.0,1.0,3.1707775178801967e-06,3.4500071706133895e-06
NC_003070.9,23843911,23844001,JUNC_8744,1,+,GT,AG,0.99999106,0.9999926,0.0014263790799304843,0.0007369434460997581
NC_003070.9,23844032,23844115,JUNC_8745,1,+,GT,AG,0.9685195,0.98487526,0.6644942760467529,0.0006606295937672257
NC_003070.9,23847460,23847742,JUNC_2762,1,+,GT,AG,0.9999999,0.99999976,0.010675611905753613,0.000987296923995018
NC_003070.9,23868500,23868613,JUNC_14946,1,+,GT,AG,0.99999356,0.9999906,0.11986182630062103,0.9777141213417053
NC_003070.9,23869664,23869746,JUNC_14947,1,+,GT,AG,0.9999732,0.9999727,0.926359236240387,0.0007635632646270096
NC_003070.9,23870989,23872105,JUNC_2412,1,+,GT,AG,0.97823894,0.9851281,0.9488446116447449,0.04761532321572304
NC_003070.9,23872265,23872396,JUNC_2413,1,+,GT,AG,0.9972562,0.9956208,0.005286614876240492,0.00010744149767560884
NC_003070.9,23886533,23886654,JUNC_2114,1,+,GT,AG,0.8985339,0.85962963,0.6531209349632263,0.039997000247240067
NC_003070.9,23886672,23886787,JUNC_2115,1,+,GT,AG,0.9951703,0.9949582,0.07977049797773361,0.059840161353349686
NC_003070.9,23900368,23900458,JUNC_15987,1,+,GT,AG,0.99999154,0.999972,0.0003032837703358382,9.156813263189179e-08
NC_003070.9,23900822,23900919,JUNC_15988,1,+,GT,AG,0.9999993,0.99999845,0.011546803638339043,0.018363215029239655
NC_003070.9,23901047,23901452,JUNC_15989,1,+,GT,AG,0.99999154,0.99999106,0.16886146366596222,0.7332062721252441
NC_003070.9,23915855,23916017,JUNC_3416,1,-,GT,AG,1.0,1.0,0.9450643062591553,0.5964952111244202
NC_003070.9,23916137,23916230,JUNC_3417,1,-,GT,AG,1.0,1.0,0.425597220659256,0.00010548967111390084
NC_003070.9,23916413,23916488,JUNC_3418,1,-,GT,AG,0.99996865,0.99991655,0.010288244113326073,0.7888669967651367
NC_003070.9,23916992,23917089,JUNC_3419,1,-,GT,AG,0.9580131,0.9497202,0.971013605594635,0.8617306351661682
NC_003070.9,23917165,23917247,JUNC_3420,1,-,GT,AG,0.9999347,0.999954,0.9991532564163208,0.7602339386940002
NC_003070.9,23917314,23917403,JUNC_3421,1,-,GT,AG,1.0,1.0,0.13671772181987762,0.9948104619979858
NC_003070.9,23917491,23917576,JUNC_3422,1,-,GT,AG,1.0,1.0,0.829024612903595,0.06554757803678513
NC_003070.9,23917687,23917774,JUNC_3423,1,-,GT,AG,0.9999994,0.99999845,0.0024058481212705374,0.783147394657135
NC_003070.9,23917942,23918018,JUNC_3424,1,-,GT,AG,0.99345183,0.9812464,0.9389573335647583,0.002993079135194421
NC_003070.9,23918113,23918187,JUNC_3425,1,-,GT,AG,0.9604031,0.9761077,0.03263109177350998,0.9661104083061218
NC_003070.9,23918227,23918443,JUNC_3426,1,-,GT,AG,0.99963176,0.9992661,0.9342795014381409,0.993471622467041
NC_003070.9,23918520,23918610,JUNC_3427,1,-,GT,AG,0.9999999,0.99999964,1.0277428373228759e-05,0.26875990629196167
NC_003070.9,23918659,23918787,JUNC_3428,1,-,GT,AG,0.9099777,0.81759876,0.09988723695278168,0.007727508433163166
NC_003070.9,23918844,23918998,JUNC_3429,1,-,GT,AG,0.9946562,0.9893555,1.3081117685942445e-05,0.006295998115092516
NC_003070.9,23919088,23919187,JUNC_3430,1,-,GT,AG,0.999871,0.9998857,0.010410682298243046,0.00015319605881813914
NC_003070.9,23919251,23919526,JUNC_3431,1,-,GT,AG,0.99991536,0.9998698,0.0003738888481166214,0.00042662746272981167
NC_003070.9,23933955,23934044,JUNC_2631,1,+,GT,AG,0.9999989,0.9999987,0.048841945827007294,0.01484756451100111
NC_003070.9,23934196,23934286,JUNC_2632,1,+,GT,AG,0.99999726,0.99999166,0.047084953635931015,0.0004629251197911799
NC_003070.9,23934364,23934449,JUNC_2633,1,+,GT,AG,0.99998486,0.99997604,0.035792410373687744,0.28926241397857666
NC_003070.9,23934529,23934712,JUNC_2634,1,+,GT,AG,0.02947751,0.03444501,0.08894415199756622,0.0033749646972864866
NC_003070.9,23934797,23934881,JUNC_2635,1,+,GT,AG,0.7269361,0.7386043,0.12179801613092422,0.16278395056724548
NC_003070.9,23935298,23935386,JUNC_2636,1,+,GT,AG,0.9996674,0.9997533,0.7948935031890869,0.1785925179719925
NC_003070.9,23935494,23935578,JUNC_2637,1,+,GT,AG,0.99999905,0.99999833,0.03951011970639229,0.23011158406734467
NC_003070.9,23935646,23935733,JUNC_2638,1,+,GT,AG,0.9995579,0.9988435,0.2728700041770935,0.0024389715399593115
NC_003070.9,23935821,23935914,JUNC_2639,1,+,GT,AG,0.9999987,0.9999988,0.028237272053956985,0.8503238558769226
NC_003070.9,23935986,23936068,JUNC_2640,1,+,GT,AG,0.99999416,0.9999933,0.35764360427856445,0.02945101447403431
NC_003070.9,23936122,23936273,JUNC_2641,1,+,GT,AG,0.9798788,0.96604264,0.017855215817689896,0.08053011447191238
NC_003070.9,23936363,23936694,JUNC_2642,1,+,GT,AG,0.37407687,0.52522945,0.009787018410861492,0.00018648570403456688
NC_003070.9,23948082,23948166,JUNC_10197,1,-,GT,AG,0.99510235,0.9906064,0.8771912455558777,0.39622142910957336
NC_003070.9,23948279,23948426,JUNC_10198,1,-,GT,AG,0.9999827,0.99997175,0.9744203090667725,0.932758629322052
NC_003070.9,23948507,23948820,JUNC_10199,1,-,GT,AG,0.9998432,0.9998776,0.9707679748535156,0.9695132970809937
NC_003070.9,23948873,23948960,JUNC_10200,1,-,GT,AG,0.95268935,0.9461305,0.40153807401657104,0.9935976266860962
NC_003070.9,23949069,23949214,JUNC_10201,1,-,GT,AG,0.98012114,0.9948261,0.1035851538181305,9.248628884961363e-06
NC_003070.9,23949274,23949400,JUNC_10202,1,-,GT,AG,0.9999571,0.9999435,0.06067522242665291,0.038120705634355545
NC_003070.9,23949483,23949660,JUNC_10203,1,-,GT,AG,0.5068859,0.6760158,0.10319504886865616,0.0032479348592460155
NC_003070.9,23949787,23950275,JUNC_15959,1,-,GT,AG,0.96188337,0.87940794,0.00019064020307268947,1.7183441514134756e-07
NC_003070.9,23966745,23966891,JUNC_14959,1,+,GT,AG,0.004727849,0.01518483,2.0584066078299657e-06,0.00012269279977772385
NC_003070.9,23967814,23967906,JUNC_14960,1,+,GT,AG,0.9914473,0.9771733,0.015612786635756493,0.015135381370782852
NC_003070.9,23968047,23968137,JUNC_14961,1,+,GT,AG,0.99925655,0.99859816,0.02645016461610794,0.09817071259021759
NC_003070.9,23969053,23969243,JUNC_16654,1,+,GT,AG,0.9999951,0.9999974,0.025019163265824318,0.014171566814184189
NC_003070.9,23969459,23969548,JUNC_16655,1,+,GT,AG,1.0,1.0,0.7721925973892212,0.9120258688926697
NC_003070.9,23969738,23969852,JUNC_16656,1,+,GT,AG,0.9981341,0.99862075,0.7709447741508484,0.9982385635375977
NC_003070.9,23970061,23970175,JUNC_16657,1,+,GT,AG,1.0,1.0,0.9871292114257812,0.25634831190109253
NC_003070.9,23970328,23970555,JUNC_16658,1,+,GT,AG,0.9999982,0.9999932,0.1444994956254959,0.9189068675041199
NC_003070.9,23970684,23970764,JUNC_16659,1,+,GT,AG,0.02122875,0.0060749194,0.9981855750083923,0.04047318175435066
NC_003070.9,23970866,23970951,JUNC_16660,1,+,GT,AG,0.9107782,0.7147032,0.984302282333374,0.9724895358085632
NC_003070.9,23971098,23971221,JUNC_16661,1,+,GT,AG,0.9964959,0.9881197,0.5373445749282837,0.9304625988006592
NC_003070.9,23971284,23971363,JUNC_16662,1,+,GT,AG,0.9517778,0.9708936,0.3942546844482422,0.6344521045684814
NC_003070.9,23971410,23971566,JUNC_16663,1,+,GT,AG,0.99965465,0.99979216,0.8646731972694397,0.1398434340953827
NC_003070.9,23971626,23971744,JUNC_16664,1,+,GT,AG,0.99999964,0.9999995,0.5811538100242615,0.6034064292907715
NC_003070.9,23971827,23972008,JUNC_16665,1,+,GT,AG,0.99999726,0.9999989,0.026113107800483704,0.9075965285301208
NC_003070.9,23972103,23972362,JUNC_16666,1,+,GT,AG,0.999995,0.9999918,0.9640534520149231,0.0505438931286335
NC_003070.9,23972449,23972649,JUNC_16667,1,+,GT,AG,0.9999999,0.9999999,0.34385982155799866,0.3605843782424927
NC_003070.9,23972737,23972883,JUNC_16668,1,+,GT,AG,0.39348477,0.47332734,8.440479177806992e-06,0.3931191861629486
NC_003070.9,23972969,23973062,JUNC_16669,1,+,GT,AG,0.9998641,0.9999567,0.002258338499814272,0.054149117320775986
NC_003070.9,23973125,23973243,JUNC_16670,1,+,GT,AG,0.99928194,0.9996356,0.9255039095878601,0.15602947771549225
NC_003070.9,23975144,23975235,JUNC_10599,1,-,GT,AG,0.9998503,0.9998279,0.3514098525047302,0.8743859529495239
NC_003070.9,23975354,23975593,JUNC_10600,1,-,GT,AG,0.9965346,0.99756324,0.8381442427635193,0.9517102241516113
NC_003070.9,23988513,23988588,JUNC_16310,1,-,GT,AG,0.99342704,0.9904051,0.8232774138450623,6.160456541692838e-05
NC_003070.9,23993712,23993809,JUNC_13138,1,+,GT,AG,0.9998771,0.99984413,0.6849722266197205,0.0006880713626742363
NC_003070.9,23994041,23994138,JUNC_13139,1,+,GT,AG,0.9999801,0.99998116,0.8752896785736084,2.884055720642209e-05
NC_003070.9,23994218,23994308,JUNC_13140,1,+,GT,AG,0.99999917,0.99999845,0.0014866461278870702,0.035008806735277176
NC_003070.9,23994465,23994699,JUNC_13141,1,+,GT,AG,0.99999964,0.99999917,0.0002735653251875192,0.00015179297770373523
NC_003070.9,23994781,23994867,JUNC_13142,1,+,GT,AG,0.9999994,0.9999995,0.019140012562274933,0.9790183305740356
NC_003070.9,24016972,24017158,JUNC_7050,1,+,GT,AG,0.85010284,0.92940587,0.002402976853772998,0.0006830779602751136
NC_003070.9,24017248,24017341,JUNC_7051,1,+,GT,AG,0.9989969,0.9959591,2.4751341697992757e-05,0.00013389474770519882
NC_003070.9,24017405,24017545,JUNC_7052,1,+,GT,AG,0.99833935,0.99245924,0.10787642002105713,0.0026395597960799932
NC_003070.9,24017587,24017676,JUNC_7997,1,+,GT,AG,0.49980494,0.76733553,0.09597454220056534,0.07561230659484863
NC_003070.9,24017736,24017812,JUNC_7054,1,+,GT,AG,0.9999465,0.9999107,8.01740970928222e-05,0.2107332944869995
NC_003070.9,24018589,24018682,JUNC_7055,1,+,GT,AG,0.98920155,0.9833688,1.8671107715473312e-10,6.299410992838261e-11
NC_003070.9,24018784,24018857,JUNC_7056,1,+,GT,AG,0.99102885,0.9751692,0.8112853765487671,0.083055280148983
NC_003070.9,24022861,24022955,JUNC_14188,1,-,GT,AG,0.9893863,0.9798925,0.8055046796798706,0.4380766749382019
NC_003070.9,24036570,24036653,JUNC_5291,1,+,GT,AG,0.17522912,0.33271015,0.5384334325790405,0.17032648622989655
NC_003070.9,24036936,24037012,JUNC_5292,1,+,GT,AG,0.99785304,0.99666405,0.0003943835909012705,0.007248383015394211
NC_003070.9,24050226,24050386,JUNC_10660,1,+,GT,AG,0.9999857,0.9999852,0.9969831109046936,0.005219247657805681
NC_003070.9,24050601,24051113,JUNC_10661,1,+,GT,AG,0.08732854,0.018449672,0.0304661113768816,0.9642608165740967
NC_003070.9,24051313,24051385,JUNC_10662,1,+,GT,AG,0.38109678,0.24004383,0.0033728634007275105,0.003916642162948847
NC_003070.9,24051894,24051980,JUNC_10663,1,+,GT,AG,0.99943125,0.99876904,0.002242055255919695,0.01320104580372572
NC_003070.9,24052917,24053618,JUNC_15926,1,-,GT,AG,1.0,1.0,0.9982669353485107,0.9826194047927856
NC_003070.9,24053752,24053842,JUNC_17515,1,-,GT,AG,0.9988772,0.9976362,0.9990076422691345,0.9901695847511292
NC_003070.9,24054830,24054912,JUNC_8615,1,-,GT,AG,0.9999877,0.9999801,0.9974443912506104,0.8927099704742432
NC_003070.9,24055412,24055859,JUNC_8616,1,-,GT,AG,0.99999726,0.9999982,0.015062419697642326,0.05181041359901428
NC_003070.9,24056204,24056307,JUNC_8617,1,-,GT,AG,0.99940574,0.9993679,0.9779050350189209,0.008704987354576588
NC_003070.9,24057962,24058037,JUNC_9311,1,+,GT,AG,0.058452375,0.056372646,0.40985435247421265,0.808334469795227
NC_003070.9,24058472,24058588,JUNC_9312,1,+,GT,AG,0.0024107967,0.0013953518,0.32014861702919006,0.027044076472520828
NC_003070.9,24058472,24059217,JUNC_18007,1,+,GT,AG,0.9999956,0.9999943,0.7032380104064941,0.4286283552646637
NC_003070.9,24058655,24059217,JUNC_9313,1,+,GT,AG,0.0015025184,0.002644314,0.151136577129364,0.7638605833053589
NC_003070.9,24086704,24086818,JUNC_17975,1,+,GT,AG,0.96393424,0.9706305,0.12377873808145523,0.002251362195238471
NC_003070.9,24086983,24087067,JUNC_17976,1,+,GT,AG,0.8634381,0.8886147,0.927503228187561,0.6422826647758484
NC_003070.9,24110031,24110116,JUNC_17212,1,+,GT,AG,0.999603,0.9997358,0.05283196270465851,5.2486229833448306e-05
NC_003070.9,24130979,24131099,JUNC_4996,1,+,GT,AG,0.9996711,0.9994292,0.09864508360624313,0.0006992748822085559
NC_003070.9,24131564,24131661,JUNC_4997,1,+,GT,AG,0.9990349,0.999398,0.2599439024925232,0.002391593996435404
NC_003070.9,24132606,24132777,JUNC_10691,1,+,GT,AG,0.9998944,0.99989355,0.0011101601412519813,0.7558624148368835
NC_003070.9,24132693,24132777,JUNC_4998,1,+,GC,AG,0.99999976,0.99999976,0.9822977781295776,0.00018785141583066434
NC_003070.9,24132949,24133081,JUNC_4999,1,+,GT,AG,0.99999917,0.99999917,0.9524911642074585,0.998794436454773
NC_003070.9,24147286,24148252,JUNC_3793,1,+,GT,AG,0.9999671,0.9999527,0.00034121234784834087,0.7207028269767761
NC_003070.9,24157466,24158035,JUNC_15775,1,+,GT,AG,0.98982763,0.9256468,0.8514731526374817,0.9397950768470764
NC_003070.9,24158333,24158440,JUNC_15776,1,+,GT,AG,0.9999716,0.99995863,0.9760029911994934,0.00011034604540327564
NC_003070.9,24159206,24159498,JUNC_14405,1,-,GC,AG,0.9999542,0.9999472,0.46425148844718933,0.9572795033454895
NC_003070.9,24160185,24160267,JUNC_2803,1,-,GT,AG,0.6473088,0.6197626,0.43049219250679016,0.05005389451980591
NC_003070.9,24160340,24160608,JUNC_2804,1,-,GT,AG,0.8997097,0.91925097,0.7338860630989075,0.0693444088101387
NC_003070.9,24160768,24160950,JUNC_2805,1,-,GT,AG,0.9999162,0.9999459,0.0017104856669902802,0.0025356810074299574
NC_003070.9,24161159,24161285,JUNC_2806,1,-,GT,AG,0.99999976,0.99999976,0.05161484330892563,0.003811909817159176
NC_003070.9,24161435,24161819,JUNC_2807,1,-,GT,AG,1.0,1.0,0.6867104172706604,0.09360825270414352
NC_003070.9,24161996,24162832,JUNC_2808,1,-,GT,AG,0.9999988,0.9999989,0.023957286030054092,0.8504185676574707
NC_003070.9,24163023,24163236,JUNC_17340,1,-,GT,AG,0.9982323,0.99709064,0.02810179628431797,0.005219247657805681
NC_003070.9,24163379,24163506,JUNC_2809,1,-,GT,AG,0.98762554,0.99339795,0.5096439123153687,0.17199493944644928
NC_003070.9,24164443,24164574,JUNC_15917,1,-,GT,AG,0.99998045,0.9999801,0.9881932139396667,0.9810596108436584
NC_003070.9,24164730,24164822,JUNC_15918,1,-,GT,AG,0.97110355,0.9908993,0.9969831109046936,0.9232758283615112
NC_003070.9,24165059,24165151,JUNC_15919,1,-,GT,AG,0.9986796,0.9937686,0.002568576717749238,0.18475180864334106
NC_003070.9,24165315,24165542,JUNC_15920,1,-,GT,AG,0.98831475,0.98442286,0.8211929202079773,0.006901327520608902
NC_003070.9,24165704,24165904,JUNC_15921,1,-,GT,AG,0.12760502,0.05811965,0.016392363235354424,0.5894027352333069
NC_003070.9,24167489,24167575,JUNC_4903,1,-,GT,AG,1.0,0.99999964,0.9348853230476379,0.048000726848840714
NC_003070.9,24167678,24167769,JUNC_4904,1,-,GT,AG,0.9999995,0.9999994,0.0033077343832701445,0.965670645236969
NC_003070.9,24167837,24168004,JUNC_4905,1,-,GC,AG,0.9744743,0.98240936,0.029263483360409737,0.00032604264561086893
NC_003070.9,24168150,24168716,JUNC_4906,1,-,GT,AG,0.9999976,0.9999976,0.0007473401492461562,0.246618390083313
NC_003070.9,24168915,24170316,JUNC_4907,1,-,GT,AG,0.88109696,0.8286031,0.0034609008580446243,0.0011499753454700112
NC_003070.9,24170555,24170631,JUNC_4908,1,-,GT,AG,0.8969726,0.6083928,0.6879386305809021,0.14265833795070648
NC_003070.9,24181272,24181352,JUNC_5352,1,-,GT,AG,1.1576593e-06,1.7001826e-06,0.013828552328050137,0.977869987487793
NC_003070.9,24181436,24181512,JUNC_5353,1,-,GT,AG,1.0083911e-06,9.812271e-07,0.00633906340226531,0.0009321924299001694
NC_003070.9,24181623,24181954,JUNC_5354,1,-,GT,AG,0.9999932,0.99999714,6.071001479313054e-08,1.6625812349957414e-05
NC_003070.9,24182022,24182091,JUNC_5355,1,-,GT,AG,0.99988437,0.99989915,2.511047205189243e-05,0.023998215794563293
NC_003070.9,24182691,24183087,JUNC_5356,1,-,GT,AG,0.9997546,0.99976104,0.21350467205047607,5.601333175064838e-09
NC_003070.9,24184108,24184197,JUNC_14676,1,-,GT,AG,0.99995077,0.99989617,4.605191747941717e-07,0.00706561328843236
NC_003070.9,24184287,24184370,JUNC_14677,1,-,GT,AG,0.9999974,0.99999166,2.3333041099249385e-06,8.419978257734329e-05
NC_003070.9,24184504,24184598,JUNC_14678,1,-,GT,AG,0.99871755,0.99793077,0.9311711192131042,0.4782719016075134
NC_003070.9,24184746,24184826,JUNC_14679,1,-,GT,AG,0.99951935,0.999318,0.02074344828724861,0.9839527010917664
NC_003070.9,24185033,24185115,JUNC_14680,1,-,GT,AG,0.99998236,0.9999753,0.07266195118427277,0.026272613555192947
NC_003070.9,24185313,24185441,JUNC_14681,1,-,GT,AG,0.9999999,0.99999964,0.1102057546377182,0.090557761490345
NC_003070.9,24185521,24185609,JUNC_14682,1,-,GT,AG,1.0,1.0,0.5594778060913086,0.19722308218479156
NC_003070.9,24185740,24185844,JUNC_14683,1,-,GT,AG,0.99854445,0.9981775,0.7062188982963562,0.9251554012298584
NC_003070.9,24185891,24185976,JUNC_14684,1,-,GT,AG,0.9999716,0.9999745,0.8687849640846252,0.17954657971858978
NC_003070.9,24186111,24186206,JUNC_14685,1,-,GT,AG,0.99997246,0.999972,0.17988574504852295,0.333060622215271
NC_003070.9,24186335,24186411,JUNC_14686,1,-,GT,AG,0.9999492,0.99980253,0.18505464494228363,0.11321381479501724
NC_003070.9,24187831,24187914,JUNC_14687,1,-,GT,AG,9.946957e-09,9.903142e-08,0.899836540222168,0.0012166614178568125
NC_003070.9,24196558,24196648,JUNC_3465,1,-,GT,AG,0.99975795,0.9991715,0.05458212271332741,0.5682235956192017
NC_003070.9,24196738,24196822,JUNC_3466,1,-,GT,AG,0.9997683,0.99963605,0.013483940623700619,0.11411391943693161
NC_003070.9,24196953,24197052,JUNC_3467,1,-,GT,AG,0.38215366,0.70340025,0.9274295568466187,0.0607808381319046
NC_003070.9,24197200,24197273,JUNC_3468,1,-,GT,AG,0.9600531,0.95394933,0.3165417015552521,0.9674361348152161
NC_003070.9,24197480,24197585,JUNC_3469,1,-,GT,AG,0.99997735,0.99994075,0.9964732527732849,0.9705177545547485
NC_003070.9,24197774,24197899,JUNC_3470,1,-,GT,AG,0.9999963,0.9999918,0.9638815522193909,0.5781076550483704
NC_003070.9,24197988,24198069,JUNC_3471,1,-,GT,AG,0.00018536308,0.00021271834,0.2900789678096771,0.0035297381691634655
NC_003070.9,24198179,24198564,JUNC_3472,1,-,GT,AG,0.99813706,0.9984036,0.004369760397821665,0.978715181350708
NC_003070.9,24198611,24198698,JUNC_3473,1,-,GT,AG,0.99999905,0.9999976,0.9981094598770142,0.9940556287765503
NC_003070.9,24198800,24198901,JUNC_3474,1,-,GT,AG,0.99997246,0.9999819,0.9864333868026733,0.891135036945343
NC_003070.9,24199030,24199111,JUNC_3475,1,-,GT,AG,0.999808,0.9998085,0.31648293137550354,0.4730612635612488
NC_003070.9,24224819,24225076,JUNC_14955,1,+,GT,AG,0.0021589708,0.0024437243,0.3783058822154999,0.6936857104301453
NC_003070.9,24236622,24236839,JUNC_9133,1,+,GT,AG,0.9898427,0.97466236,0.9675366878509521,0.9564287662506104
NC_003070.9,24236949,24237045,JUNC_9134,1,+,GT,AG,0.9999871,0.99998105,7.678468682570383e-05,0.00028973419102840126
NC_003070.9,24237156,24237289,JUNC_9135,1,+,GT,AG,0.9997445,0.9994209,0.968247652053833,0.9469808340072632
NC_003070.9,24237354,24237439,JUNC_9136,1,+,GT,AG,0.95676285,0.9714556,0.7603203058242798,0.9531353712081909
NC_003070.9,24237521,24238279,JUNC_9137,1,+,GT,AG,0.99999774,0.9999987,0.9908977150917053,0.32908788323402405
NC_003070.9,24238354,24238779,JUNC_9138,1,+,GT,AG,0.99999976,0.99999964,0.14055466651916504,0.9049575328826904
NC_003070.9,24238850,24238970,JUNC_9139,1,+,GT,AG,0.99997234,0.99998415,0.316560834646225,0.3445304036140442
NC_003070.9,24239053,24239624,JUNC_9140,1,+,GT,AG,0.9765697,0.985449,0.6943579912185669,0.3568938970565796
NC_003070.9,24239689,24239923,JUNC_9141,1,+,GT,AG,0.9999999,0.9999981,0.12042859196662903,0.321890652179718
NC_003070.9,24239998,24240311,JUNC_9142,1,+,GT,AG,0.9961835,0.99824214,0.39861106872558594,0.014471244998276234
NC_003070.9,24242175,24242356,JUNC_5303,1,+,GT,AG,0.99999964,0.99999917,0.0029781803023070097,0.00017261855828110129
NC_003070.9,24242419,24242510,JUNC_5304,1,+,GT,AG,0.9999999,0.99999976,0.00018621103663463145,0.009307052940130234
NC_003070.9,24242606,24243005,JUNC_5305,1,+,GT,AG,0.99999833,0.9999968,0.994001567363739,0.8299619555473328
NC_003070.9,24243053,24243227,JUNC_5306,1,+,GT,AG,0.9999769,0.9999635,0.9436067342758179,0.9962549209594727
NC_003070.9,24243299,24243942,JUNC_5307,1,+,GT,AG,0.99793196,0.9957605,0.9643539190292358,0.9422141313552856
NC_003070.9,24244001,24244207,JUNC_5308,1,+,GT,AG,0.9946768,0.98981446,0.031056147068738937,0.6334972381591797
NC_003070.9,24244298,24244375,JUNC_5309,1,+,GT,AG,0.06667528,0.0878701,0.9952345490455627,0.4596484899520874
NC_003070.9,24244536,24244645,JUNC_5310,1,+,GT,AG,0.9284992,0.9569792,0.999006450176239,0.9949550032615662
NC_003070.9,24245893,24246001,JUNC_8915,1,+,GT,AG,0.99998534,0.99998224,0.7495949864387512,0.9996354579925537
NC_003070.9,24246309,24246398,JUNC_8916,1,+,GT,AG,1.0,1.0,0.0005840692319907248,0.27607619762420654
NC_003070.9,24246476,24246569,JUNC_8917,1,+,GT,AG,0.9999982,0.9999975,0.07409781962633133,0.23962709307670593
NC_003070.9,24246672,24246776,JUNC_8918,1,+,GT,AG,0.9999975,0.99999833,0.03264480456709862,0.15207554399967194
NC_003070.9,24246865,24246997,JUNC_8919,1,+,GT,AG,0.99943966,0.99953985,0.8376868367195129,0.2769913375377655
NC_003070.9,24247109,24247268,JUNC_8920,1,+,GT,AG,0.999869,0.9992331,0.9957309365272522,0.9431699514389038
NC_003070.9,24247322,24247410,JUNC_8921,1,+,GT,AG,0.99999046,0.9999963,0.06813911348581314,0.9960720539093018
NC_003070.9,24247459,24247549,JUNC_8922,1,+,GT,AG,1.0,1.0,0.869766116142273,0.030889512971043587
NC_003070.9,24247650,24247738,JUNC_8923,1,+,GT,AG,1.0,1.0,0.08234527707099915,0.4346201717853546
NC_003070.9,24247854,24248157,JUNC_8924,1,+,GT,AG,1.0,1.0,0.5657486319541931,0.2605346739292145
NC_003070.9,24271536,24271625,JUNC_15009,1,+,GT,AG,7.7618216e-07,7.1403645e-07,0.9262602925300598,0.36969617009162903
NC_003070.9,24277829,24278110,JUNC_10465,1,+,GT,AG,2.2645432e-05,4.1318144e-05,0.8152945637702942,0.9898788928985596
NC_003070.9,24284852,24284982,JUNC_18303,1,-,GT,AG,0.99999475,0.9999918,0.9810606241226196,0.9235924482345581
NC_003070.9,24285146,24285229,JUNC_18304,1,-,GT,AG,0.9999925,0.9999926,0.000925292435567826,0.0031321882270276546
NC_003070.9,24285497,24285593,JUNC_18305,1,-,GT,AG,0.9999509,0.99995923,0.2864440977573395,0.9843138456344604
NC_003070.9,24285924,24286102,JUNC_18306,1,-,GT,AG,0.8957128,0.7801003,0.8949545621871948,0.9683635234832764
NC_003070.9,24300074,24300467,JUNC_8249,1,+,GT,AG,3.809587e-06,1.877096e-05,0.3420960307121277,0.004131929483264685
NC_003070.9,24307501,24307708,JUNC_5956,1,-,GT,AG,1.0,1.0,0.0015996175352483988,0.0019936563912779093
NC_003070.9,24308171,24308326,JUNC_5957,1,-,GT,AG,1.0,1.0,0.4239993095397949,0.9264715909957886
NC_003070.9,24308536,24308646,JUNC_5958,1,-,GT,AG,0.99999464,0.9999678,0.9719131588935852,0.8436048030853271
NC_003070.9,24309960,24310342,JUNC_5959,1,-,GT,AG,1.0,1.0,0.9649229645729065,0.4747648537158966
NC_003070.9,24311122,24311228,JUNC_5960,1,-,GT,AG,0.9999988,0.99999654,0.12033525109291077,0.0010013499995693564
NC_003070.9,24311336,24311409,JUNC_5961,1,-,GT,AG,0.99978966,0.99868387,0.0027436818927526474,0.5487669706344604
NC_003070.9,24311796,24311888,JUNC_5962,1,-,GT,AG,0.9999256,0.9997917,0.9926151037216187,0.7762432098388672
NC_003070.9,24311996,24312070,JUNC_5963,1,-,GT,AG,1.0,1.0,0.48444247245788574,0.018305309116840363
NC_003070.9,24312259,24312357,JUNC_5964,1,-,GT,AG,0.9999999,0.99999964,0.00599289033561945,0.9741432070732117
NC_003070.9,24312595,24312678,JUNC_5965,1,-,GT,AG,0.9999987,0.9999969,0.867229163646698,0.96941077709198
NC_003070.9,24312799,24312877,JUNC_5966,1,-,GT,AG,0.99999964,0.9999987,0.9938282370567322,0.6284928917884827
NC_003070.9,24313028,24313132,JUNC_5967,1,-,GT,AG,1.0,1.0,0.9241681694984436,0.9752011299133301
NC_003070.9,24313196,24313434,JUNC_5968,1,-,GT,AG,1.0,1.0,0.9510258436203003,0.9988981485366821
NC_003070.9,24313564,24314079,JUNC_10305,1,-,GT,AG,0.9999999,1.0,0.9949737787246704,0.9607475996017456
NC_003070.9,24314172,24314296,JUNC_5971,1,-,GT,AG,1.0,1.0,0.7073270082473755,0.00010931787983281538
NC_003070.9,24314378,24314458,JUNC_10306,1,-,GT,AG,0.998821,0.9997813,0.00660782540217042,0.9546013474464417
NC_003070.9,24316336,24316452,JUNC_2891,1,+,GT,AG,0.9999906,0.9999418,0.9880442023277283,0.00012447501649148762
NC_003070.9,24343296,24343363,JUNC_16996,1,+,GT,AG,0.9999924,0.9999546,0.0114110903814435,0.9641806483268738
NC_003070.9,24347897,24348124,JUNC_17516,1,+,GT,AG,0.36606428,0.17653994,0.04916295036673546,0.9830979704856873
NC_003070.9,24349631,24349963,JUNC_2723,1,+,GT,AG,0.9998474,0.99980885,0.021449699997901917,0.9868521094322205
NC_003070.9,24349870,24349963,JUNC_15923,1,+,GT,AG,0.76901996,0.810937,0.9970583915710449,0.9699225425720215
NC_003070.9,24354900,24355017,JUNC_10100,1,+,GT,AG,0.9992568,0.9986554,0.01090411376208067,0.23582808673381805
NC_003070.9,24367912,24368017,JUNC_16836,1,-,GT,AG,0.92465615,0.84959716,0.9925147891044617,0.4871482849121094
NC_003070.9,24368172,24368274,JUNC_16837,1,-,GT,AG,0.9819155,0.95511943,0.0323081873357296,0.5381246209144592
NC_003070.9,24368352,24368470,JUNC_16838,1,-,GT,AG,0.99728185,0.9996526,0.410249263048172,0.9495068192481995
NC_003070.9,24368562,24368695,JUNC_16839,1,-,GT,AG,0.9669043,0.93696207,0.9969559907913208,0.9863604307174683
NC_003070.9,24368754,24368858,JUNC_16840,1,-,GT,AG,0.9794576,0.95830244,0.991976797580719,0.16369517147541046
NC_003070.9,24368945,24369051,JUNC_16841,1,-,GT,AG,0.9999975,0.9999958,0.00020284157653804868,3.647881021606736e-05
NC_003070.9,24369148,24369249,JUNC_16842,1,-,GT,AG,0.9969406,0.9979855,0.12596538662910461,0.018233519047498703
NC_003070.9,24369455,24369633,JUNC_16843,1,-,GT,AG,0.99989426,0.9999727,0.04934748634696007,0.05905388668179512
NC_003070.9,24369693,24369813,JUNC_16844,1,-,GT,AG,0.99999297,0.9999913,0.1970360279083252,0.2973818778991699
NC_003070.9,24369889,24369982,JUNC_16845,1,-,GT,AG,0.9995096,0.9977437,0.9880228042602539,0.03210620954632759
NC_003070.9,24370083,24370171,JUNC_16846,1,-,GT,AG,0.9995384,0.9995241,0.9992266893386841,0.9975503087043762
NC_003070.9,24370348,24370486,JUNC_16847,1,-,GT,AG,0.9999783,0.99993634,0.9555751085281372,0.9977853298187256
NC_003070.9,24370584,24370679,JUNC_16848,1,-,GT,AG,0.99998844,0.9999893,0.9697712659835815,0.9642199873924255
NC_003070.9,24398960,24399712,JUNC_3164,1,+,GT,AG,0.9995487,0.99968636,0.004925503861159086,0.9676562547683716
NC_003070.9,24399829,24400095,JUNC_3165,1,+,GT,AG,0.9913521,0.9961745,0.38592904806137085,0.0007175697246566415
NC_003070.9,24413944,24414105,JUNC_15787,1,-,GT,AG,1.1234193e-07,2.46563e-07,0.8169941306114197,0.5841147303581238
NC_003070.9,24414329,24414447,JUNC_15788,1,-,GT,AG,1.0922382e-06,2.7866434e-07,0.4975455701351166,0.3946630358695984
NC_003070.9,24414653,24414926,JUNC_15789,1,-,GT,AG,5.225618e-12,2.5383279e-11,0.9358823299407959,0.09263055771589279
NC_003070.9,24418369,24418466,JUNC_8775,1,-,GT,AG,0.9963219,0.99676377,0.12081695348024368,0.5943848490715027
NC_003070.9,24418535,24418622,JUNC_8776,1,-,GT,AG,0.999964,0.99996364,0.8642275929450989,0.09079478681087494
NC_003070.9,24418726,24418869,JUNC_8777,1,-,GT,AG,1.0,1.0,0.0007529318099841475,4.219373749947408e-06
NC_003070.9,24419086,24419211,JUNC_8778,1,-,GT,AG,0.9999944,0.9999943,0.0008281025802716613,0.8794110417366028
NC_003070.9,24419511,24419605,JUNC_8779,1,-,GT,AG,0.9896309,0.9646972,0.391545832157135,0.00032191723585128784
NC_003070.9,24419741,24419849,JUNC_8780,1,-,GT,AG,0.9999927,0.9999845,0.024023625999689102,1.435431568097556e-05
NC_003070.9,24420263,24420419,JUNC_8781,1,-,GT,AG,0.9972531,0.9950972,0.03846282511949539,0.0017441165400668979
NC_003070.9,24420532,24420625,JUNC_8782,1,-,GT,AG,0.9999963,0.9999964,0.0005136703257448971,0.0034320519771426916
NC_003070.9,24420789,24421215,JUNC_8783,1,-,GT,AG,1.0,1.0,0.007977151311933994,0.046221837401390076
NC_003070.9,24431937,24432435,JUNC_2284,1,-,GT,AG,0.9999994,0.9999981,0.0016338697168976068,0.07710523903369904
NC_003070.9,24434553,24434644,JUNC_3456,1,-,GT,AG,0.9991923,0.99894005,0.008743229322135448,0.5657467246055603
NC_003070.9,24434697,24435529,JUNC_3457,1,-,GT,AG,0.99990034,0.99995625,0.08353707939386368,0.9145464897155762
NC_003070.9,24435604,24435697,JUNC_3458,1,-,GT,AG,0.99999106,0.99998915,5.994346565785236e-07,5.458831964233468e-08
NC_003070.9,24435738,24435833,JUNC_3459,1,-,GT,AG,0.9999498,0.9999076,6.597089736715134e-07,1.454405094136746e-07
NC_003070.9,24435894,24436172,JUNC_3460,1,-,GT,AG,0.99998176,0.99997425,0.8722140192985535,0.1124730110168457
NC_003070.9,24443017,24444268,JUNC_2088,1,+,GT,AG,0.999972,0.99995184,0.34883254766464233,0.9986019730567932
NC_003070.9,24444530,24444617,JUNC_2089,1,+,GT,AG,0.925138,0.9731396,0.9990556836128235,0.8858458995819092
NC_003070.9,24444942,24445021,JUNC_2090,1,+,GT,AG,0.992765,0.9920636,0.24665899574756622,0.6624485850334167
NC_003070.9,24474456,24474825,JUNC_8235,1,+,GT,AG,0.99510884,0.99628747,0.6388180255889893,0.9892885684967041
NC_003070.9,24474960,24475053,JUNC_8236,1,+,GT,AG,0.9635474,0.9716555,0.9960370659828186,0.964727520942688
NC_003070.9,24475244,24475320,JUNC_8237,1,+,GT,AG,0.99995995,0.9999069,0.00549238920211792,0.0002982049190904945
NC_003070.9,24475531,24475616,JUNC_17377,1,+,GT,AG,0.9680348,0.95592576,0.5452927350997925,0.07941031455993652
NC_003070.9,24475854,24475957,JUNC_8238,1,+,GT,AG,0.83537537,0.8568947,0.2881578505039215,0.6671690344810486
NC_003070.9,24476108,24476196,JUNC_8239,1,+,GT,AG,0.98676074,0.9918315,0.0010815460700541735,0.0060010068118572235
NC_003070.9,24485328,24485708,JUNC_4982,1,+,GT,AG,0.5000385,0.56812644,0.971493661403656,0.4155599772930145
NC_003070.9,24485784,24485871,JUNC_4983,1,+,GT,AG,0.9987972,0.99775857,0.48428547382354736,0.5657308101654053
NC_003070.9,24486044,24486302,JUNC_4984,1,+,GT,AG,0.4949797,0.75298446,0.006753840018063784,0.0002382345119258389
NC_003070.9,24486044,24486606,JUNC_7537,1,+,GT,AG,0.30143717,0.7872736,0.01801195926964283,0.001682683127000928
NC_003070.9,24486415,24486511,JUNC_4985,1,+,GT,AG,0.54211646,0.63330096,0.012689078226685524,0.21972420811653137
NC_003070.9,24486542,24486606,JUNC_4986,1,+,GT,AG,7.35599e-05,5.8553494e-05,0.7005077004432678,0.447444349527359
NC_003070.9,24490215,24490430,JUNC_14811,1,+,GT,AG,0.9997052,0.99991703,0.9040378332138062,0.3092542588710785
NC_003070.9,24490546,24490645,JUNC_14812,1,+,GT,AG,0.99999774,0.9999974,0.2874799072742462,0.7935740947723389
NC_003070.9,24490734,24490903,JUNC_14813,1,+,GT,AG,0.99999905,0.99999917,0.11091363430023193,0.11075635999441147
NC_003070.9,24491017,24491251,JUNC_14814,1,+,GT,AG,1.0,1.0,0.9981635212898254,0.9954702854156494
NC_003070.9,24491339,24491426,JUNC_14815,1,+,GT,AG,1.0,0.9999999,0.9862208366394043,0.9976316690444946
NC_003070.9,24491512,24491605,JUNC_14816,1,+,GT,AG,0.99985564,0.99982804,0.9826948046684265,0.9781438708305359
NC_003070.9,24491806,24491885,JUNC_14817,1,+,GT,AG,0.9998297,0.9996132,0.9950993657112122,0.6545122265815735
NC_003070.9,24492318,24492404,JUNC_14818,1,+,GT,AG,0.99903846,0.9971378,0.8110194206237793,0.9948318004608154
NC_003070.9,24495413,24495579,JUNC_7137,1,+,GT,AG,0.9988016,0.999244,0.998740017414093,0.9997604489326477
NC_003070.9,24496705,24496812,JUNC_7138,1,+,GT,AG,0.99982625,0.99989593,0.9975691437721252,0.9966722726821899
NC_003070.9,24497115,24497333,JUNC_7139,1,+,GT,AG,0.99986434,0.9998265,0.8048141002655029,0.026409659534692764
NC_003070.9,24499425,24499639,JUNC_8815,1,-,GT,AG,0.9999999,0.9999999,3.161016866215505e-05,0.00017211658996529877
NC_003070.9,24499813,24499897,JUNC_8816,1,-,GT,AG,0.9999994,0.9999994,0.03204360604286194,0.5215361714363098
NC_003070.9,24500033,24500145,JUNC_8817,1,-,GT,AG,0.9992828,0.99907523,0.4565665125846863,0.9912920594215393
NC_003070.9,24500228,24500356,JUNC_8818,1,-,GT,AG,0.9999956,0.99998915,0.9740388989448547,0.9068759679794312
NC_003070.9,24500512,24501617,JUNC_8819,1,-,GT,AG,0.9999958,0.999985,0.14985567331314087,0.29295065999031067
NC_003070.9,24501688,24502134,JUNC_8820,1,-,GT,AG,0.99999964,0.99999964,0.0010430302936583757,0.3040356934070587
NC_003070.9,24505418,24505500,JUNC_15328,1,-,GT,AG,0.9996736,0.9995091,0.9824533462524414,0.03215261921286583
NC_003070.9,24506353,24506833,JUNC_15329,1,-,GT,AG,0.9999982,0.9999974,0.07381182909011841,0.9906421303749084
NC_003070.9,24509323,24509426,JUNC_10408,1,-,GT,AG,0.8830073,0.8480378,0.4270817041397095,0.02792266570031643
NC_003070.9,24510280,24510539,JUNC_10409,1,-,GT,AG,0.999977,0.99997795,0.001141051878221333,0.1606798768043518
NC_003070.9,24513282,24513424,JUNC_17749,1,-,GT,AG,0.99977654,0.99943316,0.6210668683052063,0.7199669480323792
NC_003070.9,24514278,24514413,JUNC_17750,1,-,GT,AG,0.99999976,0.9999989,0.767476499080658,8.395250915782526e-06
NC_003070.9,24539136,24539491,JUNC_15714,1,+,GT,AG,0.9999628,0.99989045,0.03214678168296814,0.0007635029614903033
NC_003070.9,24539535,24539618,JUNC_15715,1,+,GT,AG,0.999979,0.99994624,0.5426320433616638,0.004967970307916403
NC_003070.9,24539728,24539826,JUNC_15716,1,+,GT,AG,1.0,1.0,0.17484888434410095,0.9280000329017639
NC_003070.9,24539864,24539947,JUNC_15717,1,+,GT,AG,1.0,1.0,0.9738556146621704,0.03379577398300171
NC_003070.9,24540025,24540106,JUNC_15718,1,+,GT,AG,1.0,0.9999999,0.9120321273803711,0.9887073040008545
NC_003070.9,24540160,24540238,JUNC_15719,1,+,GT,AG,0.9999856,0.9999732,0.9519073367118835,0.9447636008262634
NC_003070.9,24540340,24540471,JUNC_15720,1,+,GT,AG,0.99999654,0.9999776,0.0042941574938595295,0.632024347782135
NC_003070.9,24540557,24540647,JUNC_15721,1,+,GT,AG,0.9999999,0.9999989,0.4627154469490051,0.00031197245698422194
NC_003070.9,24540751,24540853,JUNC_15722,1,+,GT,AG,0.99999976,0.99999905,0.0012629871489480138,0.638807475566864
NC_003070.9,24540922,24541014,JUNC_15723,1,+,GT,AG,1.0,1.0,0.0006827759207226336,0.02452162653207779
NC_003070.9,24541130,24541222,JUNC_15724,1,+,GT,AG,0.46192712,0.51863956,0.16328532993793488,0.00619079265743494
NC_003070.9,24541257,24541362,JUNC_15725,1,+,GT,AG,0.99989605,0.9998975,0.2963887155056,0.0004758618015330285
NC_003070.9,24541505,24541581,JUNC_15726,1,+,GT,AG,0.96965134,0.98154366,0.8277406692504883,0.9165756106376648
NC_003070.9,24541704,24541779,JUNC_15727,1,+,GT,AG,0.97640765,0.9790644,0.9938365817070007,0.7829425930976868
NC_003070.9,24546975,24547057,JUNC_2349,1,-,GT,AG,0.99998,0.9999715,0.00031153790769167244,0.9914172291755676
NC_003070.9,24547129,24547211,JUNC_2350,1,-,GT,AG,0.9908144,0.9862664,0.9935467839241028,0.0005363575182855129
NC_003070.9,24547546,24547703,JUNC_2351,1,-,GT,AG,0.9578208,0.9606506,0.010714485310018063,0.2658851742744446
NC_003070.9,24547884,24547980,JUNC_2352,1,-,GT,AG,0.9628407,0.96417636,0.05198812857270241,2.151782246073708e-05
NC_003070.9,24548101,24548254,JUNC_2353,1,-,GT,AG,0.99999976,0.99999964,0.08786356449127197,0.008766344748437405
NC_003070.9,24548302,24548876,JUNC_2354,1,-,GT,AG,0.99348724,0.9895908,0.0006665373221039772,0.0014877112116664648
NC_003070.9,24548927,24549020,JUNC_2355,1,-,GT,AG,0.99868935,0.99923277,0.003564597340300679,0.002081032609567046
NC_003070.9,24549106,24549309,JUNC_2356,1,-,GT,AG,0.99927825,0.99939644,0.5852990746498108,0.16320903599262238
NC_003070.9,24549376,24549883,JUNC_2357,1,-,GT,AG,0.93088526,0.89792275,0.6610456109046936,0.36856135725975037
NC_003070.9,24549961,24550056,JUNC_2358,1,-,GT,AG,0.98748326,0.9894986,0.01552546489983797,0.5447567701339722
NC_003070.9,24550150,24550238,JUNC_2359,1,-,GT,AG,0.9700281,0.98049086,0.0014271995751187205,3.376800304977223e-05
NC_003070.9,24550309,24550385,JUNC_2360,1,-,GT,AG,0.9999739,0.9999279,0.0012314042542129755,0.003984997980296612
NC_003070.9,24550526,24550756,JUNC_2361,1,-,GT,AG,0.99999464,0.9999943,0.013381712138652802,0.00011638633441179991
NC_003070.9,24550840,24550924,JUNC_2362,1,-,GT,AG,0.9999999,0.9999999,6.010340314333007e-08,0.004504747688770294
NC_003070.9,24562861,24562943,JUNC_13943,1,-,GT,AG,0.26042646,0.15386674,0.001018861192278564,1.9834267732221633e-05
NC_003070.9,24563161,24564494,JUNC_13944,1,-,GT,AG,0.9999962,0.99999213,0.21162128448486328,0.09856066852807999
NC_003070.9,24564598,24565797,JUNC_13945,1,-,GT,AG,1.0,1.0,0.00022069676197133958,7.98667169874534e-05
NC_003070.9,24566383,24568291,JUNC_13946,1,-,GT,AG,0.9999999,0.9999994,0.7369181513786316,0.01582380011677742
NC_003070.9,24588536,24588627,JUNC_17089,1,+,GT,AG,5.362012e-05,2.717471e-05,0.12339639663696289,0.8948565125465393
NC_003070.9,24589956,24590495,JUNC_3674,1,+,GT,AG,0.9999999,0.99999964,0.37014225125312805,0.045321326702833176
NC_003070.9,24591031,24591126,JUNC_3675,1,+,GT,AG,0.9727833,0.9744568,0.687701404094696,0.48328444361686707
NC_003070.9,24591252,24591392,JUNC_3676,1,+,GT,AG,0.99570733,0.9950785,0.010197792202234268,2.1476425899891183e-05
NC_003070.9,24591492,24591582,JUNC_3677,1,+,GT,AG,0.9998279,0.99970865,3.097696753684431e-05,0.008125274442136288
NC_003070.9,24591647,24591732,JUNC_3678,1,+,GT,AG,0.99999976,0.99999964,0.6969308257102966,0.00837529543787241
NC_003070.9,24591835,24591922,JUNC_3679,1,+,GT,AG,0.9999999,0.99999976,0.0012585489312186837,0.00012802353012375534
NC_003070.9,24592052,24592132,JUNC_3680,1,+,GT,AG,0.994821,0.9968432,0.004408257082104683,0.17357692122459412
NC_003070.9,24592347,24592442,JUNC_3681,1,+,GT,AG,0.9999331,0.9999174,0.8245720267295837,0.005733830388635397
NC_003070.9,24596285,24596392,JUNC_8713,1,-,GT,AG,0.99999976,0.99999976,0.4059024453163147,0.9769526720046997
NC_003070.9,24596549,24596640,JUNC_8714,1,-,GT,AG,1.0,1.0,0.020759981125593185,0.2888500392436981
NC_003070.9,24596788,24596911,JUNC_8715,1,-,GT,AG,1.0,1.0,0.614388644695282,0.0013415360590443015
NC_003070.9,24597060,24597187,JUNC_8716,1,-,GT,AG,1.0,1.0,0.07843423634767532,0.041939329355955124
NC_003070.9,24597309,24597507,JUNC_8717,1,-,GT,AG,1.0,1.0,0.02848498895764351,0.9933022260665894
NC_003070.9,24597578,24598366,JUNC_8718,1,-,GT,AG,0.99766946,0.9968882,0.9600754976272583,0.7258021831512451
NC_003070.9,24633798,24633882,JUNC_14271,1,+,GT,AG,0.99999964,0.9999987,0.6154834032058716,0.8562031984329224
NC_003070.9,24655672,24655754,JUNC_4930,1,-,GT,AG,0.99989974,0.9998173,0.6656688451766968,0.3049114942550659
NC_003070.9,24655914,24656002,JUNC_4931,1,-,GT,AG,0.9999913,0.9999639,0.15148025751113892,0.0698186457157135
NC_003070.9,24656094,24656186,JUNC_4932,1,-,GT,AG,0.9994962,0.9990508,0.7676894068717957,0.3940263092517853
NC_003070.9,24656390,24656484,JUNC_4933,1,-,GT,AG,0.9999894,0.9999702,0.018910448998212814,0.9764827489852905
NC_003070.9,24656572,24656661,JUNC_4934,1,-,GT,AG,0.99999964,0.9999993,0.7963817715644836,0.07145795971155167
NC_003070.9,24656768,24656854,JUNC_4935,1,-,GT,AG,0.99999976,0.99999964,0.41502413153648376,0.3393714427947998
NC_003070.9,24656903,24657023,JUNC_4936,1,-,GT,AG,0.9999814,0.99996936,0.31040170788764954,0.0884535014629364
NC_003070.9,24657127,24657231,JUNC_4937,1,-,GT,AG,0.99983746,0.9996886,0.05649517849087715,0.7707475423812866
NC_003070.9,24657271,24657446,JUNC_4938,1,-,GT,AG,0.57484835,0.5783657,0.9469163417816162,0.910961389541626
NC_003070.9,24666300,24666385,JUNC_17451,1,-,GT,AG,0.9902518,0.9723933,0.8171144723892212,0.04511168971657753
NC_003070.9,24666563,24666640,JUNC_17452,1,-,GT,AG,0.99962336,0.9991339,0.22466985881328583,7.894841837696731e-05
NC_003070.9,24666755,24666845,JUNC_17453,1,-,GT,AG,0.9999577,0.9999255,0.1764954775571823,0.5943901538848877
NC_003070.9,24667141,24667228,JUNC_17454,1,-,GT,AG,0.9999603,0.9999722,5.653218977386132e-05,0.9217937588691711
NC_003070.9,24668046,24668154,JUNC_17455,1,-,GT,AG,0.9998041,0.99961597,0.8223833441734314,0.0028703329153358936
NC_003070.9,24668252,24668350,JUNC_17456,1,-,GT,AG,0.992812,0.99193877,0.9815520644187927,0.9579341411590576
NC_003070.9,24668442,24668533,JUNC_17457,1,-,GT,AG,0.9998401,0.9998654,0.04151857644319534,0.9767489433288574
NC_003070.9,24670643,24670733,JUNC_17026,1,+,GT,AG,0.999881,0.999895,0.7824041843414307,0.1935972422361374
NC_003070.9,24670825,24670914,JUNC_17027,1,+,GT,AG,0.99999416,0.9999964,0.7981902360916138,8.131575305014849e-05
NC_003070.9,24671012,24671087,JUNC_17028,1,+,GT,AG,0.99999666,0.9999969,0.0006704899715259671,0.02483048103749752
NC_003070.9,24671908,24671998,JUNC_17029,1,+,GT,AG,0.9999037,0.9999783,0.1515590399503708,0.0061169154942035675
NC_003070.9,24672291,24672380,JUNC_17030,1,+,GT,AG,0.9999944,0.9999951,0.01693800464272499,0.0015217651380226016
NC_003070.9,24672495,24672602,JUNC_17031,1,+,GT,AG,0.9922207,0.9984274,0.058784667402505875,0.10459528863430023
NC_003070.9,24672774,24673098,JUNC_17032,1,+,GT,AG,1.0,1.0,0.01027802936732769,0.14172931015491486
NC_003070.9,24677584,24677660,JUNC_17858,1,+,GT,AG,0.99675155,0.9914586,0.14327073097229004,0.8500449061393738
NC_003070.9,24683575,24683666,JUNC_9926,1,-,GT,AG,0.9999995,0.99999666,0.9775165319442749,0.9969634413719177
NC_003070.9,24689014,24689113,JUNC_14962,1,+,GT,AG,0.97685516,0.9847808,0.006899775005877018,0.19034172594547272
NC_003070.9,24700317,24700396,JUNC_7491,1,-,GT,AG,0.99998736,0.99996984,0.3069155216217041,0.9209097027778625
NC_003070.9,24700505,24700596,JUNC_7492,1,-,GT,AG,1.0,1.0,0.07449740171432495,0.04102447256445885
NC_003070.9,24700699,24700783,JUNC_7493,1,-,GT,AG,0.99999905,0.99999917,0.13847512006759644,0.0877646952867508
NC_003070.9,24700818,24700925,JUNC_7494,1,-,GT,AG,0.9999968,0.9999889,0.0014915972715243697,0.0005303638754412532
NC_003070.9,24701143,24701221,JUNC_7495,1,-,GT,AG,0.9999988,0.9999982,0.16891223192214966,0.002848669420927763
NC_003070.9,24701337,24701457,JUNC_7496,1,-,GT,AG,0.99999905,0.99999857,0.015214257873594761,0.0028340155258774757
NC_003070.9,24701710,24701799,JUNC_7497,1,-,GT,AG,0.99993634,0.9999416,0.0008900554967112839,0.19633810222148895
NC_003070.9,24701881,24701977,JUNC_14599,1,-,GT,AG,0.60995007,0.5198583,7.883681973908097e-06,4.091324080945924e-05
NC_003070.9,24702055,24702222,JUNC_7499,1,-,GT,AG,0.9999881,0.9999635,1.1480269677122124e-05,0.06873450428247452
NC_003070.9,24702298,24702385,JUNC_7500,1,-,GT,AG,1.0,1.0,0.11547328531742096,0.5598551034927368
NC_003070.9,24702441,24702558,JUNC_7501,1,-,GT,AG,1.0,1.0,0.6284597516059875,0.017517076805233955
NC_003070.9,24702628,24702830,JUNC_7502,1,-,GT,AG,1.0,1.0,0.07131136953830719,0.9477792978286743
NC_003070.9,24721165,24721245,JUNC_3673,1,+,AT,AC,1.2530364e-06,1.2974435e-06,0.0007219602121040225,0.0030124520417302847
NC_003070.9,24730047,24730130,JUNC_18226,1,-,GT,AG,0.9999356,0.9999553,0.01141511369496584,0.00015971329412423074
NC_003070.9,24730206,24730344,JUNC_18227,1,-,GT,AG,0.99999976,0.9999994,0.10870116204023361,0.02121427096426487
NC_003070.9,24730448,24730528,JUNC_18228,1,-,GT,AG,0.7569535,0.8142972,1.927158336911816e-06,0.00016195788339246064
NC_003070.9,24730597,24730673,JUNC_18229,1,-,GT,AG,0.8614272,0.80670536,0.0029130014590919018,3.1717921956442297e-05
NC_003070.9,24730782,24730867,JUNC_18230,1,-,GT,AG,0.99944824,0.9992129,0.009250123053789139,0.06311412900686264
NC_003070.9,24730917,24731006,JUNC_18231,1,-,GT,AG,0.9999999,0.99999964,0.04679010063409805,0.00639991695061326
NC_003070.9,24731075,24731186,JUNC_18232,1,-,GT,AG,0.99999964,0.9999995,0.423178493976593,0.5479791164398193
NC_003070.9,24731258,24731348,JUNC_18233,1,-,GT,AG,0.9998428,0.99960166,0.8806493878364563,0.7613382935523987
NC_003070.9,24731425,24731505,JUNC_18234,1,-,GT,AG,0.9999622,0.999946,0.24637705087661743,0.7860365509986877
NC_003070.9,24731579,24731666,JUNC_18235,1,-,GT,AG,0.99999917,0.9999957,0.37791669368743896,0.16731710731983185
NC_003070.9,24731813,24731905,JUNC_18236,1,-,GT,AG,0.999997,0.99999297,0.49025076627731323,0.19246913492679596
NC_003070.9,24732154,24732377,JUNC_18237,1,-,GT,AG,0.072465695,0.025362449,0.0006616524187847972,1.3266199857753236e-05
NC_003070.9,24734283,24734652,JUNC_5332,1,+,GT,AG,0.105646834,0.22360331,0.00517114857211709,0.0017012913012877107
NC_003070.9,24735603,24735678,JUNC_5333,1,+,GT,AG,0.9999913,0.9999945,0.5176141262054443,0.0005930844927206635
NC_003070.9,24736047,24736124,JUNC_5334,1,+,GT,AG,1.0,1.0,0.25198525190353394,0.9938902854919434
NC_003070.9,24736379,24736461,JUNC_5335,1,+,GT,AG,0.9999652,0.9999615,0.7549789547920227,0.58628910779953
NC_003070.9,24736589,24736679,JUNC_5336,1,+,GT,AG,0.9906793,0.987354,0.4888896942138672,0.6491380929946899
NC_003070.9,24736877,24737005,JUNC_5337,1,+,GT,AG,0.9999492,0.99994457,0.937838613986969,0.9666509032249451
NC_003070.9,24753754,24753895,JUNC_3408,1,+,GT,AG,0.9991854,0.9980799,0.42858946323394775,0.4323078393936157
NC_003070.9,24754025,24754114,JUNC_3409,1,+,GT,AG,0.9924797,0.9964067,0.994400680065155,0.9591814875602722
NC_003070.9,24764172,24764689,JUNC_17023,1,+,GT,AG,0.99791473,0.9988202,4.076740879099816e-06,0.0003075130807701498
NC_003070.9,24764819,24764901,JUNC_17024,1,+,GT,AG,0.99945027,0.9995254,0.991200864315033,0.9983433485031128
NC_003070.9,24789062,24789409,JUNC_15963,1,+,GT,AG,0.047144376,0.08012083,0.005949428770691156,0.0036431881599128246
NC_003070.9,24789555,24789902,JUNC_15964,1,+,GT,AG,0.99845564,0.99753135,0.7784897089004517,0.8672093749046326
NC_003070.9,24848650,24848736,JUNC_18161,1,+,GT,AG,0.9719107,0.9685392,0.9102129340171814,0.7188652157783508
NC_003070.9,24848859,24848977,JUNC_18162,1,+,GT,AG,0.97011584,0.9769834,0.12382982671260834,0.8594571948051453
NC_003070.9,24850294,24850717,JUNC_17445,1,-,GT,AG,0.010766445,0.003924037,0.9796761274337769,0.9306799173355103
NC_003070.9,24851032,24851243,JUNC_6550,1,-,GT,AG,0.99874824,0.999579,0.9844748973846436,0.9746907949447632
NC_003070.9,24924971,24925127,JUNC_3914,1,+,GT,AG,0.9994436,0.999554,0.007119308691471815,0.0009508928633295
NC_003070.9,24925297,24925386,JUNC_3915,1,+,GC,AG,0.9999465,0.99996686,0.05366160348057747,0.005351050291210413
NC_003070.9,24925566,24925664,JUNC_3916,1,+,GT,AG,0.99999917,0.99999714,0.9964505434036255,0.9926833510398865
NC_003070.9,24926014,24926096,JUNC_3917,1,+,GT,AG,0.99998605,0.9999871,0.9790565967559814,0.9958784580230713
NC_003070.9,24927933,24928007,JUNC_2876,1,-,GT,AG,0.9985486,0.9987544,0.5261123180389404,0.9392337203025818
NC_003070.9,24928638,24928749,JUNC_2877,1,-,GT,AG,2.7231408e-05,6.320299e-05,0.06095537915825844,5.8294601330999285e-05
NC_003070.9,24947002,24948885,JUNC_16303,1,+,GT,AG,8.6851664e-08,8.410142e-08,0.608494758605957,0.3700520098209381
NC_003070.9,24949495,24950291,JUNC_16304,1,+,GT,AG,0.024796737,0.22376512,0.9282232522964478,0.9089639186859131
NC_003070.9,24950846,24951434,JUNC_16305,1,+,GT,AG,0.9839537,0.9806862,0.16377493739128113,0.17764674127101898
NC_003070.9,24952058,24952951,JUNC_15214,1,+,GT,AG,0.9637346,0.95944047,0.002421524841338396,0.2160509079694748
NC_003070.9,24953677,24953891,JUNC_15215,1,+,GT,AG,0.99998426,0.99999166,0.00016696938837412745,0.003882631426677108
NC_003070.9,24953921,24954020,JUNC_7583,1,+,GT,AG,0.980358,0.9820884,0.00033920156420208514,0.0003007658524438739
NC_003070.9,24954350,24954431,JUNC_7584,1,+,GT,AG,0.99995506,0.9998828,0.014029409736394882,0.0003757282393053174
NC_003070.9,24954737,24954803,JUNC_7585,1,+,GT,AG,0.7739928,0.64160645,0.02226710133254528,0.004672756418585777
NC_003070.9,24966530,24966622,JUNC_8708,1,-,GT,AG,0.35374138,0.1059572,0.0162334106862545,0.7809534072875977
NC_003070.9,24966646,24966723,JUNC_8709,1,-,GT,AG,0.9985045,0.9974878,0.027813546359539032,0.15306593477725983
NC_003070.9,24970712,24970862,JUNC_16262,1,+,GT,AG,0.9999193,0.9999422,0.026770204305648804,0.004930020775645971
NC_003070.9,24971513,24971798,JUNC_16263,1,+,GT,AG,0.04860277,0.059556425,0.008376064710319042,0.0004445382801350206
NC_003070.9,24971825,24971912,JUNC_16264,1,+,GT,AG,0.9998389,0.99967456,4.986503699910827e-05,6.448214844567701e-05
NC_003070.9,24972185,24972278,JUNC_16265,1,+,GT,AG,0.99242336,0.98885185,2.7642901841318235e-05,0.00013457931345328689
NC_003070.9,24973352,24973464,JUNC_16337,1,-,GT,AG,0.99332154,0.98724407,0.009313110262155533,0.041017163544893265
NC_003070.9,24973491,24973578,JUNC_16338,1,-,GT,AG,0.4925663,0.29246256,0.0018136367434635758,0.024860844016075134
NC_003070.9,24973602,24973729,JUNC_16339,1,-,GT,AG,0.015357876,0.048214674,0.9959188103675842,0.9141852855682373
NC_003070.9,24973819,24973978,JUNC_16340,1,-,GT,AG,0.9999778,0.9999685,0.016478827223181725,0.0029081657994538546
NC_003070.9,24978633,24978770,JUNC_14863,1,+,GT,AG,0.99998045,0.99995947,0.06516518443822861,0.00016170289018191397
NC_003070.9,24978891,24979110,JUNC_14864,1,+,GT,AG,0.99986446,0.9999336,0.817857563495636,0.000357417477061972
NC_003070.9,24979199,24979315,JUNC_14865,1,+,GT,AG,0.9992312,0.99829465,0.0012658038176596165,0.28784701228141785
NC_003070.9,24979400,24979468,JUNC_14866,1,+,GT,AG,0.5387629,0.49312714,0.860438883304596,0.003079015528783202
NC_003070.9,24979759,24979841,JUNC_14867,1,+,GT,AG,1.0,1.0,0.49557316303253174,0.9803285598754883
NC_003070.9,24979932,24980028,JUNC_14868,1,+,GT,AG,0.99995136,0.9999486,0.03559260442852974,0.046654872596263885
NC_003070.9,24980929,24981024,JUNC_14869,1,+,GT,AG,0.99967706,0.99815214,0.5657243132591248,0.06531137973070145
NC_003070.9,24981185,24981303,JUNC_14870,1,+,GT,AG,0.9999827,0.99998975,0.16937121748924255,0.06450758874416351
NC_003070.9,24981407,24981487,JUNC_14871,1,+,GT,AG,0.9998889,0.99990547,0.0008307909592986107,0.025007614865899086
NC_003070.9,24981653,24981739,JUNC_14872,1,+,GT,AG,0.99950683,0.9996834,0.008737334981560707,0.05712798982858658
NC_003070.9,24981814,24981883,JUNC_14873,1,+,GT,AG,0.99806195,0.99507695,0.0002078833058476448,0.057866260409355164
NC_003070.9,24982002,24982093,JUNC_14874,1,+,GT,AG,1.0,1.0,5.0469654524931684e-05,0.832278311252594
NC_003070.9,24982426,24982526,JUNC_14875,1,+,GT,AG,0.9999137,0.99994385,0.025420302525162697,0.0027414013165980577
NC_003070.9,24982817,24982896,JUNC_14876,1,+,GT,AG,0.9997316,0.9996168,0.9843493103981018,0.005499979946762323
NC_003070.9,24982980,24983055,JUNC_14877,1,+,GT,AG,0.9964522,0.9943968,0.7677076458930969,0.9972508549690247
NC_003070.9,24983189,24983266,JUNC_14878,1,+,GT,AG,0.9973199,0.996236,0.013306970708072186,0.9546502232551575
NC_003070.9,24983494,24983569,JUNC_14879,1,+,GT,AG,0.0897534,0.16616866,0.001482268562540412,1.7834519894677214e-05
NC_003070.9,24983741,24983849,JUNC_14880,1,+,GT,AG,0.999997,0.99999654,0.44144076108932495,0.001139514148235321
NC_003070.9,24984104,24984191,JUNC_14881,1,+,GT,AG,0.9062093,0.94279414,0.8403664827346802,0.04893748089671135
NC_003070.9,24998590,24998686,JUNC_2739,1,-,GT,AG,0.99995816,0.9999579,0.16659733653068542,0.9502951502799988
NC_003070.9,24998713,24998794,JUNC_2740,1,-,GT,AG,0.7922792,0.873244,0.9970857501029968,0.0805731862783432
NC_003070.9,24999013,24999096,JUNC_2741,1,-,GT,AG,1.0,1.0,0.07222519814968109,0.03176524490118027
NC_003070.9,24999580,24999676,JUNC_2742,1,-,GT,AG,0.99999225,0.9999943,7.848684617783874e-05,0.9323658347129822
NC_003070.9,24999819,25000096,JUNC_2743,1,-,GT,AG,0.9999982,0.99999607,0.20313304662704468,0.21281714737415314
NC_003070.9,25000381,25000468,JUNC_2744,1,-,GT,AG,0.99897647,0.9976425,0.9942662119865417,0.014321957714855671
NC_003070.9,25000507,25000600,JUNC_2745,1,-,GT,AG,0.9999945,0.999997,0.27695298194885254,0.035308875143527985
NC_003070.9,25001218,25001324,JUNC_2746,1,-,GT,AG,0.99999964,0.9999994,0.008155963383615017,0.07579062879085541
NC_003070.9,25001624,25001819,JUNC_2747,1,-,GT,AG,0.99999905,0.99999964,0.14172202348709106,0.8544963598251343
NC_003070.9,25005400,25005493,JUNC_10291,1,-,GT,AG,0.87669545,0.9067438,0.4247834384441376,0.8772299885749817
NC_003070.9,25005520,25005780,JUNC_10292,1,-,GT,AG,0.9999993,0.99999905,0.5987380743026733,1.0992298484779894e-05
NC_003070.9,25005813,25005905,JUNC_10293,1,-,GT,AG,0.999918,0.99995804,0.20551438629627228,0.005524950567632914
NC_003070.9,25006601,25006865,JUNC_10294,1,-,GT,AG,0.9999726,0.9999683,0.41096436977386475,0.008466350845992565
NC_003070.9,25013981,25014407,JUNC_10314,1,-,GT,AG,1.8850753e-05,4.9147698e-06,0.5975179672241211,0.18296566605567932
NC_003070.9,25036824,25037052,JUNC_7597,1,+,GT,AG,0.9999721,0.9999776,0.008187093771994114,4.906611138721928e-05
NC_003070.9,25037198,25038083,JUNC_10295,1,+,GT,AG,0.0006523518,0.00034873156,2.1483466394744966e-10,1.7363799287295478e-10
NC_003070.9,25038168,25038271,JUNC_7599,1,+,GT,AG,0.0136405025,0.0025964687,0.015134254470467567,6.220173963811249e-05
NC_003070.9,25038393,25038482,JUNC_7600,1,+,GT,AG,0.999668,0.9992946,0.0009308486478403211,1.059107125911396e-05
NC_003070.9,25038507,25038585,JUNC_7601,1,+,GT,AG,0.09625371,0.16006263,4.049932158523006e-06,4.2525587673480914e-07
NC_003070.9,25038669,25038758,JUNC_7602,1,+,GT,AG,0.4886691,0.5120288,0.9543448090553284,0.5214717388153076
NC_003070.9,25038788,25038873,JUNC_7603,1,+,GT,AG,0.04081326,0.07305819,0.5329961180686951,0.9199066758155823
NC_003070.9,25038976,25039059,JUNC_7604,1,+,GT,AG,0.5434471,0.4894964,0.011326991021633148,0.41630056500434875
NC_003070.9,25042683,25043213,JUNC_654,1,+,GT,AG,0.99990165,0.9997127,0.011148037388920784,0.002019732492044568
NC_003070.9,25043381,25043486,JUNC_655,1,+,GT,AG,0.9997888,0.99946064,0.9611477255821228,0.027279995381832123
NC_003070.9,25053990,25054147,JUNC_9416,1,+,GT,AG,0.99507153,0.99863523,0.6516233086585999,0.9924512505531311
NC_003070.9,25122437,25122570,JUNC_17249,1,+,GT,AG,0.09821412,0.27609822,0.932056188583374,0.9443351030349731
NC_003070.9,25122724,25123440,JUNC_809,1,+,GT,AG,0.9999937,0.9999865,0.8982692956924438,5.340508505469188e-05
NC_003070.9,25124252,25124329,JUNC_811,1,+,GT,AG,0.99996984,0.99980503,0.8581515550613403,0.0022693669889122248
NC_003070.9,25129976,25130096,JUNC_13476,1,+,GT,AG,0.94917184,0.9848704,0.18392755091190338,0.9388782978057861
NC_003070.9,25130221,25130314,JUNC_14610,1,+,GT,AG,0.7240456,0.6052806,0.06169662997126579,0.0010326608316972852
NC_003070.9,25130448,25130522,JUNC_13477,1,+,GT,AG,0.99999774,0.99999654,0.007296254858374596,0.00877325888723135
NC_003070.9,25130685,25131059,JUNC_13478,1,+,GT,AG,1.0,1.0,0.17398348450660706,0.367683470249176
NC_003070.9,25131635,25131719,JUNC_13479,1,+,GT,AG,0.99901426,0.99884564,0.003888978622853756,0.09840217232704163
NC_003070.9,25131908,25131992,JUNC_14611,1,+,GT,AG,0.97772604,0.967358,0.3080398440361023,0.02941388264298439
NC_003070.9,25140932,25141270,JUNC_13286,1,+,GT,AG,0.1665503,0.3139989,0.034385066479444504,0.3506886065006256
NC_003070.9,25141369,25141669,JUNC_13287,1,+,GT,AG,0.99983233,0.9996959,0.9466425776481628,0.9940582513809204
NC_003070.9,25141828,25141983,JUNC_13288,1,+,GT,AG,0.9985271,0.99905485,0.7601373791694641,0.0233945082873106
NC_003070.9,25142065,25142197,JUNC_13289,1,+,GT,AG,0.6539813,0.42416987,0.030717486515641212,0.26328930258750916
NC_003070.9,25142273,25142483,JUNC_13290,1,+,GT,AG,0.99843156,0.99683386,0.37704184651374817,0.1941988170146942
NC_003070.9,25142564,25142655,JUNC_13291,1,+,GT,AG,0.99929833,0.99937826,0.5316168069839478,0.06319718062877655
NC_003070.9,25142786,25142942,JUNC_13292,1,+,GT,AG,0.9996462,0.99929327,0.8745797872543335,0.005994568578898907
NC_003070.9,25143195,25143280,JUNC_13293,1,+,GT,AG,0.99995077,0.9998958,0.004725153092294931,0.37690117955207825
NC_003070.9,25143344,25143439,JUNC_15798,1,+,GT,AG,0.99999976,0.99999857,0.6072760820388794,0.011809608899056911
NC_003070.9,25151755,25151855,JUNC_17425,1,-,GT,AG,0.99999976,0.99999964,0.07161150127649307,0.8919215798377991
NC_003070.9,25152003,25152118,JUNC_17426,1,-,GT,AG,0.99999976,0.9999993,0.01180959865450859,8.926150621846318e-05
NC_003070.9,25154169,25154475,JUNC_17427,1,-,GC,AG,1.0,0.99999964,0.6562874913215637,0.9852098822593689
NC_003070.9,25154559,25154644,JUNC_17428,1,-,GT,AG,0.99999976,0.99999964,0.34396782517433167,0.8631043434143066
NC_003070.9,25154915,25155035,JUNC_17429,1,-,GT,AG,0.9999994,0.9999914,0.03986484929919243,0.08985301852226257
NC_003070.9,25155289,25155408,JUNC_17430,1,-,GT,AG,1.0,1.0,0.006668651942163706,0.18737486004829407
NC_003070.9,25155618,25155846,JUNC_17431,1,-,GT,AG,1.0,1.0,0.8209351301193237,0.03531002253293991
NC_003070.9,25194014,25194098,JUNC_7208,1,-,GT,AG,0.073603645,0.051745363,0.1637473851442337,0.8765227198600769
NC_003070.9,25194014,25194111,JUNC_10407,1,-,GT,AG,0.0017566491,0.0016662299,0.9882977604866028,0.8851708769798279
NC_003070.9,25194213,25194291,JUNC_3735,1,-,GT,AG,0.99896526,0.9983163,0.9936089515686035,0.49846675992012024
NC_003070.9,25194376,25194466,JUNC_10957,1,-,GT,AG,5.732572e-05,0.00017765755,0.5120908617973328,0.9932786822319031
NC_003070.9,25194380,25194473,JUNC_3736,1,-,GT,AG,0.99987674,0.999811,0.9561554193496704,0.0007749585201963782
NC_003070.9,25194547,25194634,JUNC_3737,1,-,GT,AG,0.999907,0.9998505,0.9950922727584839,0.3056112229824066
NC_003070.9,25194778,25194892,JUNC_3738,1,-,GT,AG,0.99981946,0.9995297,0.0009541897452436388,0.023322639986872673
NC_003070.9,25195052,25195190,JUNC_3739,1,-,GT,AG,0.9998178,0.999894,0.00013259975821711123,0.0022253028582781553
NC_003070.9,25195284,25195404,JUNC_3740,1,-,GT,AG,0.99474573,0.9877938,0.0193304643034935,0.044579096138477325
NC_003070.9,25195517,25195606,JUNC_3741,1,-,GT,AG,0.9998648,0.9998432,0.0007066106190904975,0.004708427935838699
NC_003070.9,25195706,25196091,JUNC_3742,1,-,GT,AG,0.99995863,0.99991643,0.00452361861243844,0.6699753403663635
NC_003070.9,25196224,25196317,JUNC_3743,1,-,GT,AG,0.81250864,0.8319955,7.886027742642909e-05,0.0202670656144619
NC_003070.9,25196385,25196464,JUNC_3744,1,-,GT,AG,0.999629,0.99954164,0.47488129138946533,0.002298613777384162
NC_003070.9,25196582,25196660,JUNC_3745,1,-,GT,AG,0.9999136,0.99984956,0.12303928285837173,0.8436134457588196
NC_003070.9,25196797,25196934,JUNC_3746,1,-,GT,AG,0.6495043,0.665676,0.752373993396759,0.0011898530647158623
NC_003070.9,25205648,25205737,JUNC_3364,1,-,GT,AG,0.9999515,0.9998816,0.8754734396934509,0.6218706965446472
NC_003070.9,25205831,25206231,JUNC_3365,1,-,GT,AG,0.97830933,0.98852766,0.0009476810810156167,0.9975374937057495
NC_003070.9,25206317,25206433,JUNC_3366,1,-,GT,AG,1.0,1.0,0.996900200843811,0.9960309863090515
NC_003070.9,25206508,25206643,JUNC_3367,1,-,GT,AG,0.99999833,0.99998415,0.9807001352310181,0.9969388246536255
NC_003070.9,25206688,25206898,JUNC_3368,1,-,GT,AG,0.0001207256,7.7446304e-05,0.1299479454755783,0.9241356253623962
NC_003070.9,25206958,25207049,JUNC_3369,1,-,GT,AG,0.9043672,0.796235,0.989343523979187,0.5573774576187134
NC_003070.9,25207139,25207215,JUNC_3370,1,-,GT,AG,0.94801956,0.9587915,0.9929875731468201,0.9965938925743103
NC_003070.9,25207263,25207341,JUNC_3371,1,-,GT,AG,0.99838173,0.9984886,0.9941896200180054,0.9770998954772949
NC_003070.9,25207390,25207472,JUNC_3372,1,-,GT,AG,0.9996111,0.9994235,0.0012835499364882708,0.9513236284255981
NC_003070.9,25207537,25207636,JUNC_3373,1,-,GT,AG,0.98957485,0.97951734,0.93092280626297,0.778451144695282
NC_003070.9,25207720,25207809,JUNC_3374,1,-,GT,AG,0.99989104,0.9999161,0.799832284450531,0.9989367127418518
NC_003070.9,25207829,25208046,JUNC_3375,1,-,GT,AG,0.99592435,0.9952952,0.25182950496673584,0.7730804681777954
NC_003070.9,25208104,25208181,JUNC_3376,1,-,GT,AG,0.5704053,0.34586486,0.09702472388744354,0.11716385185718536
NC_003070.9,25208241,25208317,JUNC_3377,1,-,GT,AG,0.99999774,0.9999951,0.051690105348825455,0.01093656662851572
NC_003070.9,25208399,25208493,JUNC_3378,1,-,GT,AG,0.99999475,0.9999976,0.9681554436683655,0.051718421280384064
NC_003070.9,25208597,25208676,JUNC_3379,1,-,GT,AG,0.99994946,0.9999294,0.9920200705528259,0.9842719435691833
NC_003070.9,25208738,25208827,JUNC_3380,1,-,GT,AG,1.0,1.0,0.05020936205983162,0.1758147031068802
NC_003070.9,25245019,25245768,JUNC_2676,1,+,GT,AG,0.99986184,0.9997297,0.9256353378295898,0.8038520812988281
NC_003070.9,25246386,25246468,JUNC_2677,1,+,GT,AG,1.0,0.9999999,0.363890141248703,0.9974838495254517
NC_003070.9,25246642,25246821,JUNC_2678,1,+,GT,AG,0.99999845,0.9999964,0.023173335939645767,0.34832099080085754
NC_003070.9,25255626,25255704,JUNC_910,1,+,GT,AG,0.9992175,0.9995702,0.0011572707444429398,0.0012910562800243497
NC_003070.9,25255790,25255908,JUNC_911,1,+,GT,AG,0.47817305,0.62376404,0.048154715448617935,0.00010439929610583931
NC_003070.9,25256010,25256220,JUNC_912,1,+,GT,AG,0.99999976,0.9999999,0.06540222465991974,8.589165076955396e-07
NC_003070.9,25256327,25256402,JUNC_913,1,+,GT,AG,0.99875784,0.9983601,0.8638875484466553,0.00011620856093941256
NC_003070.9,25256503,25256670,JUNC_914,1,+,GT,AG,0.9999999,0.9999999,0.9863470196723938,0.8048431277275085
NC_003070.9,25256758,25257117,JUNC_915,1,+,GT,AG,0.99777836,0.9986091,0.002228746423497796,0.23530490696430206
NC_003070.9,25257206,25257366,JUNC_916,1,+,GT,AG,0.62855417,0.20275441,0.023954296484589577,0.0897645652294159
NC_003070.9,25257506,25257602,JUNC_917,1,+,GT,AG,0.9994841,0.9987161,0.4066610038280487,0.004972558934241533
NC_003070.9,25257768,25257850,JUNC_918,1,+,GT,AG,0.99845815,0.99542856,0.06143911927938461,0.12423984706401825
NC_003070.9,25257986,25258096,JUNC_919,1,+,GT,AG,0.00045205536,0.0001740718,0.9968641400337219,0.9486881494522095
NC_003070.9,25258190,25258276,JUNC_920,1,+,GT,AG,8.292614e-05,4.4242057e-05,0.17819060385227203,0.7484101057052612
NC_003070.9,25258403,25258487,JUNC_10992,1,+,GT,AG,2.3606717e-06,1.2880073e-06,0.019086375832557678,0.8054481744766235
NC_003070.9,25258406,25258487,JUNC_921,1,+,GT,AG,0.007564993,0.007856365,0.9094921350479126,0.0011550688650459051
NC_003070.9,25258547,25258635,JUNC_922,1,+,GT,AG,0.9905335,0.9908125,0.37508827447891235,0.05466502532362938
NC_003070.9,25258754,25258884,JUNC_923,1,+,GT,AG,0.71352553,0.83262134,0.04680183157324791,0.9763435125350952
NC_003070.9,25259009,25259163,JUNC_924,1,+,GT,AG,0.22430582,0.25287765,0.9921959638595581,0.0030951034277677536
NC_003070.9,25259388,25259482,JUNC_925,1,+,GT,AG,0.6056795,0.81895345,0.9714885950088501,0.996682345867157
NC_003070.9,25259643,25259735,JUNC_926,1,+,GT,AG,0.9997236,0.99871874,0.010096058249473572,0.965111494064331
NC_003070.9,25259899,25259962,JUNC_5293,1,+,GT,AG,0.7126719,0.7719268,0.0012240021023899317,0.003984773997217417
NC_003070.9,25260045,25260128,JUNC_927,1,+,GT,AG,0.9697706,0.98655766,1.4337079846882261e-05,0.0007718398701399565
NC_003070.9,25262211,25262320,JUNC_5297,1,+,GT,AG,0.99811304,0.99927133,0.9737682938575745,1.0431253031129017e-05
NC_003070.9,25262357,25262441,JUNC_5298,1,+,GT,AG,0.99998236,0.9999883,0.8752231001853943,0.5840451121330261
NC_003070.9,25262482,25262914,JUNC_5299,1,+,GT,AG,0.9332064,0.94341475,0.8050047159194946,0.9259388446807861
NC_003070.9,25263145,25263237,JUNC_5300,1,+,GT,AG,0.99999905,0.9999989,0.9557058811187744,0.9830809235572815
NC_003070.9,25263340,25263424,JUNC_5301,1,+,GT,AG,1.0,1.0,0.012009499594569206,0.004235804546624422
NC_003070.9,25263492,25263582,JUNC_5302,1,+,GT,AG,0.9999356,0.9998192,0.9843152165412903,0.3759656250476837
NC_003070.9,25268309,25268456,JUNC_9994,1,+,GT,AG,1.0474875e-05,1.5040766e-05,0.6912145018577576,0.9509443044662476
NC_003070.9,25268594,25268866,JUNC_9995,1,+,GT,AG,0.023321562,0.01984748,0.7837655544281006,0.9622948169708252
NC_003070.9,25268947,25269026,JUNC_9996,1,+,GT,AG,7.8191283e-07,1.1291408e-05,0.9951682090759277,0.003273392328992486
NC_003070.9,25269213,25269395,JUNC_9997,1,+,GT,AG,0.94186634,0.88091785,0.07902487367391586,0.0002735971938818693
NC_003070.9,25276614,25276832,JUNC_8420,1,+,GT,AG,0.10146599,0.2870194,0.7114470601081848,0.9867857098579407
NC_003070.9,25276904,25276998,JUNC_8421,1,+,GT,AG,0.92034686,0.9030274,0.0028735788073390722,0.5616632699966431
NC_003070.9,25278115,25278220,JUNC_8422,1,+,GT,AG,0.9992104,0.99794644,0.8437697887420654,0.6570188403129578
NC_003070.9,25280777,25280851,JUNC_17213,1,-,GT,AG,0.5804461,0.72167087,0.09349577128887177,0.7028523683547974
NC_003070.9,25280915,25281024,JUNC_17214,1,-,GT,AG,0.0007198069,0.00037190717,0.4257638156414032,0.170582577586174
NC_003070.9,25281134,25281210,JUNC_17215,1,-,GT,AG,0.000105781626,0.00035718124,0.047799523919820786,0.3246232867240906
NC_003070.9,25281302,25281407,JUNC_17216,1,-,GT,AG,0.95793366,0.8892201,0.5167548060417175,0.9862534403800964
NC_003070.9,25281557,25281676,JUNC_17217,1,-,GT,AG,0.99970126,0.9998285,0.9781578183174133,0.9737985134124756
NC_003070.9,25281733,25281837,JUNC_17218,1,-,GT,AG,0.1754715,0.25740582,0.9019474983215332,0.16457243263721466
NC_003070.9,25281891,25281978,JUNC_17219,1,-,GT,AG,0.48435298,0.45195055,0.2099166214466095,0.00021188028040342033
NC_003070.9,25282128,25282434,JUNC_17220,1,-,GT,AG,0.9999826,0.99999344,1.4672606994281523e-05,0.6234327554702759
NC_003070.9,25282502,25282752,JUNC_17221,1,-,GT,AG,0.99999976,0.9999999,0.9185388088226318,0.024313434958457947
NC_003070.9,25282878,25283229,JUNC_17222,1,-,GT,AG,0.99945885,0.9992556,0.03601754829287529,0.02270217426121235
NC_003070.9,25283303,25283379,JUNC_17223,1,-,GT,AG,0.9999329,0.99980134,0.02101997099816799,0.013709732331335545
NC_003070.9,25283487,25283636,JUNC_17224,1,-,GT,AG,0.98225087,0.9873024,0.1331392526626587,0.008671357296407223
NC_003070.9,25283758,25283877,JUNC_17225,1,-,GC,AG,0.10774699,0.1454201,0.0023254987318068743,0.001766685745678842
NC_003070.9,25283985,25284348,JUNC_17226,1,-,GT,AG,0.13725385,0.18223046,0.821195662021637,0.1582975685596466
NC_003070.9,25284431,25284843,JUNC_17227,1,-,GT,AG,0.9999968,0.9999937,0.0012813409557566047,0.09243150055408478
NC_003070.9,25284940,25285058,JUNC_17228,1,-,GT,AG,0.99864024,0.9987902,0.7047037482261658,0.007364774588495493
NC_003070.9,25285127,25285228,JUNC_17229,1,-,GT,AG,0.9997602,0.999723,0.6367090940475464,0.09208814054727554
NC_003070.9,25285315,25285476,JUNC_17230,1,-,GT,AG,0.9999521,0.9999838,0.5772719383239746,0.7952666878700256
NC_003070.9,25285645,25285788,JUNC_17231,1,-,GT,AG,0.9999896,0.999941,0.08995635062456131,0.06700292974710464
NC_003070.9,25286040,25286120,JUNC_17232,1,-,GT,AG,0.7922307,0.76315606,0.9808489680290222,0.66522616147995
NC_003070.9,25286194,25286281,JUNC_17233,1,-,GT,AG,0.9702572,0.96347415,0.9966344237327576,0.8247019648551941
NC_003070.9,25287578,25287670,JUNC_13834,1,-,GT,AG,0.00028808572,0.00011998713,0.8248146176338196,0.9241608381271362
NC_003070.9,25287880,25288274,JUNC_13835,1,-,GT,AG,0.9952408,0.99598575,0.9877094030380249,0.7570833563804626
NC_003070.9,25288892,25288977,JUNC_17200,1,-,GT,AG,0.9999192,0.9999267,0.004994007293134928,1.1419532711443026e-05
NC_003070.9,25289281,25289490,JUNC_13836,1,-,GT,AG,0.9999862,0.9999925,0.019636956974864006,0.0007795395795255899
NC_003070.9,25289696,25289779,JUNC_13837,1,-,GT,AG,0.99999094,0.9999881,0.5247602462768555,0.9897502064704895
NC_003070.9,25289887,25290052,JUNC_13838,1,-,GT,AG,1.0,1.0,0.169546976685524,8.804864773992449e-05
NC_003070.9,25290325,25290506,JUNC_13839,1,-,GT,AG,0.99535453,0.98858345,0.002144756494089961,0.09214363247156143
NC_003070.9,25290653,25290729,JUNC_13840,1,-,GT,AG,0.9992592,0.99383134,0.00010373583063483238,0.004925212822854519
NC_003070.9,25291312,25291396,JUNC_13841,1,-,GT,AG,0.99999917,0.99999917,0.0029342176858335733,0.008258970454335213
NC_003070.9,25291539,25291844,JUNC_13842,1,-,GT,AG,0.99973947,0.9998851,0.000652843969874084,0.01129617728292942
NC_003070.9,25292197,25292395,JUNC_13843,1,-,GT,AG,0.9999945,0.9999974,0.03759545460343361,0.0018513615941628814
NC_003070.9,25292587,25292788,JUNC_13844,1,-,GT,AG,0.9854893,0.9947521,0.0005490262992680073,0.09110764414072037
NC_003070.9,25294409,25294487,JUNC_13845,1,-,GT,AG,0.999967,0.99997914,0.012357945553958416,0.07648532092571259
NC_003070.9,25294579,25294657,JUNC_13846,1,-,GT,AG,0.9568353,0.97886527,0.012203392572700977,0.12028694152832031
NC_003070.9,25294841,25294928,JUNC_13847,1,-,GT,AG,0.9998347,0.9992798,0.0010589451994746923,0.20004770159721375
NC_003070.9,25295072,25295488,JUNC_13848,1,-,GT,AG,0.9999839,0.9999906,0.36419346928596497,0.2677667737007141
NC_003070.9,25295557,25295666,JUNC_13849,1,-,GT,AG,0.72481257,0.65116847,0.7604332566261292,1.840393633756321e-05
NC_003070.9,25295709,25295787,JUNC_13850,1,-,GT,AG,0.9961861,0.9948738,0.007683145347982645,0.032842300832271576
NC_003070.9,25295712,25295787,JUNC_17201,1,-,GT,AG,0.9485976,0.95669806,0.0154781648889184,0.05235062167048454
NC_003070.9,25295900,25296069,JUNC_13851,1,-,GT,AG,0.999987,0.99998915,0.005209238268435001,0.024575572460889816
NC_003070.9,25296119,25296214,JUNC_13852,1,-,GT,AG,0.99995124,0.9998426,0.738681435585022,0.9286576509475708
NC_003070.9,25296272,25296359,JUNC_13853,1,-,GT,AG,0.9994691,0.99954915,0.08707059919834137,0.21253499388694763
NC_003070.9,25296442,25296602,JUNC_13854,1,-,GT,AG,0.99986815,0.99993587,0.45994868874549866,0.8957822918891907
NC_003070.9,25296778,25296869,JUNC_13855,1,-,GT,AG,0.9999888,0.9999852,0.8415749669075012,0.18491505086421967
NC_003070.9,25298147,25298695,JUNC_17465,1,-,GT,AG,0.9962927,0.99330777,0.5631644129753113,0.004686254542320967
NC_003070.9,25307807,25308199,JUNC_14788,1,+,GT,AG,0.24714272,0.3491971,0.6369348764419556,0.9921132326126099
NC_003070.9,25308279,25308503,JUNC_14789,1,+,GT,AG,0.978215,0.98938006,0.061583250761032104,0.8882337808609009
NC_003070.9,25308689,25308779,JUNC_14790,1,+,GT,AG,0.9999558,0.9999094,0.4245177209377289,0.9833428859710693
NC_003070.9,25308887,25309004,JUNC_14791,1,+,GT,AG,1.0,1.0,0.043024107813835144,0.0494585782289505
NC_003070.9,25310167,25310240,JUNC_14792,1,+,GT,AG,0.9999862,0.9999509,0.06491824239492416,0.06248925253748894
NC_003070.9,25336772,25336864,JUNC_17510,1,-,GT,AG,0.9997091,0.9996896,0.9716891646385193,0.836883008480072
NC_003070.9,25337008,25337104,JUNC_17511,1,-,GT,AG,0.9999981,0.9999974,0.07698078453540802,0.9472661018371582
NC_003070.9,25337261,25337336,JUNC_17512,1,-,GT,AG,0.9962161,0.9896946,0.9886886477470398,0.8780437707901001
NC_003070.9,25340878,25341044,JUNC_16744,1,+,GT,AG,0.9940248,0.98801255,0.9820739030838013,0.975002646446228
NC_003070.9,25341129,25341209,JUNC_16745,1,+,GT,AG,0.9996854,0.9990607,0.003026774851605296,0.0007060044445097446
NC_003070.9,25341310,25341695,JUNC_16746,1,+,GT,AG,0.99999654,0.9999896,0.200212299823761,0.0007606917060911655
NC_003070.9,25344722,25344810,JUNC_16281,1,-,GT,AG,0.9755382,0.9777493,0.16069354116916656,0.22357328236103058
NC_003070.9,25344937,25345012,JUNC_16282,1,-,GT,AG,0.0015117071,0.0053000147,0.37047186493873596,0.03382450342178345
NC_003070.9,25345140,25345227,JUNC_16283,1,-,GT,AG,0.07122286,0.14912133,0.9814339876174927,0.4829486906528473
NC_003070.9,25345269,25345379,JUNC_16284,1,-,GT,AG,0.96504974,0.9736464,0.7118136882781982,0.5626194477081299
NC_003070.9,25345418,25345512,JUNC_16285,1,-,GT,AG,0.23211314,0.13868377,0.9146137833595276,0.9917739033699036
NC_003070.9,25345605,25345690,JUNC_16286,1,-,GT,AG,0.99671185,0.99287933,0.12425265461206436,0.013569111004471779
NC_003070.9,25345786,25345879,JUNC_16287,1,-,GT,AG,0.99991655,0.9999466,0.908621072769165,0.005974199622869492
NC_003070.9,25345984,25346428,JUNC_16288,1,-,GT,AG,1.0,0.9999999,0.23853343725204468,0.20211343467235565
NC_003070.9,25346608,25346699,JUNC_16289,1,-,GT,AG,0.9999995,0.9999993,0.6233108639717102,0.9651203751564026
NC_003070.9,25346775,25347010,JUNC_16290,1,-,GT,AG,0.39935628,0.6418732,0.766385018825531,0.8251243233680725
NC_003070.9,25347090,25347178,JUNC_16291,1,-,GT,AG,0.999749,0.998114,0.009159835055470467,0.01346990279853344
NC_003070.9,25347632,25347725,JUNC_16292,1,-,GT,AG,0.99999964,0.99999905,0.0007328513893298805,0.004131933208554983
NC_003070.9,25347860,25348043,JUNC_16293,1,-,GT,AG,1.0,1.0,0.002274296246469021,0.21735325455665588
NC_003070.9,25348119,25348205,JUNC_16294,1,-,GT,AG,0.999065,0.99922526,0.0024216794408857822,8.32509613246657e-05
NC_003070.9,25352226,25352327,JUNC_15980,1,-,GT,AG,0.93752426,0.8995372,0.0031161007937043905,0.0012366707669571042
NC_003070.9,25352396,25352489,JUNC_15981,1,-,GT,AG,0.9999454,0.9998097,0.0009571095579303801,0.002121252240613103
NC_003070.9,25352581,25352657,JUNC_15982,1,-,GT,AG,0.9999554,0.9999373,0.002989840926602483,0.00045869246241636574
NC_003070.9,25353157,25353248,JUNC_15983,1,-,GT,AG,0.9996617,0.99808276,0.9913813471794128,0.0034487342927604914
NC_003070.9,25353632,25353726,JUNC_15984,1,-,GT,AG,0.97628355,0.98912305,0.9971519708633423,0.9749362468719482
NC_003070.9,25374567,25374958,JUNC_5177,1,+,GT,AG,0.99999976,0.9999994,0.9996724128723145,0.9956860542297363
NC_003070.9,25375096,25375194,JUNC_5178,1,+,GT,AG,0.9999995,0.9999995,0.9324219822883606,0.9979118704795837
NC_003070.9,25375281,25375405,JUNC_5179,1,+,GT,AG,0.99998856,0.9999864,0.5355600118637085,0.9695730209350586
NC_003070.9,25375453,25375569,JUNC_5180,1,+,GT,AG,0.9999292,0.99985766,0.9977864027023315,0.92952960729599
NC_003070.9,25375726,25375803,JUNC_5181,1,+,GT,AG,0.9687682,0.8679798,0.9904116988182068,0.9970487952232361
NC_003070.9,25377830,25377917,JUNC_14288,1,-,GT,AG,0.99999225,0.9999776,0.9843063354492188,0.3394696116447449
NC_003070.9,25377994,25378098,JUNC_14289,1,-,GT,AG,0.9999987,0.9999982,0.0009252421441487968,0.003955518826842308
NC_003070.9,25378488,25378562,JUNC_14290,1,-,GT,AG,0.9999833,0.9999831,0.9988647699356079,0.2001296877861023
NC_003070.9,25378715,25378796,JUNC_14291,1,-,GT,AG,0.9999589,0.9999027,0.9987388253211975,0.9986261129379272
NC_003070.9,25392307,25392402,JUNC_16055,1,+,GT,AG,1.0,1.0,0.6262691617012024,0.9936051964759827
NC_003070.9,25392472,25393110,JUNC_16056,1,+,GT,AG,0.99999976,0.9999994,0.9981507658958435,0.7581446170806885
NC_003070.9,25418585,25418763,JUNC_15656,1,-,GT,AG,0.7023248,0.68277574,0.017755063250660896,0.9037182927131653
NC_003070.9,25418885,25418985,JUNC_15657,1,-,GT,AG,0.9687821,0.9438967,0.9637711048126221,0.007658377755433321
NC_003070.9,25419127,25419254,JUNC_15658,1,-,GT,AG,0.99911994,0.99881375,0.9765968918800354,0.07789693027734756
NC_003070.9,25419692,25419767,JUNC_15659,1,-,GT,AG,0.103446625,0.07207316,0.02269521914422512,0.013171326369047165
NC_003070.9,25419866,25419949,JUNC_15660,1,-,GT,AG,0.9999962,0.99999523,0.0016727240290492773,0.1651659607887268
NC_003070.9,25421109,25421195,JUNC_15015,1,-,GT,AG,0.0025052843,0.005101116,0.13597044348716736,0.09825389832258224
NC_003070.9,25421505,25421597,JUNC_15016,1,-,GT,AG,0.9999993,0.99999726,0.03015049919486046,0.6758503913879395
NC_003070.9,25421725,25421832,JUNC_15017,1,-,GT,AG,1.0,1.0,0.0025387408677488565,0.012436475604772568
NC_003070.9,25421938,25422015,JUNC_15018,1,-,GT,AG,1.0,0.99999976,0.008702350780367851,0.9975922107696533
NC_003070.9,25422095,25422217,JUNC_15019,1,-,GT,AG,1.0,1.0,0.9874783754348755,0.8768316507339478
NC_003070.9,25422315,25422403,JUNC_15020,1,-,GT,AG,0.9998597,0.9999167,0.17526951432228088,0.009168987162411213
NC_003070.9,25422517,25422600,JUNC_15021,1,-,GT,AG,0.0013407301,0.00046571755,0.06889369338750839,0.1416630744934082
NC_003070.9,25422741,25422814,JUNC_15022,1,-,GT,AG,0.9998117,0.9998366,0.10641497373580933,0.5367838144302368
NC_003070.9,25422899,25423000,JUNC_15023,1,-,GT,AG,1.0,1.0,0.9878315329551697,0.0001974106562556699
NC_003070.9,25429995,25430103,JUNC_9028,1,+,GT,AG,4.9508193e-09,7.610253e-08,6.573762220796198e-05,0.893282413482666
NC_003070.9,25430328,25430418,JUNC_9029,1,+,GT,AG,0.9999989,0.9999969,0.028080198913812637,0.007316906005144119
NC_003070.9,25430589,25430672,JUNC_9030,1,+,GT,AG,0.9991372,0.9995184,0.00016662021516822278,0.0005122862057760358
NC_003070.9,25430843,25430935,JUNC_9031,1,+,GT,AG,0.9995513,0.9987001,0.016626253724098206,0.01378307119011879
NC_003070.9,25434572,25434660,JUNC_14382,1,+,GT,AG,0.99983793,0.99993014,0.00010140109225176275,0.00030254473676905036
NC_003070.9,25434822,25434898,JUNC_14383,1,+,GT,AG,0.96109444,0.9689274,0.002521326532587409,0.0002025132125709206
NC_003070.9,25435201,25435307,JUNC_14384,1,+,GT,AG,0.99999535,0.99999523,0.012254375033080578,0.93414705991745
NC_003070.9,25435373,25435475,JUNC_14385,1,+,GT,AG,0.98454255,0.9864007,0.9958367347717285,0.472252756357193
NC_003070.9,25435544,25435632,JUNC_14386,1,+,GT,AG,0.9986077,0.99749196,0.08265101164579391,0.9533079862594604
NC_003070.9,25435725,25435893,JUNC_14387,1,+,GT,AG,0.99994886,0.9999505,0.8767544627189636,0.22460351884365082
NC_003070.9,25436099,25436194,JUNC_14388,1,+,GT,AG,0.9823385,0.978785,0.6301776766777039,0.4440445303916931
NC_003070.9,25436472,25436593,JUNC_14389,1,+,GT,AG,0.99978644,0.9992799,0.0001538597425678745,5.21149231644813e-05
NC_003070.9,25438200,25439024,JUNC_10631,1,+,GT,AG,0.51529574,0.35136855,3.8686204788973555e-05,8.89698625883284e-08
NC_003070.9,25438272,25439024,JUNC_13891,1,+,GT,AG,0.9981964,0.99838257,0.0003915519337169826,0.0049576410092413425
NC_003070.9,25439223,25439318,JUNC_4098,1,+,GT,AG,0.74155664,0.615988,0.6891823410987854,0.9352620840072632
NC_003070.9,25439430,25439521,JUNC_4099,1,+,GT,AG,0.9997571,0.99979895,0.9449664354324341,0.055998824536800385
NC_003070.9,25439671,25440077,JUNC_4100,1,+,GC,AG,0.9999552,0.9999479,0.8358551263809204,0.02288842760026455
NC_003070.9,25440182,25440255,JUNC_4101,1,+,GT,AG,0.9999937,0.99999094,0.6971036791801453,0.94430011510849
NC_003070.9,25440339,25440406,JUNC_4102,1,+,GT,AG,0.9999999,0.9999999,0.9757720828056335,0.5829257965087891
NC_003070.9,25440522,25440609,JUNC_4103,1,+,GT,AG,0.9999912,0.99998856,0.7906855940818787,0.995495080947876
NC_003070.9,25440711,25440800,JUNC_4104,1,+,GT,AG,0.99999905,0.99999833,0.9759672284126282,0.8288235068321228
NC_003070.9,25440914,25441003,JUNC_4105,1,+,GT,AG,0.9986487,0.99654114,0.9594391584396362,0.9960297346115112
NC_003070.9,25441060,25441156,JUNC_4106,1,+,GT,AG,0.8453032,0.8773497,0.961630642414093,0.11008106917142868
NC_003070.9,25441223,25441321,JUNC_4107,1,+,GT,AG,0.9945549,0.9880788,0.8591209053993225,0.901043713092804
NC_003070.9,25441375,25441484,JUNC_4108,1,+,GT,AG,0.03764104,0.025622306,0.015036802738904953,0.4787261188030243
NC_003070.9,25441559,25441636,JUNC_4109,1,+,GT,AG,0.005222755,0.005602537,0.9978354573249817,0.0419270396232605
NC_003070.9,25441672,25441781,JUNC_4110,1,+,GT,AG,0.039204843,0.11352079,0.028947219252586365,0.9989604949951172
NC_003070.9,25446854,25447508,JUNC_13904,1,-,AT,AC,1.5689445e-11,1.0196075e-11,0.10322722047567368,0.010588274337351322
NC_003070.9,25450105,25450616,JUNC_16547,1,-,GT,AG,0.9999999,0.9999994,0.45792874693870544,0.03840166702866554
NC_003070.9,25457721,25457924,JUNC_13761,1,+,GT,AG,1.0,1.0,0.974612295627594,0.5446671843528748
NC_003070.9,25458375,25458454,JUNC_13762,1,+,GT,AG,0.99999905,0.99999845,0.0003355272638145834,0.16322486102581024
NC_003070.9,25459112,25459245,JUNC_13763,1,+,GT,AG,0.99999404,0.99998975,0.9049472808837891,0.6486272215843201
NC_003070.9,25459286,25459400,JUNC_13764,1,+,GT,AG,0.9991388,0.9993932,0.9661523103713989,0.9779963493347168
NC_003070.9,25459469,25459726,JUNC_13765,1,+,GT,AG,0.9999304,0.9999205,0.9865269064903259,0.834295392036438
NC_003070.9,25459827,25459935,JUNC_13766,1,+,GT,AG,0.99999845,0.99999547,0.007704237475991249,0.9684739708900452
NC_003070.9,25460014,25460144,JUNC_13767,1,+,GT,AG,0.99979144,0.99921435,0.00487999152392149,0.0007790704257786274
NC_003070.9,25460243,25460758,JUNC_13768,1,+,GT,AG,0.26954165,0.30016163,0.009408937767148018,0.0005365241086110473
NC_003070.9,25460824,25460930,JUNC_13769,1,+,GT,AG,0.9775353,0.9784716,0.04093153774738312,0.1277765929698944
NC_003070.9,25460980,25461064,JUNC_13770,1,+,GT,AG,0.9960498,0.9984275,0.06591238081455231,0.003631588537245989
NC_003070.9,25461146,25461583,JUNC_13771,1,+,GT,AG,0.9999505,0.9999682,0.004934492986649275,0.0007762718014419079
NC_003070.9,25478153,25478224,JUNC_14523,1,+,GT,AG,0.99993074,0.9999125,0.17661060392856598,0.09092355519533157
NC_003070.9,25479378,25479445,JUNC_2154,1,-,GT,AG,0.9999999,0.9999994,0.2675381004810333,0.05905671417713165
NC_003070.9,25479529,25479606,JUNC_2155,1,-,GT,AG,0.9998921,0.999831,0.9924006462097168,0.9660568833351135
NC_003070.9,25479682,25479770,JUNC_2156,1,-,GT,AG,0.99923193,0.998973,0.44044071435928345,0.42423275113105774
NC_003070.9,25479874,25479988,JUNC_2157,1,-,GT,AG,0.99686503,0.99738616,0.0018381518311798573,1.711609002086334e-05
NC_003070.9,25480057,25480408,JUNC_2158,1,-,GT,AG,0.9998888,0.99986196,1.4286563782661688e-05,0.0001923149247886613
NC_003070.9,25487777,25487892,JUNC_9871,1,+,GT,AG,0.9999912,0.99998426,0.02462334744632244,3.710165765369311e-05
NC_003070.9,25487978,25488176,JUNC_9872,1,+,GT,AG,0.9999933,0.9999875,0.0432492271065712,0.0015173241263255477
NC_003070.9,25488319,25488425,JUNC_9873,1,+,GT,AG,0.9999975,0.99999714,0.0024920334108173847,0.004728733561933041
NC_003070.9,25488557,25488652,JUNC_9874,1,+,GT,AG,0.9999999,0.99999964,0.02251170016825199,0.10527883470058441
NC_003070.9,25502962,25504103,JUNC_14242,1,+,GT,AG,0.9911122,0.9889587,0.17738552391529083,0.015938634052872658
NC_003070.9,25504760,25504876,JUNC_14243,1,+,GT,AG,0.9924587,0.99610686,0.7972974181175232,0.9266036748886108
NC_003070.9,25517592,25517659,JUNC_4704,1,+,GT,AG,2.3786848e-05,3.3481272e-05,0.9979208111763,0.9962989687919617
NC_003070.9,25517786,25517880,JUNC_4705,1,+,GT,AG,0.00025816244,0.0005118225,0.9886334538459778,0.9971238970756531
NC_003070.9,25517956,25518034,JUNC_3962,1,+,GT,AG,0.9850197,0.9828047,0.17122018337249756,0.045506056398153305
NC_003070.9,25518107,25518260,JUNC_4706,1,+,GT,AG,0.98853624,0.99268734,0.05554167553782463,0.001964423805475235
NC_003070.9,25518296,25518367,JUNC_3964,1,+,GT,AG,0.9999999,0.99999964,0.004387560300529003,0.006407298147678375
NC_003070.9,25518512,25518602,JUNC_4707,1,+,GT,AG,0.008556324,0.003541169,0.0010604760609567165,0.008797341026365757
NC_003070.9,25518772,25518910,JUNC_3965,1,+,GT,AG,1.0,1.0,0.016393834725022316,0.001022009295411408
NC_003070.9,25519807,25519892,JUNC_13514,1,-,GT,AG,0.9984892,0.99805427,0.00545439263805747,0.0038778590969741344
NC_003070.9,25520108,25520174,JUNC_13515,1,-,GT,AG,0.9999999,0.99999857,0.0017321520717814565,0.00022952591825742275
NC_003070.9,25520393,25520473,JUNC_13516,1,-,GT,AG,0.99999964,0.9999994,4.9901949239483656e-08,2.1935644326731563e-05
NC_003070.9,25520619,25520698,JUNC_13517,1,-,GT,AG,0.9993173,0.99948984,2.046894223894924e-05,0.0024648564867675304
NC_003070.9,25521640,25521731,JUNC_17764,1,+,GT,AG,0.5795801,0.35261348,0.9572238326072693,0.9826215505599976
NC_003070.9,25521815,25521956,JUNC_17765,1,+,GT,AG,0.9428699,0.85720104,0.9831733703613281,0.0004988778382539749
NC_003070.9,25522006,25522178,JUNC_17766,1,+,GT,AG,0.6538121,0.7024615,0.6012937426567078,0.07821623235940933
NC_003070.9,25522230,25522362,JUNC_17767,1,+,GT,AG,0.99991167,0.9998901,0.16343696415424347,0.4530157148838043
NC_003070.9,25522485,25522573,JUNC_17768,1,+,GT,AG,0.9994622,0.9996014,0.3502710461616516,0.9015044569969177
NC_003070.9,25522800,25523089,JUNC_17769,1,+,GT,AG,0.9999925,0.9999962,0.9412663578987122,0.01952146738767624
NC_003070.9,25523236,25523357,JUNC_17770,1,+,GT,AG,0.9999894,0.99993026,0.018028244376182556,0.18484361469745636
NC_003070.9,25523465,25523553,JUNC_17771,1,+,GT,AG,0.9582321,0.97664696,5.981437993796135e-07,2.4282164304167964e-05
NC_003070.9,25523655,25523734,JUNC_17772,1,+,GT,AG,0.99987864,0.99975044,0.14268621802330017,0.6042797565460205
NC_003070.9,25532634,25532735,JUNC_17568,1,+,GT,AG,0.9971656,0.99421954,0.8157079219818115,0.988074004650116
NC_003070.9,25533138,25533611,JUNC_13935,1,+,GT,AG,0.28550115,0.34560838,0.9982996582984924,0.9977062940597534
NC_003070.9,25559291,25559368,JUNC_13404,1,+,GT,AG,0.9856107,0.99074805,0.05532994121313095,0.980819046497345
NC_003070.9,25559791,25560074,JUNC_2509,1,+,GT,AG,0.9998772,0.99982375,0.05385531112551689,0.02877318300306797
NC_003070.9,25560335,25560411,JUNC_2510,1,+,GT,AG,0.9998559,0.9999194,0.04450860619544983,0.059194166213274
NC_003070.9,25560597,25560701,JUNC_2511,1,+,GT,AG,0.9999988,0.9999962,0.04559347406029701,0.036285705864429474
NC_003070.9,25560898,25560985,JUNC_2512,1,+,GT,AG,0.005322218,0.010128782,0.9890773296356201,0.9882142543792725
NC_003070.9,25561903,25562100,JUNC_2899,1,+,GT,AG,0.9997514,0.9998605,0.9906986355781555,0.5245805382728577
NC_003070.9,25562702,25563606,JUNC_2900,1,+,GT,AG,0.97986174,0.98936987,0.05283266305923462,0.43253952264785767
NC_003070.9,25562702,25563609,JUNC_13371,1,+,GT,AG,0.9539502,0.9741766,0.39873093366622925,0.03150748834013939
NC_003070.9,25566097,25566801,JUNC_15314,1,+,GT,AG,0.9987637,0.99912244,0.0719800591468811,0.0020000182557851076
NC_003070.9,25566951,25567040,JUNC_15315,1,+,GT,AG,0.9996823,0.99816436,0.904528021812439,0.9416902661323547
NC_003070.9,25567511,25567596,JUNC_15316,1,+,GT,AG,0.98144907,0.96941626,0.0001640316186239943,3.0354471164173447e-05
NC_003070.9,25567673,25567766,JUNC_15317,1,+,GT,AG,0.99999344,0.99998677,0.10713549703359604,0.38479965925216675
NC_003070.9,25567965,25568046,JUNC_15318,1,+,GT,AG,0.9983676,0.9971666,0.1526666134595871,0.0393490195274353
NC_003070.9,25586095,25586195,JUNC_18387,1,-,GT,AG,0.9684626,0.92841434,0.6883300542831421,0.34898602962493896
NC_003070.9,25586291,25586373,JUNC_18388,1,-,GT,AG,0.99992573,0.9999387,0.42742788791656494,0.9698940515518188
NC_003070.9,25586483,25587202,JUNC_18389,1,-,GT,AG,0.9999157,0.99981683,0.2524150609970093,0.5502448081970215
NC_003070.9,25587303,25587455,JUNC_18390,1,-,GT,AG,0.9999993,0.99999917,0.9214980006217957,0.9241294860839844
NC_003070.9,25592586,25592684,JUNC_2666,1,-,GT,AG,0.99883157,0.9955871,0.936560869216919,0.8988901376724243
NC_003070.9,25592780,25592873,JUNC_2667,1,-,GT,AG,0.9996501,0.99968696,0.9916020035743713,0.9933046698570251
NC_003070.9,25592983,25593255,JUNC_2668,1,-,GT,AG,0.9999994,0.99999857,0.0001973547914531082,0.18521162867546082
NC_003070.9,25593356,25593443,JUNC_2669,1,-,GT,AG,0.9999995,0.99999917,0.9752175807952881,0.5181506872177124
NC_003070.9,25598596,25598680,JUNC_16330,1,-,GT,AG,0.9989158,0.99897027,0.031983084976673126,0.9959384202957153
NC_003070.9,25598799,25598875,JUNC_16331,1,-,GT,AG,0.99928683,0.99929315,0.9721466898918152,0.005747878458350897
NC_003070.9,25598967,25599068,JUNC_16332,1,-,GT,AG,0.99963784,0.99945897,0.9627608060836792,0.8271713852882385
NC_003070.9,25603995,25604083,JUNC_17206,1,+,GT,AG,0.09148568,0.12436783,0.08065447211265564,0.9706994295120239
NC_003070.9,25604213,25604307,JUNC_17207,1,+,GT,AG,0.8693739,0.81239134,0.007500758860260248,0.019030703231692314
NC_003070.9,25614594,25614678,JUNC_10093,1,-,GT,AG,0.9999957,0.9999856,0.15194568037986755,0.024026233702898026
NC_003070.9,25632273,25632445,JUNC_8218,1,-,GT,AG,0.99999404,0.9999962,0.0030946459155529737,0.00590489013120532
NC_003070.9,25632499,25632582,JUNC_8219,1,-,GT,AG,0.999871,0.99974304,0.2593441903591156,0.015854794532060623
NC_003070.9,25632731,25632809,JUNC_8220,1,-,GT,AG,0.99999964,0.99999976,0.34428736567497253,0.994839608669281
NC_003070.9,25632918,25633013,JUNC_8221,1,-,GT,AG,0.9999976,0.9999962,0.9872430562973022,0.05364646017551422
NC_003070.9,25633103,25633300,JUNC_8222,1,-,GT,AG,0.99982935,0.9998796,0.10209459066390991,0.9970753192901611
NC_003070.9,25633351,25633437,JUNC_8223,1,-,GT,AG,0.99998784,0.9999839,0.7180178165435791,0.0040411134250462055
NC_003070.9,25633542,25633630,JUNC_8224,1,-,GT,AG,0.9999995,0.9999993,0.9971722960472107,0.8850564360618591
NC_003070.9,25633742,25633822,JUNC_8225,1,-,GT,AG,0.8966179,0.9251498,0.3233063220977783,0.9794275760650635
NC_003070.9,25633905,25634060,JUNC_8226,1,-,GT,AG,1.0,0.9999999,0.6669510006904602,0.15148688852787018
NC_003070.9,25634184,25634399,JUNC_8227,1,-,GT,AG,1.0,1.0,0.03641805052757263,0.05862728878855705
NC_003070.9,25647065,25647568,JUNC_17269,1,-,GT,AG,0.9999939,0.99998665,0.010037144646048546,0.01904839091002941
NC_003070.9,25709564,25709762,JUNC_5368,1,-,GT,AG,0.6771209,0.8273387,0.0030650137923657894,0.046568211168050766
NC_003070.9,25746913,25747006,JUNC_10960,1,+,GT,AG,0.06194765,0.07989901,0.01468876376748085,0.6241506934165955
NC_003070.9,25747214,25747382,JUNC_15675,1,-,GT,AG,0.9983864,0.99836725,0.003751325188204646,0.09331638365983963
NC_003070.9,25747224,25747365,JUNC_10961,1,+,GT,AG,0.95583403,0.9166411,0.8926034569740295,0.9599425792694092
NC_003070.9,25747601,25748068,JUNC_10962,1,+,GT,AG,0.99997437,0.999974,0.8853594064712524,0.9558174014091492
NC_003070.9,25748392,25749069,JUNC_10963,1,+,GT,AG,0.9998771,0.99978787,0.9753146171569824,0.9983503818511963
NC_003070.9,25749646,25749777,JUNC_10964,1,+,GT,AG,1.0,1.0,0.0029239060822874308,0.9957748055458069
NC_003070.9,25757024,25757103,JUNC_9880,1,+,GT,AG,0.9999962,0.9999958,0.9395728707313538,0.053307533264160156
NC_003070.9,25757185,25757271,JUNC_9881,1,+,GT,AG,1.0,0.9999999,0.00021215291053522378,0.8331394791603088
NC_003070.9,25757868,25757944,JUNC_2737,1,-,GT,AG,0.9994211,0.99775666,0.0453806109726429,0.5826519131660461
NC_003070.9,25790179,25790258,JUNC_13708,1,+,GT,AG,0.99999917,0.99999595,0.5261681079864502,0.08150579035282135
NC_003070.9,25790660,25790745,JUNC_13709,1,+,GT,AG,0.998594,0.9968821,0.026492320001125336,3.0856313969707116e-05
NC_003070.9,25790829,25790902,JUNC_13710,1,+,GT,AG,0.98955894,0.9929282,0.9951682090759277,0.003273392328992486
NC_003070.9,25790973,25791064,JUNC_13711,1,+,GT,AG,0.99999976,0.99999976,0.07902487367391586,0.0002735971938818693
NC_003070.9,25791141,25791217,JUNC_13712,1,+,GT,AG,0.9999517,0.99993694,0.00014752810238860548,0.05927053838968277
NC_003070.9,25791365,25791447,JUNC_13713,1,+,GT,AG,0.9999999,1.0,0.9217462539672852,0.9973841309547424
NC_003070.9,25792033,25792132,JUNC_13714,1,+,GT,AG,0.98539734,0.98443973,0.8285973072052002,0.010847249999642372
NC_003070.9,25794127,25794205,JUNC_18168,1,-,GT,AG,0.7064104,0.6988082,0.01237394381314516,0.00016434381541330367
NC_003070.9,25794397,25794480,JUNC_9849,1,-,GT,AG,0.99993587,0.99985814,0.19341008365154266,0.06008172780275345
NC_003070.9,25794579,25794671,JUNC_9850,1,-,GT,AG,0.9926306,0.996192,0.9963108897209167,0.020087582990527153
NC_003070.9,25794797,25794878,JUNC_9851,1,-,GT,AG,0.9993691,0.9997222,0.9993782043457031,0.995794415473938
NC_003070.9,25795082,25795179,JUNC_9852,1,-,GT,AG,0.9999999,0.99999964,0.997491717338562,0.9999185800552368
NC_003070.9,25795288,25795399,JUNC_9853,1,-,GT,AG,0.9999999,0.9999999,0.9992823004722595,0.9990012049674988
NC_003070.9,25795488,25795579,JUNC_9854,1,-,GT,AG,1.0,1.0,0.7990199327468872,0.9946387410163879
NC_003070.9,25795856,25795932,JUNC_9855,1,-,GT,AG,1.0,1.0,0.7063218355178833,0.9716962575912476
NC_003070.9,25796043,25796112,JUNC_9856,1,-,GT,AG,0.9999999,0.9999999,0.2881578505039215,0.6671690344810486
NC_003070.9,25797473,25797570,JUNC_9857,1,-,GT,AG,0.9997676,0.9995981,0.971493661403656,0.4155599772930145
NC_003070.9,25797999,25798191,JUNC_9858,1,-,GT,AG,0.99977547,0.9995123,0.48428547382354736,0.5657308101654053
NC_003070.9,25797999,25798203,JUNC_18169,1,-,GT,AG,0.95314777,0.9549742,0.0002739505434874445,0.3526460826396942
NC_003070.9,25832957,25833113,JUNC_14483,1,-,GT,AG,0.09418153,0.08664233,0.00022069676197133958,7.98667169874534e-05
NC_003070.9,25845399,25845627,JUNC_15299,1,+,GT,AG,0.99350363,0.9940771,0.4334176182746887,0.9910209774971008
NC_003070.9,25847409,25847504,JUNC_13237,1,-,GT,AG,0.9982455,0.9952499,0.9384905695915222,0.7901861071586609
NC_003070.9,25861903,25862390,JUNC_10315,1,+,GT,AG,0.9999875,0.99998975,0.9974839687347412,0.8983072638511658
NC_003070.9,25870091,25870254,JUNC_8804,1,-,GT,AG,5.1911466e-06,1.9462936e-05,0.17104129493236542,0.7580198645591736
NC_003070.9,25886917,25887748,JUNC_2249,1,-,GT,AG,0.99999833,0.9999993,0.01374336238950491,0.022503040730953217
NC_003070.9,25887804,25887985,JUNC_2250,1,-,GT,AG,0.999847,0.9998451,0.7433379888534546,0.9983589053153992
NC_003070.9,25888071,25888779,JUNC_2251,1,-,GT,AG,0.99997985,0.9999523,0.9850767254829407,0.9496588110923767
NC_003070.9,25918244,25918340,JUNC_14651,1,+,GT,AG,0.14541379,0.24479972,0.9465115070343018,0.9738264083862305
NC_003070.9,25920636,25920719,JUNC_14652,1,+,GT,AG,0.99159473,0.9975777,0.24634118378162384,0.9644995927810669
NC_003070.9,25921568,25922110,JUNC_16784,1,-,GT,AG,1.0610999e-06,8.123216e-06,0.9494932889938354,0.991097092628479
NC_003070.9,25921805,25922422,JUNC_9413,1,+,GT,AG,0.99291235,0.9927955,0.08061704784631729,0.9352638721466064
NC_003070.9,25921805,25922669,JUNC_8607,1,+,GT,AG,0.72331095,0.85809994,0.05172420293092728,0.6142246723175049
NC_003070.9,25922530,25922669,JUNC_9414,1,+,GT,AG,0.030223852,0.024698406,0.6570871472358704,1.540147786727175e-05
NC_003070.9,25923554,25923659,JUNC_8608,1,+,GT,AG,0.5534516,0.71940595,0.009615421295166016,0.2394745945930481
NC_003070.9,25923589,25923720,JUNC_7823,1,-,GT,AG,0.89752,0.870725,0.9917803406715393,0.938058078289032
NC_003070.9,25923744,25923828,JUNC_8609,1,+,GT,AG,0.00014382433,0.00012838993,0.7949727177619934,0.2056293487548828
NC_003070.9,25924030,25924171,JUNC_7824,1,-,GT,AG,0.99563915,0.9928683,0.9177953004837036,0.001243817969225347
NC_003070.9,25925527,25925659,JUNC_7825,1,-,GT,AG,0.6196898,0.73361725,0.4245177209377289,0.9833428859710693
NC_003070.9,25944147,25944243,JUNC_10204,1,-,GC,AG,0.8337972,0.9003906,0.9979332685470581,0.32646045088768005
NC_003070.9,25944437,25944525,JUNC_10205,1,-,GT,AG,0.99951184,0.99971235,0.04283719137310982,0.992043673992157
NC_003070.9,25944742,25944858,JUNC_10206,1,-,GT,AG,0.02944796,0.03055217,0.0007011325214989483,2.1720170479966328e-05
NC_003070.9,25945283,25945411,JUNC_10207,1,-,GT,AG,0.9958063,0.9939213,0.5086385607719421,0.0026360356714576483
NC_003070.9,25945531,25945619,JUNC_10208,1,-,GT,AG,0.99982315,0.9992348,0.7916609644889832,0.34146037697792053
NC_003070.9,25945961,25946054,JUNC_10209,1,-,GA,AG,0.9994884,0.998694,0.026670856401324272,0.8433225750923157
NC_003070.9,25946199,25946290,JUNC_10210,1,-,GC,AG,0.0010764244,0.00037627982,0.0040033250115811825,0.5775746703147888
NC_003070.9,25946342,25946438,JUNC_10211,1,-,GT,AG,0.11248394,0.113466576,0.5765987634658813,0.11341479420661926
NC_003070.9,25946513,25946602,JUNC_10212,1,-,GT,AG,0.99999917,0.9999988,0.9294367432594299,0.011762266978621483
NC_003070.9,25946751,25946841,JUNC_10213,1,-,GT,AG,0.97783196,0.9725556,0.08017203211784363,0.1000448614358902
NC_003070.9,25967691,25967791,JUNC_16727,1,-,GT,AG,0.98397577,0.98132014,0.4734233021736145,0.996374785900116
NC_003070.9,25968070,25968161,JUNC_16728,1,-,GT,AG,0.9987455,0.9950283,0.9975020289421082,0.9744320511817932
NC_003070.9,25968301,25968449,JUNC_16729,1,-,GT,AG,0.85194767,0.8785779,0.9928817749023438,0.9837208986282349
NC_003070.9,25968545,25968634,JUNC_16730,1,-,GT,AG,0.10692322,0.20779271,0.8102280497550964,0.29578080773353577
NC_003070.9,25968828,25968924,JUNC_16731,1,-,GT,AG,0.9901046,0.97227526,0.00016306943143717945,0.03458245098590851
NC_003070.9,25969117,25969227,JUNC_16732,1,-,GT,AG,0.99999714,0.99999416,0.00867503322660923,0.005088599864393473
NC_003070.9,25969887,25970044,JUNC_16733,1,-,GT,AG,1.0,1.0,0.06028111279010773,0.0509844608604908
NC_003070.9,25970173,25970298,JUNC_16734,1,-,GT,AG,0.99999976,0.99999964,0.022485563531517982,0.0009934317786246538
NC_003070.9,25970421,25970509,JUNC_16735,1,-,GT,AG,0.9999957,0.99998,0.00014671839016955346,0.0007368981605395675
NC_003070.9,25970569,25970661,JUNC_16736,1,-,GT,AG,0.9999999,0.9999999,0.7039138078689575,0.9368454813957214
NC_003070.9,25970714,25970804,JUNC_16737,1,-,GT,AG,1.0,1.0,0.9116255640983582,0.07594190537929535
NC_003070.9,25970967,25971044,JUNC_16738,1,-,GT,AG,0.99999857,0.99999774,0.14999936521053314,0.9960623383522034
NC_003070.9,25982678,25983103,JUNC_10684,1,-,GT,AG,0.9089982,0.85719466,0.995434582233429,0.9618136882781982
NC_003070.9,25983258,25983737,JUNC_10685,1,-,GT,AG,0.8706514,0.9132165,0.8724132180213928,0.6091708540916443
NC_003070.9,25983779,25983865,JUNC_10686,1,-,GT,AG,0.97649425,0.976081,0.37214627861976624,0.5994911193847656
NC_003070.9,25983907,25984138,JUNC_10687,1,-,GT,AG,0.466386,0.54284847,0.9757211208343506,0.16154949367046356
NC_003070.9,25984238,25984331,JUNC_10688,1,-,GT,AG,0.99670595,0.9971879,0.8959832191467285,0.806643009185791
NC_003070.9,25984396,25984496,JUNC_10689,1,-,GT,AG,0.034866232,0.03677617,0.9562828540802002,0.5052056312561035
NC_003070.9,25984575,25984751,JUNC_10690,1,-,GT,AG,0.57718533,0.65865374,0.016344336792826653,0.9970654845237732
NC_003070.9,25984575,25985917,JUNC_15830,1,-,GT,AG,0.8038428,0.7187082,0.12140696495771408,1.4767131688131485e-05
NC_003070.9,26016064,26016312,JUNC_8659,1,+,GT,AG,0.86761945,0.8280564,0.014280249364674091,0.9653743505477905
NC_003070.9,26016647,26016729,JUNC_8660,1,+,GT,AG,0.99999714,0.99998856,0.9927043914794922,0.023166077211499214
NC_003070.9,26017382,26017462,JUNC_8661,1,+,GT,AG,0.99960524,0.9977888,0.9930710196495056,0.9950222969055176
NC_003070.9,26017934,26018021,JUNC_8662,1,+,GT,AG,1.0,0.9999999,0.9958232641220093,0.9869406819343567
NC_003070.9,26019081,26019179,JUNC_16579,1,-,GT,AG,0.98956126,0.9793261,0.00393195915967226,0.0008951683412306011
NC_003070.9,26019355,26019442,JUNC_16580,1,-,GT,AG,0.9999981,0.99999714,0.9752175807952881,0.5181506872177124
NC_003070.9,26019513,26019796,JUNC_16581,1,-,GT,AG,0.9999999,0.9999999,0.9185388088226318,0.024313434958457947
NC_003070.9,26026623,26026833,JUNC_17628,1,-,GT,AG,0.99999833,0.9999962,0.03601754829287529,0.02270217426121235
NC_003070.9,26027113,26027648,JUNC_17629,1,-,GT,AG,0.046292305,0.18314385,0.02101997099816799,0.013709732331335545
NC_003070.9,26033041,26033149,JUNC_18406,1,+,GT,AG,0.008165952,0.025544157,0.5089625716209412,0.9135861396789551
NC_003070.9,26033336,26033685,JUNC_18407,1,+,GT,AG,0.99995124,0.999902,0.1081714853644371,0.614436686038971
NC_003070.9,26033935,26034027,JUNC_18408,1,+,GT,AG,1.0,0.9999999,0.5598846077919006,0.8043989539146423
NC_003070.9,26034266,26034340,JUNC_18409,1,+,GT,AG,0.9996258,0.999025,0.4457129240036011,0.14456576108932495
NC_003070.9,26034512,26034595,JUNC_18410,1,+,GT,AG,0.9999969,0.99999726,0.022791238501667976,0.11358380317687988
NC_003070.9,26034881,26034958,JUNC_18411,1,+,GT,AG,0.9999993,0.999997,0.008299778215587139,1.4749673937330954e-05
NC_003070.9,26035019,26035101,JUNC_18412,1,+,GT,AG,1.0,1.0,0.005307339131832123,0.0027324985712766647
NC_003070.9,26036623,26037399,JUNC_9167,1,+,GT,AG,0.9966827,0.99656373,0.20567062497138977,0.06138782948255539
NC_003070.9,26039989,26040208,JUNC_9093,1,+,GT,AG,0.9939511,0.9905421,0.0005231260438449681,0.04826049134135246
NC_003070.9,26084822,26085696,JUNC_15955,1,+,GT,AG,0.99866724,0.99644417,0.9679211974143982,0.9913395047187805
NC_003070.9,26087131,26087226,JUNC_16619,1,+,GT,AG,0.60463667,0.6898513,0.21201825141906738,0.006068112328648567
NC_003070.9,26087357,26087457,JUNC_16620,1,+,GT,AG,0.99999857,0.9999974,0.017359422519803047,0.18513508141040802
NC_003070.9,26087540,26087687,JUNC_16621,1,+,GT,AG,0.99948376,0.99939287,1.6140824300237e-05,0.00041633390355855227
NC_003070.9,26087939,26088083,JUNC_16622,1,+,GT,AG,0.97016674,0.9798601,0.012225663289427757,0.9659208059310913
NC_003070.9,26088156,26088247,JUNC_16623,1,+,GT,AG,0.08406745,0.14940065,0.010844944976270199,0.00019069614063482732
NC_003070.9,26088328,26088402,JUNC_16624,1,+,GT,AG,0.116117425,0.06740155,0.0001470167189836502,0.00166398158762604
NC_003070.9,26088484,26088569,JUNC_16625,1,+,GT,AG,0.9110008,0.88425976,0.8490100502967834,0.0008415336487814784
NC_003070.9,26088670,26088769,JUNC_16626,1,+,GT,AG,0.040187586,0.0338207,0.5342558026313782,0.8143261075019836
NC_003070.9,26089420,26089655,JUNC_18165,1,+,GT,AG,0.99999976,0.9999995,0.4782210886478424,0.5802920460700989
NC_003070.9,26089778,26089866,JUNC_18166,1,+,GT,AG,0.999998,0.9999962,0.1935187578201294,3.580710108508356e-05
NC_003070.9,26089923,26090017,JUNC_18167,1,+,GT,AG,1.0,1.0,0.01962488330900669,0.9050121903419495
NC_003070.9,26093731,26093820,JUNC_9807,1,+,GT,AG,0.057863664,0.03752405,0.9545775651931763,0.0039786966517567635
NC_003070.9,26093934,26094459,JUNC_9808,1,+,GT,AG,0.9998734,0.99993837,0.015095965005457401,0.5579368472099304
NC_003070.9,26094816,26094934,JUNC_9809,1,+,GT,AG,0.93052155,0.92837006,0.9544265866279602,0.9790246486663818
NC_003070.9,26095003,26095106,JUNC_9810,1,+,GT,AG,0.9999999,0.9999994,0.9078195095062256,0.8985860347747803
NC_003070.9,26095178,26095358,JUNC_9811,1,+,GT,AG,0.9999987,0.9999975,0.17574530839920044,0.02571253292262554
NC_003070.9,26095487,26095567,JUNC_9812,1,+,GT,AG,0.35114157,0.33628017,0.00048165314365178347,0.9781232476234436
NC_003070.9,26095648,26095735,JUNC_9813,1,+,GT,AG,0.91726816,0.8760662,0.0070450203493237495,0.012342585250735283
NC_003070.9,26095924,26095998,JUNC_9814,1,+,GT,AG,0.9999938,0.99998546,0.003101564943790436,0.0034202386159449816
NC_003070.9,26114429,26114504,JUNC_3794,1,-,GT,AG,0.9999083,0.99984616,0.7445278763771057,0.45102566480636597
NC_003070.9,26114783,26114879,JUNC_3795,1,-,GT,AG,0.69221747,0.6543676,0.5572654008865356,0.0036690509878098965
NC_003070.9,26115029,26115115,JUNC_3796,1,-,GT,AG,0.70993507,0.6207016,0.9733448624610901,0.9437073469161987
NC_003070.9,26115160,26115229,JUNC_3797,1,-,GT,AG,0.94122094,0.85981035,0.03298724442720413,0.004361363127827644
NC_003070.9,26115334,26115420,JUNC_3798,1,-,GT,AG,0.98517597,0.9819307,0.005178392864763737,0.28408992290496826
NC_003070.9,26115679,26115774,JUNC_3799,1,-,GC,AG,0.99768364,0.9963366,0.9140415191650391,9.101020259549841e-05
NC_003070.9,26115895,26115972,JUNC_3800,1,-,GT,AG,0.69047695,0.6817583,0.0009469772921875119,0.0035687116906046867
NC_003070.9,26116102,26116184,JUNC_3801,1,-,GT,AG,0.93470925,0.8382227,0.0751098170876503,0.0004766338679473847
NC_003070.9,26116256,26116372,JUNC_3802,1,-,GT,AG,0.9996871,0.9998554,0.09125924855470657,0.05139661580324173
NC_003070.9,26116421,26116518,JUNC_3803,1,-,GT,AG,0.99741405,0.995957,0.07931484282016754,0.025554340332746506
NC_003070.9,26116846,26116926,JUNC_3804,1,-,GT,AG,1.0,0.9999999,0.11723149567842484,0.9109200239181519
NC_003070.9,26122398,26122495,JUNC_4928,1,+,GT,AG,0.9999994,0.99999917,0.54592365026474,0.0007102350937202573
NC_003070.9,26122776,26122862,JUNC_4929,1,+,GT,AG,0.99959785,0.99966395,0.99488765001297,0.46037498116493225
NC_003070.9,26124235,26124306,JUNC_14600,1,+,GT,AG,0.99995804,0.9999101,0.9923420548439026,0.010093342512845993
NC_003070.9,26124522,26124593,JUNC_14601,1,+,GT,AG,0.9999746,0.99998724,0.482715904712677,0.39216485619544983
NC_003070.9,26124908,26124991,JUNC_14602,1,+,GT,AG,0.9755181,0.9746114,0.04403559863567352,0.03434161841869354
NC_003070.9,26125378,26125457,JUNC_14603,1,+,GT,AG,0.9999999,0.99999964,0.0004177800437901169,0.018927330151200294
NC_003070.9,26125658,26125729,JUNC_14604,1,+,GT,AG,0.5174422,0.45383602,0.2512722909450531,0.0007801757310517132
NC_003070.9,26130057,26130151,JUNC_10604,1,+,GT,AG,0.9968827,0.99678034,0.046065863221883774,0.06111157685518265
NC_003070.9,26130247,26130330,JUNC_10605,1,+,GC,AG,1.0,1.0,0.02710166573524475,0.025511009618639946
NC_003070.9,26130549,26130633,JUNC_10606,1,+,GT,AG,1.0,1.0,0.1523018181324005,0.04717482626438141
NC_003070.9,26130730,26130806,JUNC_10607,1,+,GT,AG,0.9999827,0.99997497,0.9551452398300171,0.958808958530426
NC_003070.9,26130869,26130960,JUNC_10608,1,+,GT,AG,0.8389907,0.61284226,0.9692413806915283,0.9100255370140076
NC_003070.9,26131741,26131950,JUNC_1597,1,+,GT,AG,0.99916947,0.99850726,0.5107228755950928,0.10674016922712326
NC_003070.9,26132533,26132597,JUNC_4227,1,+,GT,AG,0.99974316,0.9996866,0.9914087653160095,0.01109446119517088
NC_003070.9,26132660,26132734,JUNC_4228,1,+,GT,AG,0.20951544,0.2676143,0.7475526332855225,0.0007301118457689881
NC_003070.9,26158178,26158254,JUNC_3920,1,+,GT,AG,0.018481407,0.013327366,0.08368664234876633,0.00039748119888827205
NC_003070.9,26158623,26158706,JUNC_3921,1,+,GT,AG,0.99993145,0.9998745,0.005017390940338373,0.16099464893341064
NC_003070.9,26162790,26163050,JUNC_4699,1,-,GT,AG,0.9667339,0.91147673,0.2925938367843628,5.060894991970599e-08
NC_003070.9,26176449,26177141,JUNC_14156,1,-,GT,AG,0.9670574,0.9505141,1.85814769793069e-05,3.2285512929774995e-07
NC_003070.9,26177250,26178087,JUNC_13889,1,-,GT,AG,0.9994979,0.99915457,0.0003055500565096736,0.00601273775100708
NC_003070.9,26177250,26179204,JUNC_14157,1,-,GT,AG,0.9999974,0.99999166,0.4271640479564667,0.9561419486999512
NC_003070.9,26187108,26187192,JUNC_10217,1,+,GT,AG,0.9998919,0.9999082,0.7747263312339783,0.9621946215629578
NC_003070.9,26188058,26188287,JUNC_10218,1,+,GT,AG,0.9999738,0.9999807,0.12616994976997375,0.32467201352119446
NC_003070.9,26188689,26188769,JUNC_10219,1,+,GT,AG,0.9940019,0.97806853,0.0037597534246742725,1.058663883668487e-06
NC_003070.9,26188996,26189088,JUNC_10220,1,+,GT,AG,0.99846685,0.99819094,1.9553760921553476e-06,0.00016117125051096082
NC_003070.9,26194487,26195238,JUNC_15001,1,-,GT,AG,0.9997414,0.99994063,0.002759438008069992,0.1231609433889389
NC_003070.9,26204206,26204281,JUNC_4492,1,-,GT,AG,1.0,1.0,0.15849770605564117,0.7382691502571106
NC_003070.9,26209780,26209872,JUNC_4633,1,-,GT,AG,0.35567936,0.3510762,0.1302546262741089,0.038466114550828934
NC_003070.9,26229955,26230089,JUNC_4844,1,-,GT,AG,0.99927515,0.9989233,0.13588188588619232,0.0006301390239968896
NC_003070.9,26230203,26230327,JUNC_4845,1,-,GT,AG,0.9994303,0.9996979,0.057683974504470825,0.014482741244137287
NC_003070.9,26232107,26232192,JUNC_9805,1,+,GT,AG,0.08160707,0.28394043,0.8197124600410461,0.7791546583175659
NC_003070.9,26232502,26232909,JUNC_197,1,+,GT,AG,0.9999987,0.9999993,0.05473407357931137,0.9637212157249451
NC_003070.9,26233021,26233105,JUNC_198,1,+,GT,AG,0.99200433,0.9964599,0.4688916802406311,0.7560312151908875
NC_003070.9,26233179,26233259,JUNC_199,1,+,GT,AG,0.9988626,0.99890244,0.5754086375236511,0.40265682339668274
NC_003070.9,26233328,26233410,JUNC_200,1,+,GT,AG,0.9999982,0.99999607,5.6092067097779363e-05,0.29063940048217773
NC_003070.9,26233494,26233586,JUNC_201,1,+,GT,AG,1.0,1.0,0.9839979410171509,0.0006483221077360213
NC_003070.9,26233656,26233726,JUNC_202,1,+,GT,AG,0.9999999,0.9999999,0.9981953501701355,0.9683947563171387
NC_003070.9,26233782,26233869,JUNC_203,1,+,GT,AG,1.0,0.9999999,0.6288198828697205,0.9749578833580017
NC_003070.9,26233991,26234068,JUNC_204,1,+,GT,AG,0.9999924,0.9999814,0.7142683267593384,0.26489827036857605
NC_003070.9,26234140,26234225,JUNC_205,1,+,GT,AG,0.99966764,0.9994167,0.0013938735937699676,1.5400239590235287e-06
NC_003070.9,26234307,26234379,JUNC_206,1,+,GT,AG,0.99974734,0.99952483,0.998784601688385,0.13166673481464386
NC_003070.9,26234457,26234545,JUNC_207,1,+,GT,AG,0.99997807,0.9999858,0.8976194858551025,0.9784219264984131
NC_003070.9,26267423,26267503,JUNC_15744,1,+,GT,AG,0.9980356,0.9989717,0.7640612721443176,2.4095917979138903e-05
NC_003070.9,26267639,26267737,JUNC_15745,1,+,GT,AG,0.99936503,0.9985744,0.9000574946403503,0.9943753480911255
NC_003070.9,26267868,26268329,JUNC_15746,1,+,GT,AG,0.99983865,0.9988331,6.846400356153026e-05,0.006096953060477972
NC_003070.9,26274698,26274779,JUNC_5531,1,-,GT,AG,0.119169936,0.070610225,0.03416339308023453,9.126137229031883e-06
NC_003070.9,26274952,26275024,JUNC_5532,1,-,GT,AG,0.99944156,0.9995586,0.803507387638092,0.04686189070343971
NC_003070.9,26275291,26275370,JUNC_5533,1,-,GT,AG,0.9999993,0.99999774,0.0006626922404393554,0.028392305597662926
NC_003070.9,26275813,26275927,JUNC_5534,1,-,GT,AG,0.9999995,0.9999993,0.0001750920491758734,0.04980243369936943
NC_003070.9,26276144,26276277,JUNC_16689,1,-,GT,AG,0.49678326,0.19982891,0.0012959506129845977,6.882458546897396e-05
NC_003070.9,26294293,26294380,JUNC_14206,1,-,GT,AG,0.9999999,0.99999964,0.04267944395542145,0.023868851363658905
NC_003070.9,26294477,26294580,JUNC_14207,1,-,GT,AG,1.0,1.0,0.6889427304267883,0.00014762966020498425
NC_003070.9,26294672,26294753,JUNC_14208,1,-,GT,AG,0.9999999,0.9999999,0.8414114713668823,0.9965325593948364
NC_003070.9,26294874,26294961,JUNC_14209,1,-,GT,AG,0.98967946,0.99353987,0.9944307208061218,0.9737994074821472
NC_003070.9,26295159,26295702,JUNC_18294,1,-,GT,AG,0.99994016,0.99996006,0.9731698036193848,0.9937273263931274
NC_003070.9,26295187,26295589,JUNC_14210,1,-,GT,AG,0.010288646,0.0129531855,0.9962031245231628,0.989940345287323
NC_003070.9,26323704,26323966,JUNC_17033,1,-,GT,AG,0.99999976,0.99999964,0.902447521686554,0.21811698377132416
NC_003070.9,26338100,26338351,JUNC_10296,1,-,GT,AG,1.0,1.0,0.9768801927566528,0.9897879362106323
NC_003070.9,26349257,26349342,JUNC_17153,1,-,GT,AG,0.999998,0.9999968,0.9929478168487549,0.986119270324707
NC_003070.9,26349420,26349517,JUNC_17154,1,-,GT,AG,0.9981737,0.9933989,0.046022213995456696,0.04408692941069603
NC_003070.9,26349626,26349712,JUNC_17155,1,-,GT,AG,0.984365,0.99373597,0.6012937426567078,0.07821623235940933
NC_003070.9,26349827,26350255,JUNC_17156,1,-,GT,AG,0.6121079,0.22373204,0.0024496770929545164,0.4655458927154541
NC_003070.9,26363210,26363308,JUNC_10171,1,-,GT,AG,2.2362656e-05,2.168825e-05,0.16343696415424347,0.4530157148838043
NC_003070.9,26363961,26364045,JUNC_2285,1,-,GT,AG,0.9999671,0.9998599,0.014736579731106758,0.09737048298120499
NC_003070.9,26364254,26364346,JUNC_2286,1,-,GT,AG,0.9999764,0.9999862,0.031229663640260696,0.9873051047325134
NC_003070.9,26383378,26383769,JUNC_10519,1,+,GT,AG,0.998752,0.99882054,0.1833261251449585,0.19628868997097015
NC_003070.9,26383928,26384006,JUNC_1048,1,+,GT,AG,0.99449027,0.9894622,0.7189013361930847,0.0006797559326514602
NC_003070.9,26384196,26384278,JUNC_1049,1,+,GT,AG,1.0,1.0,0.672887921333313,0.6689984798431396
NC_003070.9,26384377,26384468,JUNC_1050,1,+,GT,AG,0.9999933,0.99997187,0.5540598630905151,0.6742745637893677
NC_003070.9,26384630,26384711,JUNC_1051,1,+,GT,AG,0.99929124,0.99467236,0.9417259097099304,0.0886080414056778
NC_003070.9,26385024,26385112,JUNC_1052,1,+,GT,AG,0.9997944,0.99983233,0.00016391200188081712,0.0008224925259128213
NC_003070.9,26385243,26385360,JUNC_1053,1,+,GT,AG,0.99999833,0.99999905,0.000204195617698133,4.386120508570457e-06
NC_003070.9,26385436,26385526,JUNC_1054,1,+,GT,AG,0.99987876,0.99990726,0.02957831136882305,0.010731421411037445
NC_003070.9,26385556,26385645,JUNC_1055,1,+,GT,AG,1.0,1.0,0.004752732813358307,0.03730476275086403
NC_003070.9,26385866,26385962,JUNC_1056,1,+,GT,AG,0.99999976,0.9999995,0.8336334824562073,0.997226893901825
NC_003070.9,26386117,26386203,JUNC_1057,1,+,GT,AG,1.0,1.0,0.001396413310430944,0.09030327200889587
NC_003070.9,26386331,26386419,JUNC_1058,1,+,GT,AG,0.9999999,0.99999976,0.9382470846176147,0.9151813387870789
NC_003070.9,26386674,26386762,JUNC_1059,1,+,GT,AG,0.99356043,0.99624145,0.9943171143531799,0.865603506565094
NC_003070.9,26387401,26387493,JUNC_1060,1,+,GT,AG,0.99999976,0.9999993,0.98583984375,0.9964646100997925
NC_003070.9,26387579,26387686,JUNC_1061,1,+,GT,AG,1.0,1.0,0.9209557175636292,0.6096000075340271
NC_003070.9,26388220,26388304,JUNC_1062,1,+,GT,AG,0.99994314,0.9999255,0.9898985028266907,0.08891096711158752
NC_003070.9,26388405,26388496,JUNC_1063,1,+,GT,AG,0.9999124,0.99989533,0.8980816602706909,0.9846760630607605
NC_003070.9,26388635,26388718,JUNC_1064,1,+,GT,AG,0.9999993,0.9999963,0.8102172017097473,0.9809204339981079
NC_003070.9,26388871,26388960,JUNC_1065,1,+,GT,AG,1.0,0.9999999,0.9932993650436401,0.8183557391166687
NC_003070.9,26389127,26389209,JUNC_1066,1,+,GT,AG,0.99999774,0.99999666,0.8343976140022278,0.9903214573860168
NC_003070.9,26389309,26389406,JUNC_1067,1,+,GT,AG,0.99992454,0.9999229,0.8099373579025269,0.037279706448316574
NC_003070.9,26402108,26402506,JUNC_10932,1,+,GT,AG,0.09478246,0.0895925,7.523041745116643e-08,7.864497320042574e-08
NC_003070.9,26403319,26403714,JUNC_1585,1,+,GT,AG,0.99861515,0.99908495,0.3679949641227722,0.0053063989616930485
NC_003070.9,26403627,26403714,JUNC_3852,1,+,GT,AG,0.99911743,0.99794334,0.9868576526641846,0.979295015335083
NC_003070.9,26403777,26403936,JUNC_1586,1,+,GT,AG,0.9999995,0.9999981,0.29147782921791077,0.4122469127178192
NC_003070.9,26404653,26404725,JUNC_1587,1,+,GT,AG,0.9999993,0.9999958,0.9538970589637756,0.2573924660682678
NC_003070.9,26405163,26405251,JUNC_1588,1,+,GT,AG,0.9998828,0.99988973,0.13087597489356995,0.004481772892177105
NC_003070.9,26405310,26405396,JUNC_1589,1,+,GT,AG,0.9965352,0.99651164,0.02947026491165161,0.19672685861587524
NC_003070.9,26405496,26405597,JUNC_13153,1,+,GT,AG,0.9875749,0.9931954,0.0034684031270444393,5.639667506329715e-05
NC_003070.9,26405654,26405730,JUNC_1590,1,+,GT,AG,0.22746904,0.2765439,0.0037884702906012535,0.00389767624437809
NC_003070.9,26405654,26405734,JUNC_3853,1,+,GT,AG,0.059685513,0.071497545,0.20812943577766418,0.001978049287572503
NC_003070.9,26426509,26426613,JUNC_2181,1,+,GT,AG,0.8386857,0.8469476,0.010418673977255821,0.06027078628540039
NC_003070.9,26426824,26426990,JUNC_2182,1,+,GT,AG,0.9999876,0.9999757,0.0010860313195735216,0.00407910393550992
NC_003070.9,26427127,26427389,JUNC_2183,1,+,GT,AG,0.9999732,0.9999529,0.16377493739128113,0.17764674127101898
NC_003070.9,26427421,26427495,JUNC_2184,1,+,GT,AG,0.21403548,0.25769016,0.002421524841338396,0.2160509079694748
NC_003070.9,26428457,26428659,JUNC_3976,1,+,GT,AG,0.9760385,0.9829926,0.06671921908855438,0.003882631426677108
NC_003070.9,26428740,26428883,JUNC_2185,1,+,GT,AG,0.99999547,0.9999975,0.06182761490345001,5.426182906376198e-05
NC_003070.9,26428946,26429046,JUNC_2186,1,+,GT,AG,0.9988945,0.9988668,0.5127561092376709,0.15597814321517944
NC_003070.9,26440287,26440439,JUNC_17284,1,+,GC,AG,0.99996936,0.9999809,0.12120865285396576,0.007967004552483559
NC_003070.9,26440526,26441052,JUNC_17285,1,+,GT,AG,1.0,1.0,0.027315884828567505,0.6779978275299072
NC_003070.9,26441151,26441246,JUNC_17286,1,+,GT,AG,0.999961,0.9999609,0.010915872640907764,0.008620260283350945
NC_003070.9,26441448,26441537,JUNC_17287,1,+,GT,AG,0.9298882,0.8325074,0.05844656750559807,0.07681576907634735
NC_003070.9,26441674,26441758,JUNC_17288,1,+,GT,AG,0.9990689,0.9989648,0.006847334560006857,0.002988177351653576
NC_003070.9,26457247,26457344,JUNC_8492,1,-,GT,AG,0.24237335,0.08412958,0.9274295568466187,0.0607808381319046
NC_003070.9,26457496,26457716,JUNC_8493,1,-,GT,AG,0.81981325,0.80952674,0.3165417015552521,0.9674361348152161
NC_003070.9,26457875,26457973,JUNC_8494,1,-,GT,AG,0.9999875,0.9999776,0.9072010517120361,0.995164155960083
NC_003070.9,26458229,26458321,JUNC_8495,1,-,GT,AG,0.61343616,0.27367815,0.9949711561203003,0.0035095163621008396
NC_003070.9,26458438,26458970,JUNC_8496,1,-,GT,AG,0.027769346,0.030161075,0.0016540908254683018,0.3288222551345825
NC_003070.9,26459033,26459138,JUNC_8497,1,-,GT,AG,0.9909933,0.99173146,0.6548284888267517,0.005362883675843477
NC_003070.9,26479062,26479154,JUNC_2100,1,-,GT,AG,0.9999988,0.9999974,0.03265432268381119,0.997772753238678
NC_003070.9,26479533,26479622,JUNC_2101,1,-,GT,AG,0.997018,0.9966356,0.9992363452911377,8.716119191376492e-05
NC_003070.9,26479936,26480445,JUNC_2102,1,-,GT,AG,0.9999627,0.99994373,0.025361552834510803,0.09961991757154465
NC_003070.9,26480499,26480604,JUNC_2103,1,-,GT,AG,0.99201,0.9845802,0.09887626022100449,0.4567824602127075
NC_003070.9,26481100,26481197,JUNC_2104,1,-,GT,AG,0.9923443,0.9902824,0.10304303467273712,0.11196679621934891
NC_003070.9,26508977,26509000,JUNC_10313,1,+,GT,AG,3.9375003e-08,2.9835934e-07,0.0839623361825943,0.2820124626159668
NC_003070.9,26529793,26529906,JUNC_17082,1,-,GT,AG,7.420349e-05,3.521183e-05,0.990362823009491,0.5768520832061768
NC_003070.9,26534334,26534411,JUNC_9882,1,-,GT,AG,0.99999976,0.9999994,0.8581777215003967,0.9395514726638794
NC_003070.9,26534517,26534665,JUNC_9883,1,-,GT,AG,0.99979013,0.9995684,0.35216057300567627,0.6197827458381653
NC_003070.9,26534754,26535150,JUNC_9884,1,-,GT,AG,0.99987197,0.9998554,0.04896668344736099,0.0212943684309721
NC_003070.9,26535204,26535284,JUNC_9885,1,-,GT,AG,0.9976279,0.99520975,0.8653092384338379,0.4818228781223297
NC_003070.9,26535401,26535646,JUNC_9886,1,-,GT,AG,0.19174126,0.11074047,0.3617345690727234,0.8636690974235535
NC_003070.9,26535695,26536041,JUNC_9887,1,-,GT,AG,0.9999645,0.99996805,0.12809230387210846,0.6171730160713196
NC_003070.9,26536182,26536452,JUNC_9888,1,-,GT,AG,0.9999933,0.9999839,0.8900232315063477,0.07350984215736389
NC_003070.9,26536517,26536603,JUNC_9889,1,-,GT,AG,0.008552541,0.013171207,0.4316478371620178,0.05601539835333824
NC_003070.9,26545497,26545578,JUNC_1402,1,+,GT,AG,0.9962166,0.9900359,0.9899015426635742,0.4321373999118805
NC_003070.9,26545756,26545846,JUNC_8767,1,+,GT,AG,0.9999702,0.999967,0.048137467354536057,0.9852575659751892
NC_003070.9,26546101,26546167,JUNC_1403,1,+,GT,AG,0.99978596,0.99954724,0.0797768384218216,0.0011097948299720883
NC_003070.9,26546292,26546363,JUNC_1404,1,+,GT,AG,0.9649353,0.9754234,3.518665107549168e-05,0.0002878572850022465
NC_003070.9,26546412,26546532,JUNC_1405,1,+,GT,AG,0.009696278,0.013694638,0.0002547961485106498,0.33078959584236145
NC_003070.9,26546646,26546725,JUNC_1406,1,+,GT,AG,0.99868995,0.99705267,0.11392883211374283,0.00030189406243152916
NC_003070.9,26546896,26547011,JUNC_1407,1,+,GT,AG,0.99996114,0.9999579,0.003971944097429514,0.05186677351593971
NC_003070.9,26547143,26547224,JUNC_1408,1,+,GT,AG,0.9999999,0.99999964,0.009661414660513401,0.004698541481047869
NC_003070.9,26547353,26547424,JUNC_1409,1,+,GT,AG,1.50501555e-05,3.5460398e-05,0.0602143220603466,3.716017454280518e-05
NC_003070.9,26547504,26547591,JUNC_8768,1,+,GT,AG,0.1527885,0.17228678,0.003322836011648178,0.30622705817222595
NC_003070.9,26547739,26547843,JUNC_1411,1,+,GT,AG,0.99999976,0.99999964,0.3405120372772217,0.23568475246429443
NC_003070.9,26547954,26548047,JUNC_1412,1,+,GT,AG,0.9999995,0.9999993,0.6863019466400146,0.038705408573150635
NC_003070.9,26548158,26548265,JUNC_1413,1,+,GT,AG,0.9999995,0.9999995,0.16306130588054657,0.2144957333803177
NC_003070.9,26548346,26548417,JUNC_8769,1,+,GT,AG,0.99998283,0.9999473,0.9842914342880249,0.9212722778320312
NC_003070.9,26548473,26548562,JUNC_1415,1,+,GT,AG,0.9996762,0.99830383,0.9423193335533142,0.4526037573814392
NC_003070.9,26548614,26548708,JUNC_1416,1,+,GT,AG,0.54185796,0.6465787,0.3994739353656769,0.01364455372095108
NC_003070.9,26549135,26549341,JUNC_9024,1,-,GT,AG,1.0,1.0,0.019705755636096,0.7221778631210327
NC_003070.9,26549449,26549528,JUNC_9025,1,-,GT,AG,0.99968576,0.99907464,0.11361100524663925,0.00046718615340068936
NC_003070.9,26549647,26549732,JUNC_9026,1,-,GT,AG,0.99078465,0.94910496,0.015945225954055786,0.019274424761533737
NC_003070.9,26549971,26550056,JUNC_9027,1,-,GT,AG,0.99994886,0.99990976,0.18756164610385895,0.950372576713562
NC_003070.9,26564167,26564274,JUNC_733,1,-,GT,AG,0.99999607,0.9999926,0.006287680938839912,0.039413921535015106
NC_003070.9,26564356,26564433,JUNC_734,1,-,GT,AG,0.9998413,0.99986017,0.0006054597906768322,6.468006904469803e-05
NC_003070.9,26564552,26564639,JUNC_735,1,-,GT,AG,0.9999981,0.99999845,0.004708681721240282,0.0027591329999268055
NC_003070.9,26564759,26564839,JUNC_736,1,-,GT,AG,0.99999976,0.9999994,0.002522854134440422,0.8983461260795593
NC_003070.9,26564910,26565004,JUNC_737,1,-,GT,AG,0.9999939,0.9999819,0.8694074153900146,0.9199541211128235
NC_003070.9,26565161,26565290,JUNC_9065,1,-,GT,AG,0.99991083,0.99992955,0.2273968756198883,0.36844754219055176
NC_003070.9,26576907,26577147,JUNC_8153,1,+,GT,AG,0.99999714,0.99999595,0.23723585903644562,0.6939660906791687
NC_003070.9,26577270,26577355,JUNC_8154,1,+,GT,AG,0.999331,0.9978096,0.7410869002342224,0.9015555381774902
NC_003070.9,26577494,26581656,JUNC_8155,1,+,GT,AG,0.99994135,0.99993324,0.9917499423027039,0.9919329285621643
NC_003070.9,26581898,26581989,JUNC_8156,1,+,GT,AG,0.90600216,0.8692813,0.8122652173042297,0.9276912212371826
NC_003070.9,26612760,26613169,JUNC_9066,1,+,GT,AG,0.999869,0.99989104,0.04752815142273903,0.2981962263584137
NC_003070.9,26613093,26613169,JUNC_8331,1,+,GT,AG,0.9996947,0.9991026,0.16611148416996002,0.047204047441482544
NC_003070.9,26613338,26613430,JUNC_8332,1,+,GT,AG,0.99999857,0.99999726,0.8494704961776733,0.9736577868461609
NC_003070.9,26613496,26613568,JUNC_8333,1,+,GT,AG,0.9725739,0.8971068,0.12002965062856674,0.03868305683135986
NC_003070.9,26613686,26613777,JUNC_8334,1,+,GT,AG,0.99999845,0.99999726,0.03235399350523949,0.9819367527961731
NC_003070.9,26613859,26613957,JUNC_8335,1,+,GT,AG,1.0,0.9999999,0.7478212714195251,0.14279942214488983
NC_003070.9,26614045,26614318,JUNC_8336,1,+,GT,AG,0.9108066,0.9307133,0.14476539194583893,0.0031028338707983494
NC_003070.9,26614477,26614584,JUNC_8337,1,+,GT,AG,0.79339296,0.8520624,0.26291581988334656,0.7860346436500549
NC_003070.9,26614758,26614881,JUNC_8338,1,+,GT,AG,0.23644632,0.4447377,0.9963394403457642,0.995031476020813
NC_003070.9,26615013,26615088,JUNC_8339,1,+,GT,AG,0.9951374,0.99772555,0.998870313167572,0.9371311664581299
NC_003070.9,26615154,26615235,JUNC_8340,1,+,GT,AG,0.596156,0.7319813,0.017994951456785202,0.26867470145225525
NC_003070.9,26615300,26615387,JUNC_8341,1,+,GT,AG,0.0044155777,0.004436521,0.001940850866958499,0.04680972173810005
NC_003070.9,26615636,26615715,JUNC_8342,1,+,GT,AG,0.9958139,0.99837214,0.1372637301683426,0.4460310637950897
NC_003070.9,26618961,26619133,JUNC_2434,1,+,GT,AG,0.99944395,0.9988876,0.2709113359451294,0.11183072626590729
NC_003070.9,26619267,26619621,JUNC_2435,1,+,GT,AG,0.9999994,0.9999988,1.2583204807015136e-05,0.031187664717435837
NC_003070.9,26619804,26619979,JUNC_2436,1,+,GT,AG,0.99999976,0.9999994,0.009035134688019753,0.0941648781299591
NC_003070.9,26626999,26627074,JUNC_1028,1,+,GT,AG,0.5092349,0.5015112,0.25714078545570374,0.22813677787780762
NC_003070.9,26627129,26627195,JUNC_1029,1,+,GT,AG,0.71888596,0.768458,0.022218424826860428,0.00833268091082573
NC_003070.9,26628053,26628132,JUNC_1031,1,+,GT,AG,0.99995697,0.99993193,0.2433549463748932,0.964396595954895
NC_003070.9,26628315,26628384,JUNC_1032,1,+,GT,AG,0.9999114,0.9997458,0.891943097114563,0.02648175321519375
NC_003070.9,26628573,26628678,JUNC_1033,1,+,GT,AG,1.0,1.0,0.08485519140958786,4.6792695229669334e-07
NC_003070.9,26628753,26628830,JUNC_1034,1,+,GT,AG,1.0,1.0,0.008656377904117107,0.9858250617980957
NC_003070.9,26628897,26629001,JUNC_4293,1,+,GT,AG,0.9992393,0.9970502,0.5173283815383911,0.42024505138397217
NC_003070.9,26629962,26630061,JUNC_1036,1,+,GT,AG,0.99190134,0.9935581,0.2226768136024475,0.03487389534711838
NC_003070.9,26630163,26630246,JUNC_1037,1,+,GT,AG,0.99999917,0.99999845,0.001248561660759151,0.5969869494438171
NC_003070.9,26630303,26630504,JUNC_1038,1,+,GT,AG,0.9999995,0.9999989,0.7333855032920837,0.28184980154037476
NC_003070.9,26631350,26631553,JUNC_17472,1,+,GT,AG,0.03801237,0.061213225,0.8559691309928894,0.9710478782653809
NC_003070.9,26631924,26632089,JUNC_10247,1,+,GT,AG,0.9999354,0.99984366,3.7328565667849034e-05,9.240383224096149e-05
NC_003070.9,26632342,26632436,JUNC_10248,1,+,GT,AG,0.69828504,0.5091013,0.06485281884670258,0.000675846473313868
NC_003070.9,26632563,26632656,JUNC_12123,1,+,GT,AG,0.86435294,0.7255146,0.5199598073959351,0.0020245681516826153
NC_003070.9,26633168,26633256,JUNC_10249,1,+,GT,AG,0.98582757,0.9650797,0.01899459958076477,0.00028241550899110734
NC_003070.9,26633503,26633581,JUNC_10250,1,+,GT,AG,0.99995315,0.99992883,0.0015631136484444141,0.013199987821280956
NC_003070.9,26638438,26638593,JUNC_10622,1,+,GT,AG,0.0900178,0.071032256,0.15427632629871368,0.9131133556365967
NC_003070.9,26638711,26638848,JUNC_10623,1,+,GT,AG,0.9993481,0.99599564,0.04069582372903824,0.11101112514734268
NC_003070.9,26639174,26639267,JUNC_10624,1,+,GT,AG,0.99998295,0.99997425,0.9519073367118835,0.9447636008262634
NC_003070.9,26639402,26639487,JUNC_10625,1,+,GT,AG,0.9259367,0.9452071,0.0042941574938595295,0.632024347782135
NC_003070.9,26639586,26639684,JUNC_10626,1,+,GT,AG,0.9992256,0.9996482,0.4627154469490051,0.00031197245698422194
NC_003070.9,26640061,26640958,JUNC_10627,1,+,GT,AG,0.98439354,0.9777589,0.0012629871489480138,0.638807475566864
NC_003070.9,26641098,26641431,JUNC_10628,1,+,GT,AG,0.9999994,0.99999857,0.00035660516005009413,0.02452162653207779
NC_003070.9,26641557,26641638,JUNC_10629,1,+,GT,AG,0.999995,0.9999938,0.8277406692504883,0.00619079265743494
NC_003070.9,26641765,26641890,JUNC_10630,1,+,GT,AG,0.8615187,0.8759437,0.9938365817070007,0.7829425930976868
NC_003070.9,26655041,26655249,JUNC_8366,1,+,GT,AG,0.99970186,0.9991978,0.00031153790769167244,0.9914172291755676
NC_003070.9,26655332,26655826,JUNC_8367,1,+,GT,AG,0.6760239,0.6972965,0.9935467839241028,0.0005363575182855129
NC_003070.9,26655981,26656069,JUNC_8368,1,+,GT,AG,0.9655208,0.97882015,0.03343143314123154,0.9919671416282654
NC_003070.9,26656154,26656237,JUNC_8369,1,+,GT,AG,0.1767498,0.10689008,0.9918652176856995,0.9367147088050842
NC_003070.9,26656478,26656573,JUNC_8370,1,+,GT,AG,0.9999838,0.9999944,0.02274150773882866,0.9809377789497375
NC_003070.9,26669091,26669187,JUNC_4536,1,-,GT,AG,0.99641424,0.9968605,2.0738834791700356e-06,3.1267936719814315e-06
NC_003070.9,26669304,26669396,JUNC_4537,1,-,GT,AG,0.99999964,0.99999845,0.43600958585739136,0.0011134957894682884
NC_003070.9,26669529,26669612,JUNC_4538,1,-,GT,AG,0.76155037,0.743309,0.4280260503292084,0.9940235018730164
NC_003070.9,26669689,26669777,JUNC_4539,1,-,GT,AG,0.999997,0.9999931,0.12243726849555969,0.29032227396965027
NC_003070.9,26669956,26670035,JUNC_4540,1,-,GT,AG,0.99999344,0.99999416,0.006034063640981913,0.07943152636289597
NC_003070.9,26670117,26670204,JUNC_4541,1,-,GT,AG,0.9922098,0.9911629,0.19327157735824585,0.0058411466889083385
NC_003070.9,26670268,26670406,JUNC_4542,1,-,GT,AG,0.9999919,0.99998724,0.8695732355117798,0.284434974193573
NC_003070.9,26670502,26670596,JUNC_4543,1,-,GT,AG,0.9999883,0.9999887,0.8463176488876343,0.6488316655158997
NC_003070.9,26670757,26670883,JUNC_4544,1,-,GT,AG,0.9997923,0.999702,0.013087195344269276,0.8755783438682556
NC_003070.9,26670983,26671085,JUNC_4545,1,-,GT,AG,0.9976641,0.9960154,0.991557240486145,0.0005844593397341669
NC_003070.9,26671145,26671274,JUNC_4546,1,-,GT,AG,0.99997365,0.9999783,0.4245789051055908,0.9927383065223694
NC_003070.9,26671375,26671477,JUNC_4547,1,-,GT,AG,1.0,1.0,0.24015352129936218,0.5928444862365723
NC_003070.9,26671597,26671743,JUNC_4548,1,-,GT,AG,0.9999491,0.9999753,0.8720374703407288,0.7647296786308289
NC_003070.9,26671806,26671925,JUNC_4549,1,-,GT,AG,0.99986947,0.99962926,0.9630098342895508,0.9837055206298828
NC_003070.9,26672039,26672192,JUNC_4550,1,-,GT,AG,0.9999503,0.999967,0.9990701079368591,0.9962098598480225
NC_003070.9,26672248,26672343,JUNC_4551,1,-,GT,AG,0.99999833,0.99999905,0.047374848276376724,0.0003657149209175259
NC_003070.9,26672425,26672645,JUNC_4552,1,-,GT,AG,1.0,1.0,0.19445393979549408,0.009933628141880035
NC_003070.9,26672882,26673091,JUNC_4553,1,-,GT,AG,2.0305281e-10,4.956098e-10,0.015726007521152496,0.013555550016462803
NC_003070.9,26674293,26674374,JUNC_17414,1,-,GT,AG,2.3619923e-06,6.422685e-06,0.09845898300409317,0.044678352773189545
NC_003070.9,26674561,26674697,JUNC_17415,1,-,GT,AG,0.9999963,0.99998915,0.02806875854730606,0.010196125134825706
NC_003070.9,26674932,26675031,JUNC_17416,1,-,GT,AG,0.99634343,0.99675345,0.9508158564567566,0.9858108758926392
NC_003070.9,26675242,26675369,JUNC_17417,1,-,GT,AG,0.99971634,0.99960035,0.9979709982872009,0.9823511838912964
NC_003070.9,26675503,26675587,JUNC_17418,1,-,GT,AG,0.99999666,0.9999963,0.9954609274864197,0.9993023872375488
NC_003070.9,26702894,26703156,JUNC_14151,1,+,GT,AG,0.9999999,0.99999976,0.9791664481163025,0.9867368340492249
NC_003070.9,26703252,26703359,JUNC_14152,1,+,GT,AG,0.99999976,0.99999857,0.9583107829093933,0.9924667477607727
NC_003070.9,26710480,26710567,JUNC_8801,1,-,GC,AG,0.9999925,0.99993527,0.9679366946220398,0.8830441832542419
NC_003070.9,26711053,26711147,JUNC_8802,1,-,GT,AG,0.959811,0.8838044,0.9196500182151794,0.002921591978520155
NC_003070.9,26713447,26713776,JUNC_16688,1,-,GC,AG,0.9843088,0.9189392,0.9610505104064941,0.0024787699803709984
NC_003070.9,26714873,26715223,JUNC_5106,1,-,GT,AG,1.0516325e-11,3.8750544e-10,5.009800929656194e-07,0.00010291062790201977
NC_003070.9,26715706,26715932,JUNC_5107,1,-,GC,AG,0.99919325,0.9979857,0.06913347542285919,0.00044527434511110187
NC_003070.9,26716400,26716539,JUNC_5108,1,-,GT,AG,0.9999994,0.9999926,0.9332374334335327,0.9703994989395142
NC_003070.9,26761639,26761883,JUNC_10339,1,-,GT,AG,0.9392434,0.93406814,0.6071938276290894,0.5958933234214783
NC_003070.9,26807954,26808044,JUNC_17097,1,-,GC,AG,0.38603836,0.38160175,0.007574291434139013,0.9336791038513184
NC_003070.9,26808160,26808243,JUNC_17098,1,-,GT,AG,0.99918145,0.9968604,0.021121244877576828,0.9124084115028381
NC_003070.9,26808319,26808671,JUNC_17099,1,-,GT,AG,0.9999987,0.9999962,0.9986364245414734,0.002680029720067978
NC_003070.9,26833687,26833779,JUNC_9838,1,-,GT,AG,0.99996376,0.999972,0.41913479566574097,0.9868865609169006
NC_003070.9,26833939,26834044,JUNC_9839,1,-,GT,AG,0.92492926,0.92944765,5.0782480684574693e-05,1.984968093893258e-06
NC_003070.9,26834166,26834251,JUNC_9840,1,-,GT,AG,0.9934575,0.9910924,0.9079793691635132,0.022798145189881325
NC_003070.9,26834373,26834463,JUNC_9841,1,-,GT,AG,0.99961513,0.999671,0.5390399694442749,0.21927326917648315
NC_003070.9,26834584,26834656,JUNC_9842,1,-,GT,AG,0.9886769,0.9750317,0.08617088943719864,0.5400027632713318
NC_003070.9,26834759,26834855,JUNC_9843,1,-,GT,AG,0.99571675,0.9980628,0.06687198579311371,0.48705318570137024
NC_003070.9,26836065,26836612,JUNC_1635,1,-,GT,AG,0.95831245,0.9449401,0.48914408683776855,0.0017669913358986378
NC_003070.9,26841815,26841898,JUNC_1965,1,+,GT,AG,0.960539,0.9303511,2.9921906389063224e-05,0.03805212303996086
NC_003070.9,26842249,26842340,JUNC_1966,1,+,GT,AG,0.7082771,0.65532935,0.9861387610435486,0.9694736003875732
NC_003070.9,26842494,26842743,JUNC_1967,1,+,GT,AG,1.0,0.9999999,0.1273876279592514,3.206949622835964e-05
NC_003070.9,26842915,26843055,JUNC_1968,1,+,GT,AG,0.99992,0.99996114,0.009347910061478615,0.8158525228500366
NC_003070.9,26843129,26843370,JUNC_1969,1,+,GT,AG,0.9998547,0.99979335,0.2258673757314682,0.00022864522179588675
NC_003070.9,26843467,26843539,JUNC_1970,1,+,GT,AG,0.99996984,0.9999374,0.0007803602493368089,0.9882239103317261
NC_003070.9,26843652,26843738,JUNC_1971,1,+,GT,AG,0.9997522,0.9996259,0.9895967841148376,0.9960816502571106
NC_003070.9,26843854,26844141,JUNC_1972,1,+,GT,AG,1.0,1.0,0.9993799924850464,0.26669982075691223
NC_003070.9,26844199,26844442,JUNC_1973,1,+,GT,AG,0.9999995,0.99999976,0.6351406574249268,0.982546329498291
NC_003070.9,26844595,26844715,JUNC_1974,1,+,GT,AG,1.0,1.0,0.9916142225265503,0.9900876879692078
NC_003070.9,26844814,26844911,JUNC_1975,1,+,GT,AG,0.99997294,0.99997425,0.975737452507019,0.0003202802618034184
NC_003070.9,26845076,26845238,JUNC_1976,1,+,GT,AG,0.99178165,0.97997975,0.2117343544960022,0.043427418917417526
NC_003070.9,26845307,26845423,JUNC_1977,1,+,GT,AG,0.99990714,0.99998784,0.3413521647453308,0.9652031660079956
NC_003070.9,26845512,26845637,JUNC_1978,1,+,GT,AG,0.999985,0.99997485,0.9987026453018188,0.9887735247612
NC_003070.9,26845800,26846018,JUNC_1979,1,+,GT,AG,1.0,1.0,0.8643523454666138,0.004569021053612232
NC_003070.9,26846156,26846256,JUNC_1980,1,+,GT,AG,0.99999964,0.99999917,0.9363709092140198,0.9862132668495178
NC_003070.9,26846362,26846471,JUNC_1981,1,+,GT,AG,0.9997725,0.9997781,0.9791736602783203,0.006002928130328655
NC_003070.9,26846566,26846672,JUNC_1982,1,+,GT,AG,0.99999535,0.9999819,0.0022348579950630665,0.24799321591854095
NC_003070.9,26846785,26846901,JUNC_1983,1,+,GT,AG,0.99979764,0.99987674,0.5887749791145325,0.4559265077114105
NC_003070.9,26847112,26847230,JUNC_1984,1,+,GT,AG,0.9999956,0.9999938,0.33007463812828064,0.899046778678894
NC_003070.9,26847299,26847427,JUNC_1985,1,+,GT,AG,0.9999995,0.99999857,0.9199826717376709,0.021132590249180794
NC_003070.9,26847573,26847940,JUNC_1986,1,+,GT,AG,0.9999995,0.99999964,0.048088520765304565,0.17426052689552307
NC_003070.9,26848042,26848124,JUNC_1987,1,+,GT,AG,1.0,0.9999999,0.9887002110481262,0.9456722140312195
NC_003070.9,26848272,26848602,JUNC_1988,1,+,GT,AG,0.9999802,0.999972,0.5088258385658264,0.8108714818954468
NC_003070.9,26848659,26848756,JUNC_1989,1,+,GT,AG,0.99999416,0.99998736,0.003040906274691224,0.07050139456987381
NC_003070.9,26848887,26849037,JUNC_1990,1,+,GT,AG,0.99999964,0.99999976,0.00736122764647007,0.010784570127725601
NC_003070.9,26849126,26849200,JUNC_1991,1,+,GT,AG,0.99756503,0.9925963,0.00038357856101356447,0.0005545825115405023
NC_003070.9,26849553,26849653,JUNC_1992,1,+,GT,AG,1.0,1.0,0.005211426876485348,0.003723497036844492
NC_003070.9,26849737,26849873,JUNC_1993,1,+,GT,AG,0.7009825,0.6620468,0.24056777358055115,0.733869731426239
NC_003070.9,26849938,26850203,JUNC_1994,1,+,GT,AG,0.77899283,0.79939157,0.0038901222869753838,0.05096666142344475
NC_003070.9,26850306,26850436,JUNC_1995,1,+,GT,AG,0.9124607,0.92888796,0.6637051105499268,0.3422515094280243
NC_003070.9,26850595,26850681,JUNC_1996,1,+,GT,AG,0.9999999,0.99999976,0.9905667901039124,0.9459812641143799
NC_003070.9,26850822,26850901,JUNC_1997,1,+,GT,AG,1.0,1.0,0.9806021451950073,0.9922394752502441
NC_003070.9,26850945,26851017,JUNC_1998,1,+,GT,AG,0.9999193,0.9997483,0.11464649438858032,0.944794774055481
NC_003070.9,26851132,26851308,JUNC_1999,1,+,GC,AG,0.9999999,0.99999976,0.9117914438247681,0.00015710206935182214
NC_003070.9,26851461,26851535,JUNC_2000,1,+,GT,AG,0.99999905,0.9999995,0.17028506100177765,0.9240629076957703
NC_003070.9,26855681,26855766,JUNC_18284,1,+,GT,AG,0.99999285,0.99997807,0.011874089948832989,0.007215981837362051
NC_003070.9,26855998,26856086,JUNC_18285,1,+,GT,AG,0.9992867,0.9985018,0.012499740347266197,0.013463242910802364
NC_003070.9,26856237,26856331,JUNC_18286,1,+,GT,AG,0.9998995,0.99987495,0.00017962705169338733,0.04925953596830368
NC_003070.9,26856439,26856632,JUNC_18287,1,+,GT,AG,0.9999386,0.99994636,0.040869031101465225,6.302157271420583e-05
NC_003070.9,26856796,26857126,JUNC_18288,1,+,GT,AG,0.9999924,0.9999726,0.7096983790397644,0.2020852416753769
NC_003070.9,26857292,26857537,JUNC_18289,1,+,GT,AG,0.9998884,0.99990463,0.8667600750923157,0.8939059972763062
NC_003070.9,26857674,26857788,JUNC_18290,1,+,GT,AG,0.99999976,0.9999994,0.9112223386764526,0.0005027374136261642
NC_003070.9,26858467,26858677,JUNC_18291,1,+,GT,AG,0.9999149,0.9998925,0.061485406011343,0.001250439090654254
NC_003070.9,26858790,26858981,JUNC_18292,1,+,GT,AG,0.99998176,0.99999225,0.0001183547792606987,0.005771891213953495
NC_003070.9,26859237,26859323,JUNC_18293,1,+,GT,AG,0.9999981,0.9999939,0.0013294399250298738,0.000339758611517027
NC_003070.9,26861974,26862166,JUNC_9328,1,-,GT,AG,0.99994147,0.9998746,0.3817952275276184,0.18101130425930023
NC_003070.9,26862255,26862463,JUNC_9329,1,-,GT,AG,0.9999443,0.999944,0.02153361216187477,0.9639506340026855
NC_003070.9,26862537,26862620,JUNC_9330,1,-,GT,AG,0.7325523,0.57525414,0.02957831136882305,0.010731421411037445
NC_003070.9,26862715,26862803,JUNC_9331,1,-,GT,AG,0.99991953,0.9998511,0.007674170657992363,0.6524388194084167
NC_003070.9,26862896,26862989,JUNC_9332,1,-,GT,AG,0.997415,0.99502325,0.9918001294136047,0.9880210757255554
NC_003070.9,26863093,26863167,JUNC_9333,1,-,GT,AG,0.9995514,0.9995444,0.4569620192050934,0.6529416441917419
NC_003070.9,26863271,26863359,JUNC_9334,1,-,GT,AG,0.9998777,0.99989855,0.511410117149353,0.9050612449645996
NC_003070.9,26863762,26863862,JUNC_16016,1,+,GT,AG,0.9861346,0.98815095,0.9785630106925964,0.9808221459388733
NC_003070.9,26863957,26864057,JUNC_16017,1,+,GT,AG,1.0,1.0,0.9979625940322876,0.9774188995361328
NC_003070.9,26864115,26864287,JUNC_16018,1,+,GT,AG,0.9999988,0.9999956,0.08673011511564255,4.45985915575875e-06
NC_003070.9,26864383,26864519,JUNC_16019,1,+,GT,AG,0.99966145,0.99853325,0.8166486620903015,0.0052253673784434795
NC_003070.9,26864621,26864776,JUNC_16020,1,+,GT,AG,1.0,0.9999999,0.9323918223381042,0.955003559589386
NC_003070.9,26864860,26864946,JUNC_16021,1,+,GT,AG,1.0,0.9999999,0.9761193990707397,0.7904818654060364
NC_003070.9,26865027,26865424,JUNC_16022,1,+,GT,AG,1.0,1.0,0.8934347629547119,0.9746915698051453
NC_003070.9,26865568,26865968,JUNC_16023,1,+,GT,AG,1.0,1.0,0.0003587522660382092,0.7974725365638733
NC_003070.9,26866060,26866347,JUNC_16024,1,+,GT,AG,0.9998397,0.9998779,0.9638363718986511,0.00013843720080330968
NC_003070.9,26866429,26866712,JUNC_16025,1,+,GT,AG,0.9999999,0.99999964,0.000352164963260293,0.8635488152503967
NC_003070.9,26866895,26867361,JUNC_16026,1,+,GT,AG,0.53380466,0.7015719,0.0007279944838955998,4.4607382733374834e-05
NC_003070.9,26867477,26867566,JUNC_16027,1,+,GT,AG,0.82782465,0.91940665,0.9992768168449402,4.607612936524674e-06
NC_003070.9,26867625,26867865,JUNC_16028,1,+,GT,AG,0.94596004,0.9431602,0.1590297967195511,0.20447543263435364
NC_003070.9,26867966,26868338,JUNC_16029,1,+,GT,AG,0.9976375,0.99490184,0.9903532266616821,0.9428773522377014
NC_003070.9,26868389,26868639,JUNC_16030,1,+,GT,AG,0.99999595,0.999992,0.007785100489854813,0.9978261590003967
NC_003070.9,26868819,26868909,JUNC_16031,1,+,GT,AG,0.9999982,0.9999964,0.9986276626586914,2.539509978305432e-06
NC_003070.9,26869044,26869195,JUNC_16032,1,+,GT,AG,0.99999475,0.99999106,0.6936991214752197,0.9938015341758728
NC_003070.9,26869270,26869371,JUNC_16033,1,+,GT,AG,0.99675477,0.99735165,0.13257096707820892,0.4723479449748993
NC_003070.9,26869429,26869512,JUNC_16034,1,+,GT,AG,0.99947065,0.99920946,0.12220624089241028,0.006633186712861061
NC_003070.9,26870613,26870689,JUNC_8573,1,-,GT,AG,0.9999813,0.9999651,0.31495919823646545,0.008193702436983585
NC_003070.9,26870796,26870886,JUNC_8574,1,-,GC,AG,0.98541784,0.98301446,0.8281475305557251,0.04932159185409546
NC_003070.9,26871086,26871160,JUNC_8575,1,-,GT,AG,0.65218765,0.67155105,0.9797991514205933,0.5151646137237549
NC_003070.9,26871240,26871413,JUNC_8576,1,-,GT,AG,0.9928283,0.98002577,0.18311652541160583,0.9672096371650696
NC_003070.9,26871700,26871725,JUNC_8577,1,-,GT,AG,0.011295904,0.005075844,0.7415518164634705,0.504801332950592
NC_003070.9,26871813,26871879,JUNC_8578,1,-,GT,AG,0.99991465,0.99996495,0.78986656665802,0.836495041847229
NC_003070.9,26874149,26874289,JUNC_18035,1,+,GT,AG,0.9888418,0.98349816,0.9981575608253479,0.013575397431850433
NC_003070.9,26874347,26874468,JUNC_18036,1,+,GT,AG,0.99861306,0.99897134,0.04000123217701912,0.051640834659338
NC_003070.9,26874582,26874693,JUNC_18037,1,+,GT,AG,0.9181914,0.86205846,0.3637157678604126,0.8798313736915588
NC_003070.9,26874795,26874871,JUNC_18038,1,+,GT,AG,0.99997973,0.99975175,0.1592676341533661,0.7227306365966797
NC_003070.9,26874955,26875065,JUNC_18039,1,+,GT,AG,0.9999876,0.99998677,0.00016747822519391775,0.3616649806499481
NC_003070.9,26875146,26875237,JUNC_18040,1,+,GT,AG,1.0,1.0,0.9931430816650391,0.00016940987552516162
NC_003070.9,26875381,26875502,JUNC_18041,1,+,GT,AG,1.0,1.0,0.21775531768798828,0.9859155416488647
NC_003070.9,26875594,26875663,JUNC_18042,1,+,GT,AG,0.9999448,0.9999306,0.8821224570274353,0.5704153776168823
NC_003070.9,26875745,26875886,JUNC_18043,1,+,GT,AG,0.9999993,0.9999976,0.24722152948379517,0.9843855500221252
NC_003070.9,26876069,26876240,JUNC_18044,1,+,GT,AG,0.38287622,0.63722885,0.11807774007320404,0.11154401302337646
NC_003070.9,26876356,26876444,JUNC_18045,1,+,GT,AG,0.82314813,0.9050426,0.028316492214798927,0.0006100379396229982
NC_003070.9,26876503,26876652,JUNC_18046,1,+,GT,AG,0.99990106,0.9998876,0.009022483602166176,0.0012271390296518803
NC_003070.9,26876753,26876841,JUNC_18047,1,+,GT,AG,0.9999373,0.9999516,0.02345784194767475,0.0011400728253647685
NC_003070.9,26876892,26877074,JUNC_18048,1,+,GT,AG,1.0,1.0,0.002710029948502779,0.9891977906227112
NC_003070.9,26877254,26877347,JUNC_18049,1,+,GT,AG,0.9999999,0.9999999,0.9979967474937439,0.7147157192230225
NC_003070.9,26877482,26877653,JUNC_18050,1,+,GT,AG,0.9999999,0.9999999,0.23168817162513733,0.02507210150361061
NC_003070.9,26877728,26877878,JUNC_18051,1,+,GT,AG,0.9999901,0.9999895,0.17220203578472137,0.029302779585123062
NC_003070.9,26877936,26878014,JUNC_18052,1,+,GT,AG,0.99999356,0.99999535,0.031791482120752335,0.0004943017265759408
NC_003070.9,26882794,26882836,JUNC_2116,1,+,GT,AG,3.4966212e-07,7.0459632e-06,0.0005863535334356129,0.0011595377000048757
NC_003070.9,26883073,26883186,JUNC_2117,1,+,GT,AG,6.617346e-05,0.00012005476,0.0014685383066534996,0.03586340695619583
NC_003070.9,26893841,26894003,JUNC_5862,1,-,GT,AG,0.9999951,0.9999931,2.0785223568964284e-06,0.01527425553649664
NC_003070.9,26897586,26897662,JUNC_9367,1,-,GT,AG,0.99999833,0.99999774,9.081391908694059e-05,0.0002678553282748908
NC_003070.9,26897769,26897866,JUNC_9368,1,-,GT,AG,0.9749274,0.9729889,0.5276280045509338,0.14191997051239014
NC_003070.9,26898055,26898130,JUNC_9369,1,-,GT,AG,0.22790788,0.3768584,0.5183639526367188,0.7539744973182678
NC_003070.9,26898350,26898424,JUNC_9370,1,-,GT,AG,0.86603284,0.89989686,0.8784289956092834,0.33125022053718567
NC_003070.9,26898504,26898586,JUNC_9371,1,-,GT,AG,0.99990916,0.99986875,0.19477848708629608,1.58144473516586e-06
NC_003070.9,26899045,26899111,JUNC_9372,1,-,GT,AG,0.9999994,0.9999995,0.952548623085022,0.932274341583252
NC_003070.9,26913961,26914065,JUNC_1698,1,-,GT,AG,0.99999845,0.999998,0.5415787696838379,0.8182344436645508
NC_003070.9,26914184,26914304,JUNC_1699,1,-,GT,AG,0.9999999,0.99999976,0.9861660003662109,0.9889912605285645
NC_003070.9,26914466,26914608,JUNC_1700,1,-,GT,AG,0.9999999,0.99999976,0.0004972693277522922,0.0005243825144134462
NC_003070.9,26914671,26914841,JUNC_1701,1,-,GT,AG,1.0,1.0,0.10243690013885498,0.011995106004178524
NC_003070.9,26914970,26915320,JUNC_1702,1,-,GT,AG,0.9999598,0.9999645,0.0725538358092308,0.0002364729589316994
NC_003070.9,26915434,26915525,JUNC_1703,1,-,GT,AG,0.999977,0.99995506,0.007630043663084507,0.4430960714817047
NC_003070.9,26915612,26915715,JUNC_1704,1,-,GT,AG,0.9991947,0.9996574,0.3091420531272888,0.082309789955616
NC_003070.9,26915802,26915919,JUNC_1705,1,-,GT,AG,0.9833682,0.9647592,0.14253349602222443,0.9976924657821655
NC_003070.9,26915981,26916080,JUNC_1706,1,-,GT,AG,0.99626726,0.9978351,0.9321564435958862,0.0014435801422223449
NC_003070.9,26916207,26916365,JUNC_1707,1,-,GT,AG,0.99999607,0.9999962,0.002198598114773631,0.44621551036834717
NC_003070.9,26916548,26916642,JUNC_1708,1,-,GT,AG,0.9921279,0.9830784,0.4585905969142914,1.1617712516454048e-06
NC_003070.9,26916750,26916829,JUNC_1709,1,-,GT,AG,0.9993888,0.99933004,0.000618478748947382,0.9282475113868713
NC_003070.9,26916934,26917023,JUNC_1710,1,-,GT,AG,0.99999547,0.9999864,0.8918735980987549,0.3137156367301941
NC_003070.9,26932417,26932506,JUNC_15890,1,+,GT,AG,0.999998,0.99999857,0.6785925030708313,0.8417836427688599
NC_003070.9,26940202,26940338,JUNC_18075,1,-,GT,AG,0.38300893,0.433798,0.7275508046150208,0.006821285467594862
NC_003070.9,26940221,26940320,JUNC_17895,1,+,GT,AG,0.9999175,0.99996364,0.957240104675293,0.9992213249206543
NC_003070.9,26940605,26940684,JUNC_17896,1,+,GT,AG,0.9997881,0.9998479,0.10946313291788101,0.003677181201055646
NC_003070.9,26941002,26941154,JUNC_17897,1,+,GT,AG,0.99999034,0.9999757,0.05410672724246979,0.18925724923610687
NC_003070.9,26941382,26941474,JUNC_17898,1,+,GT,AG,0.7413474,0.8386648,0.006290933582931757,0.1886257827281952
NC_003070.9,26941575,26941645,JUNC_17899,1,+,GT,AG,0.9983481,0.99799144,0.9903954863548279,0.03133927285671234
NC_003070.9,26942018,26942099,JUNC_17900,1,+,GT,AG,0.985501,0.97282696,0.010058161802589893,0.6765734553337097
NC_003070.9,26942232,26942584,JUNC_18076,1,-,GT,AG,0.10994695,0.2362256,0.6069191098213196,0.12071527540683746
NC_003070.9,26944685,26944894,JUNC_18015,1,+,GT,AG,0.14869462,0.3448697,0.027194252237677574,0.20389345288276672
NC_003070.9,26945079,26945165,JUNC_18016,1,+,GT,AG,0.9982613,0.9990043,0.2632608413696289,0.934339165687561
NC_003070.9,26945549,26945641,JUNC_18017,1,+,GT,AG,0.7159512,0.53345823,0.02369963750243187,0.8319911956787109
NC_003070.9,26946038,26946112,JUNC_18018,1,+,GT,AG,0.91890377,0.92047745,0.68863844871521,0.8550154566764832
NC_003070.9,26946390,26946476,JUNC_18019,1,+,GT,AG,0.9925719,0.9942252,0.9088094830513,0.47478970885276794
NC_003070.9,26946545,26946632,JUNC_18020,1,+,GT,AG,0.99974936,0.9997861,0.04015010967850685,0.9638055562973022
NC_003070.9,26971896,26972059,JUNC_16707,1,+,GT,AG,1.0,1.0,0.9815782308578491,0.00020203398889862
NC_003070.9,26972181,26972260,JUNC_16708,1,+,GT,AG,0.9999999,0.99999976,0.021449699997901917,0.9868521094322205
NC_003070.9,26972456,26972532,JUNC_16709,1,+,GT,AG,0.99999964,0.9999974,0.7184463143348694,0.00581353111192584
NC_003070.9,26972650,26972748,JUNC_16710,1,+,GT,AG,0.11515866,0.093211725,0.6895206570625305,0.9902515411376953
NC_003070.9,26972796,26972877,JUNC_16711,1,+,GT,AG,0.13663587,0.15587437,0.160679891705513,0.08971768617630005
NC_003070.9,26972978,26973081,JUNC_16712,1,+,GT,AG,0.12547491,0.03644991,0.00012518587755039334,0.2108156532049179
NC_003070.9,26974140,26974316,JUNC_10278,1,-,GT,AG,0.9956936,0.99805486,0.5140793919563293,0.21722233295440674
NC_003070.9,26974425,26974526,JUNC_10279,1,-,GT,AG,0.969712,0.93478,0.5691911578178406,0.029981551691889763
NC_003070.9,26974711,26974796,JUNC_10280,1,-,GT,AG,0.73706305,0.7656166,0.9857721924781799,0.0023928682785481215
NC_003070.9,26975661,26975773,JUNC_10281,1,-,GT,AG,1.0,1.0,0.9648928046226501,0.9722868204116821
NC_003070.9,26975878,26976023,JUNC_10282,1,-,GT,AG,0.9999999,0.9999999,0.04807230830192566,0.6682481169700623
NC_003070.9,26976096,26976292,JUNC_10283,1,-,GT,AG,0.99999976,0.9999999,0.9660123586654663,0.0679604634642601
NC_003070.9,26976409,26976486,JUNC_10284,1,-,GT,AG,0.99999595,0.99998534,0.9931517839431763,0.9957811832427979
NC_003070.9,26976625,26976717,JUNC_10285,1,-,GT,AG,0.9995803,0.9997904,0.9946613907814026,0.9625027775764465
NC_003070.9,26976764,26980862,JUNC_10286,1,-,GT,AG,0.8763507,0.828059,0.5504968166351318,0.9741402268409729
NC_003070.9,26989467,26989560,JUNC_3868,1,+,GT,AG,0.9878505,0.97540784,0.00018564907077234238,0.000504697673022747
NC_003070.9,26989867,26989945,JUNC_3869,1,+,GT,AG,0.99999964,0.9999988,0.0018007769249379635,6.6385666741553e-07
NC_003070.9,26990170,26990254,JUNC_3870,1,+,GT,AG,0.9978302,0.99606025,0.00025746331084519625,0.00028069602558389306
NC_003070.9,26996997,26997089,JUNC_2228,1,+,GT,AG,0.99986696,0.9998203,0.08624032139778137,0.02217905782163143
NC_003070.9,26997160,26997294,JUNC_2229,1,+,GT,AG,0.9999448,0.99975616,0.0393037386238575,0.043296873569488525
NC_003070.9,26997408,26997655,JUNC_2230,1,+,GT,AG,0.9999987,0.9999993,0.9721553325653076,0.4682735502719879
NC_003070.9,26997738,26997826,JUNC_2231,1,+,GT,AG,0.9949587,0.9975776,0.6503742933273315,0.0011020820820704103
NC_003070.9,26997900,26998063,JUNC_2232,1,+,GT,AG,0.9985629,0.9993371,0.16381841897964478,0.807281494140625
NC_003070.9,26998183,26998310,JUNC_2233,1,+,GT,AG,0.99997437,0.99997747,0.7975845336914062,0.8073407411575317
NC_003070.9,26998406,26998701,JUNC_2234,1,+,GT,AG,0.0027895435,0.019705588,0.9513329863548279,0.008028886280953884
NC_003070.9,26999642,26999744,JUNC_15765,1,+,GT,AG,0.99998915,0.99999666,0.013659275136888027,0.9965971112251282
NC_003070.9,26999823,26999929,JUNC_15766,1,+,GT,AG,0.9999999,0.9999999,0.9984281063079834,0.005730893928557634
NC_003070.9,27000104,27000197,JUNC_15767,1,+,GT,AG,0.9999893,0.9999726,0.2034345120191574,0.04323388263583183
NC_003070.9,27000234,27000330,JUNC_15768,1,+,GT,AG,0.9999893,0.99995494,0.005934852175414562,0.04451128467917442
NC_003070.9,27000563,27000661,JUNC_15769,1,+,GT,AG,0.97903043,0.9093821,0.2458072155714035,5.4856813221704215e-05
NC_003070.9,27000739,27000843,JUNC_15770,1,+,GT,AG,0.98901016,0.9862606,0.48954054713249207,0.3768753409385681
NC_003070.9,27000879,27000975,JUNC_15771,1,+,GT,AG,0.0018903959,0.003333247,0.010850192047655582,0.6392203569412231
NC_003070.9,27001359,27001440,JUNC_15772,1,+,GT,AG,0.9992446,0.9990118,0.034038469195365906,0.0033057837281376123
NC_003070.9,27001614,27001697,JUNC_15773,1,+,GT,AG,0.99691206,0.99742377,0.8946605920791626,0.008476202376186848
NC_003070.9,27001857,27001960,JUNC_15774,1,+,GT,AG,0.9999963,0.99999726,0.005320718511939049,0.8506474494934082
NC_003070.9,27002706,27002823,JUNC_3698,1,-,GT,AG,0.99989235,0.9998914,0.0003593555302359164,0.009544642642140388
NC_003070.9,27002943,27003019,JUNC_3699,1,-,GT,AG,0.9999585,0.99994147,0.9195240139961243,0.0005307028768584132
NC_003070.9,27003169,27003360,JUNC_3700,1,-,GT,AG,0.99817455,0.99731266,0.002421524841338396,0.2160509079694748
NC_003070.9,27003402,27003482,JUNC_3701,1,-,GT,AG,0.96125454,0.96490943,0.06671921908855438,0.003102685324847698
NC_003070.9,27003581,27003934,JUNC_3702,1,-,GT,AG,0.9999403,0.99998236,0.00015535438433289528,3.214553726138547e-05
NC_003070.9,27003979,27004072,JUNC_3703,1,-,GT,AG,0.99612886,0.987143,0.004724576137959957,2.1587222818197915e-06
NC_003070.9,27004214,27004492,JUNC_3704,1,-,GT,AG,0.774046,0.70819455,0.9885208606719971,0.8440173864364624
NC_003070.9,27004543,27004656,JUNC_3705,1,-,GT,AG,0.98730963,0.9929213,0.0872860699892044,0.9730321168899536
NC_003070.9,27004735,27004836,JUNC_3706,1,-,GT,AG,0.578453,0.52126604,0.23151178658008575,0.9905821084976196
NC_003070.9,27004886,27004967,JUNC_3707,1,-,GT,AG,0.9866701,0.989365,0.5427881479263306,0.01316774357110262
NC_003070.9,27005082,27005495,JUNC_3708,1,-,GT,AG,0.99743,0.99102193,0.020007716491818428,0.12877656519412994
NC_003070.9,27005646,27005784,JUNC_3709,1,-,GT,AG,0.99971646,0.9990453,0.7071900963783264,0.13025903701782227
NC_003070.9,27005875,27006091,JUNC_3710,1,-,GT,AG,0.9999702,0.9999378,6.512721301987767e-05,0.7942729592323303
NC_003070.9,27006135,27006474,JUNC_3711,1,-,GT,AG,0.00047452582,0.00020859196,0.9462124705314636,0.8770995140075684
NC_003070.9,27006510,27006792,JUNC_3712,1,-,GT,AG,0.99999917,0.99999785,0.9815515875816345,0.8483604788780212
NC_003070.9,27006945,27007064,JUNC_3713,1,-,GT,AG,0.9999869,0.9999877,0.811950147151947,0.9451963305473328
NC_003070.9,27007235,27007339,JUNC_3714,1,-,GT,AG,0.9999999,0.99999964,0.033688418567180634,1.642104052734794e-08
NC_003070.9,27007378,27007474,JUNC_3715,1,-,GT,AG,0.9906917,0.9838201,0.9988755583763123,0.9966777563095093
NC_003070.9,27007519,27007613,JUNC_3716,1,-,GT,AG,0.9901389,0.9868973,0.9730652570724487,0.974125325679779
NC_003070.9,27027063,27027158,JUNC_874,1,+,GT,AG,0.9083646,0.9051448,0.00429513631388545,0.00011478967644507065
NC_003070.9,27027255,27027335,JUNC_875,1,+,GT,AG,0.9915651,0.9878721,0.06316016614437103,0.003354958724230528
NC_003070.9,27027412,27027496,JUNC_876,1,+,GT,AG,0.9999926,0.99998784,0.0263223797082901,0.9467936754226685
NC_003070.9,27027637,27027896,JUNC_877,1,+,GT,AG,1.0,1.0,0.9811326861381531,0.2522166073322296
NC_003070.9,27028031,27028131,JUNC_878,1,+,GT,AG,0.99999833,0.9999974,0.718004584312439,0.001672383863478899
NC_003070.9,27028280,27028353,JUNC_879,1,+,GT,AG,0.9961758,0.99847764,0.25747328996658325,0.07171014696359634
NC_003070.9,27028495,27028591,JUNC_880,1,+,GT,AG,0.9998858,0.9995351,0.1419360488653183,0.9787495732307434
NC_003070.9,27028677,27028762,JUNC_6960,1,+,GT,AG,0.9608901,0.94132245,0.9474467039108276,0.9341806769371033
NC_003070.9,27030848,27030956,JUNC_16739,1,-,GT,AG,0.85291255,0.8283003,0.967843770980835,0.9947652816772461
NC_003070.9,27033004,27033911,JUNC_13132,1,-,GT,AG,0.9999975,0.99999547,0.990287184715271,0.20983338356018066
NC_003070.9,27067068,27067155,JUNC_6953,1,+,GT,AG,0.00052901456,0.0014701919,0.9664350748062134,0.00015982968034222722
NC_003070.9,27067401,27067505,JUNC_208,1,+,GT,AG,0.9999831,0.9999778,1.2594689735578868e-07,3.0604556666702365e-09
NC_003070.9,27067589,27067705,JUNC_209,1,+,GC,AG,0.9585439,0.9833024,0.01564856246113777,0.001016985741443932
NC_003070.9,27067860,27067942,JUNC_210,1,+,GT,AG,0.9999993,0.9999994,0.08469071239233017,0.00021138429292477667
NC_003070.9,27068040,27068145,JUNC_211,1,+,GT,AG,0.9999778,0.99998426,0.04340694099664688,0.00945244450122118
NC_003070.9,27068254,27068344,JUNC_212,1,+,GT,AG,1.0,1.0,0.49040549993515015,0.016904566437005997
NC_003070.9,27068502,27068583,JUNC_213,1,+,GT,AG,0.9999975,0.99999547,0.41265669465065,0.40968018770217896
NC_003070.9,27079025,27079148,JUNC_12227,1,+,GT,AG,0.96147174,0.9583071,0.00018128090596292168,0.003070454578846693
NC_003070.9,27079419,27079505,JUNC_12228,1,+,GT,AG,0.9984036,0.9973225,0.015139582566916943,0.0006499596638604999
NC_003070.9,27079676,27079816,JUNC_12229,1,+,GT,AG,0.99428165,0.9937651,0.04015010967850685,0.9638055562973022
NC_003070.9,27098370,27098482,JUNC_8372,1,+,GT,AG,0.9999949,0.9999902,0.9815782308578491,0.00020203398889862
NC_003070.9,27098713,27098785,JUNC_8373,1,+,GT,AG,0.98254365,0.9554884,0.021449699997901917,0.9868521094322205
NC_003070.9,27099190,27099291,JUNC_8374,1,+,GT,AG,0.97862554,0.98309064,0.08602599054574966,0.3868142068386078
NC_003070.9,27100809,27101273,JUNC_13319,1,+,GT,AG,0.99999607,0.99999654,0.3983171582221985,0.1424354463815689
NC_003070.9,27101447,27101530,JUNC_13320,1,+,GT,AG,0.9659373,0.9223769,0.0037694985512644053,0.001637074165046215
NC_003070.9,27118536,27118640,JUNC_17163,1,+,GT,AG,0.08125755,0.06817776,0.45837917923927307,0.9853509664535522
NC_003070.9,27129420,27129523,JUNC_17909,1,-,GT,AG,0.99988925,0.99953926,0.00039232196286320686,0.12151920050382614
NC_003070.9,27129708,27129829,JUNC_17910,1,-,GT,AG,0.99925375,0.9988167,0.9736356139183044,0.9486436247825623
NC_003070.9,27129965,27130065,JUNC_17911,1,-,GT,AG,0.083337516,0.039284155,0.9814132452011108,0.9629983305931091
NC_003070.9,27130160,27130243,JUNC_17912,1,-,GT,AG,0.996757,0.9975727,0.034533023834228516,0.8751757144927979
NC_003070.9,27130310,27130394,JUNC_17913,1,-,GT,AG,0.9999963,0.9999937,0.1634187400341034,0.19651509821414948
NC_003070.9,27130967,27131165,JUNC_17914,1,-,GT,AG,0.9999877,0.99999285,0.0013134233886376023,0.02289745956659317
NC_003070.9,27134288,27134359,JUNC_14079,1,+,GT,AG,0.99993324,0.99996006,0.08822254836559296,0.0018371556652709842
NC_003070.9,27134577,27134832,JUNC_14080,1,+,GT,AG,0.52455395,0.48549724,2.023026900133118e-05,0.013691223226487637
NC_003070.9,27135362,27135440,JUNC_14081,1,+,GT,AG,0.9714864,0.9409327,0.1983802318572998,0.00028246743022464216
NC_003070.9,27192968,27193042,JUNC_15435,1,+,GT,AG,0.9981061,0.9992562,0.011970157735049725,0.002344968728721142
NC_003070.9,27193120,27193193,JUNC_5840,1,+,GT,AG,0.9999727,0.9998472,0.05325574055314064,0.00032802968053147197
NC_003070.9,27193265,27193353,JUNC_5841,1,+,GT,AG,0.9996743,0.99970686,0.5125588178634644,0.04123888164758682
NC_003070.9,27193904,27194025,JUNC_5842,1,+,GT,AG,0.9821507,0.9810954,0.9841998815536499,0.6420682072639465
NC_003070.9,27194197,27194280,JUNC_5843,1,+,GT,AG,0.9999963,0.9999974,0.8649182915687561,0.9315028786659241
NC_003070.9,27194348,27194438,JUNC_5844,1,+,GT,AG,0.99931705,0.99907804,0.9626065492630005,0.8607903122901917
NC_003070.9,27194649,27194728,JUNC_15436,1,+,GT,AG,0.75474584,0.48536906,0.21883068978786469,0.0026984026189893484
NC_003070.9,27194805,27194882,JUNC_15437,1,+,GT,AG,0.9873646,0.9787998,0.001618573092855513,0.03615482896566391
NC_003070.9,27194982,27195087,JUNC_5847,1,+,GT,AG,0.9999083,0.999879,0.0001894804008770734,0.0002658542071003467
NC_003070.9,27195186,27195277,JUNC_5848,1,+,GT,AG,1.0,1.0,0.09766826033592224,3.909133010893129e-05
NC_003070.9,27195454,27195543,JUNC_5849,1,+,GT,AG,0.9999982,0.9999956,0.0003680895024444908,0.0004900757339783013
NC_003070.9,27195829,27195992,JUNC_5850,1,+,GT,AG,0.9999999,0.9999999,0.08598461002111435,0.00032315051066689193
NC_003070.9,27196154,27196241,JUNC_5851,1,+,GT,AG,0.9998673,0.9998677,0.9848482012748718,0.9833770990371704
NC_003070.9,27196457,27196561,JUNC_5852,1,+,GT,AG,1.9928109e-08,4.412296e-09,0.02629638835787773,0.9226239919662476
NC_003070.9,27196599,27196714,JUNC_5853,1,+,GT,AG,0.13669282,0.095937766,0.995267391204834,0.5684800744056702
NC_003070.9,27196878,27196952,JUNC_5854,1,+,GT,AG,0.9999863,0.99995196,0.9838031530380249,0.9962995648384094
NC_003070.9,27197078,27197167,JUNC_5855,1,+,GT,AG,0.9999999,0.99999964,0.02500498853623867,0.9761358499526978
NC_003070.9,27228548,27228981,JUNC_3652,1,-,GT,AG,0.9790815,0.9812158,0.00033444634755142033,0.08273520320653915
NC_003070.9,27229371,27229634,JUNC_3653,1,-,GT,AG,1.0,0.9999999,0.043305110186338425,0.02106403559446335
NC_003070.9,27229817,27230011,JUNC_3654,1,-,GT,AG,0.9999839,0.9999807,0.0017414148896932602,0.02220563217997551
NC_003070.9,27230160,27230275,JUNC_3655,1,-,GT,AG,0.9962609,0.99815166,0.8514349460601807,0.0006517987931147218
NC_003070.9,27230461,27230553,JUNC_3656,1,-,GT,AG,0.971117,0.95974094,5.294808502753767e-08,0.7486696243286133
NC_003070.9,27230673,27230803,JUNC_3657,1,-,GT,AG,0.9998228,0.99971336,0.5922157168388367,0.2727589011192322
NC_003070.9,27230947,27231161,JUNC_3658,1,-,GT,AG,0.99999857,0.99999917,0.01763136312365532,0.9755986332893372
NC_003070.9,27231332,27231451,JUNC_3659,1,-,GT,AG,0.99996126,0.9999739,0.994554877281189,0.07033094763755798
NC_003070.9,27231754,27231866,JUNC_3660,1,-,GT,AG,0.99961406,0.99960595,0.18909871578216553,0.9818660616874695
NC_003070.9,27232230,27232326,JUNC_3661,1,-,GT,AG,0.9999832,0.9999621,0.005891652312129736,0.16342049837112427
NC_003070.9,27232536,27232878,JUNC_10410,1,-,GT,AG,0.99760693,0.9878203,4.78995048069919e-07,0.0032744051422923803
NC_003070.9,27232610,27232878,JUNC_3662,1,-,GT,AG,0.9999963,0.999995,0.2783280611038208,0.3770568370819092
NC_003070.9,27233849,27234112,JUNC_9575,1,+,GT,AG,0.99998665,0.99998844,0.995751142501831,0.0002658776647876948
NC_003070.9,27234163,27234266,JUNC_9576,1,+,GT,AG,1.0,1.0,0.0952044427394867,0.7556026577949524
NC_003070.9,27234317,27234434,JUNC_9577,1,+,GT,AG,1.0,0.9999999,0.02212618477642536,0.9140779972076416
NC_003070.9,27234500,27234578,JUNC_9578,1,+,GT,AG,0.96363664,0.96585053,0.5807124376296997,0.003286520717665553
NC_003070.9,27234640,27234729,JUNC_9579,1,+,GT,AG,0.99999154,0.99998724,0.4696931540966034,0.9836507439613342
NC_003070.9,27234808,27234898,JUNC_9580,1,+,GT,AG,0.9999999,0.99999976,0.9143659472465515,1.8809872926794924e-05
NC_003070.9,27235003,27235097,JUNC_9581,1,+,GT,AG,0.99999976,0.99999964,0.00027963740285485983,0.009588413871824741
NC_003070.9,27235208,27235278,JUNC_9582,1,+,GT,AG,0.9999931,0.99999154,0.011251978576183319,0.0001245164021383971
NC_003070.9,27235416,27235489,JUNC_9583,1,+,GT,AG,0.9999987,0.999997,0.0002516019740141928,0.00013782498717773706
NC_003070.9,27235685,27235764,JUNC_9584,1,+,GT,AG,0.9999981,0.9999901,0.1825757622718811,0.6125637292861938
NC_003070.9,27235919,27236004,JUNC_9585,1,+,GT,AG,0.99994683,0.99983424,0.9905842542648315,0.0005433094338513911
NC_003070.9,27235919,27236038,JUNC_13794,1,+,GT,AG,0.9978992,0.98732543,0.9925116300582886,0.9794681668281555
NC_003070.9,27236079,27236163,JUNC_9586,1,+,GT,AG,0.9722906,0.9514837,0.9938088059425354,0.9972931742668152
NC_003070.9,27236367,27236454,JUNC_9587,1,+,GT,AG,0.9999994,0.99999905,0.010732167400419712,0.7818340063095093
NC_003070.9,27243206,27243294,JUNC_14420,1,-,GT,AG,0.9961882,0.99722385,0.999640703201294,0.9956419467926025
NC_003070.9,27243514,27243618,JUNC_12250,1,-,GT,AG,0.9999715,0.99998415,0.9761375784873962,0.9438599348068237
NC_003070.9,27243816,27243895,JUNC_12251,1,-,GT,AG,0.99996054,0.999837,0.005514834076166153,0.01785392314195633
NC_003070.9,27244158,27244697,JUNC_12252,1,-,GT,AG,1.0,0.9999999,0.08698125183582306,0.5368900299072266
NC_003070.9,27252013,27252119,JUNC_2308,1,-,GT,AG,0.71607006,0.6644859,0.9195449948310852,0.03945739194750786
NC_003070.9,27252173,27252264,JUNC_2309,1,-,GT,AG,0.9999267,0.999839,0.9843803644180298,0.9294890761375427
NC_003070.9,27253417,27253512,JUNC_2310,1,-,GT,AG,0.9922507,0.98780346,0.0963183268904686,0.44988730549812317
NC_003070.9,27255184,27255273,JUNC_2311,1,-,GT,AG,0.99907166,0.9950643,0.00016224470164161175,0.4596872627735138
NC_003070.9,27255426,27255503,JUNC_2312,1,-,GT,AG,0.9999976,0.99999845,0.9820711016654968,0.2638634741306305
NC_003070.9,27255531,27255612,JUNC_2313,1,-,GT,AG,0.99990904,0.9999155,0.8494036793708801,0.9763547778129578
NC_003070.9,27255643,27255738,JUNC_2314,1,-,GT,AG,0.62790304,0.5877741,0.3619513213634491,0.8057017922401428
NC_003070.9,27255838,27255931,JUNC_2315,1,-,GT,AG,0.4773219,0.4449224,0.004934492986649275,0.0007762718014419079
NC_003070.9,27256108,27256187,JUNC_2316,1,-,GT,AG,0.99606025,0.99432,0.17661060392856598,0.09092355519533157
NC_003070.9,27256343,27256718,JUNC_2317,1,-,GT,AG,0.9999522,0.99990845,0.2675381004810333,0.05905671417713165
NC_003070.9,27259430,27259519,JUNC_17651,1,-,GT,AG,0.99418736,0.99552083,0.15509279072284698,0.04124491289258003
NC_003070.9,27259433,27259519,JUNC_13939,1,-,GT,AG,0.97438014,0.98341894,0.16141828894615173,0.5894087553024292
NC_003070.9,27259576,27259677,JUNC_13940,1,-,GT,AG,0.9995827,0.99930406,0.00338517758063972,0.00035614604712463915
NC_003070.9,27259745,27259830,JUNC_17652,1,-,GT,AG,0.99999845,0.99999905,0.1674199253320694,0.04764091968536377
NC_003070.9,27259745,27260019,JUNC_13941,1,-,GT,AG,0.9973575,0.99929595,8.3692699263338e-05,1.4040410860616248e-05
NC_003070.9,27259915,27260019,JUNC_17653,1,-,GT,AG,0.99022967,0.9975852,0.005334903951734304,0.0022825906053185463
NC_003070.9,27261558,27261646,JUNC_14926,1,-,GC,AG,0.99990606,0.9999126,1.797517870727461e-05,0.12932120263576508
NC_003070.9,27261745,27261848,JUNC_14927,1,-,GT,AG,0.0042011216,0.0018922188,0.20754550397396088,0.1321321427822113
NC_003070.9,27261929,27262045,JUNC_14928,1,-,GT,AG,0.7024056,0.77275056,8.37774738471353e-09,2.038634647760773e-07
NC_003070.9,27262137,27262535,JUNC_14929,1,-,GT,AG,0.9936504,0.9937762,0.6672999262809753,0.990781843662262
NC_003070.9,27262592,27262781,JUNC_14930,1,-,GT,AG,0.9985978,0.99882287,0.11763688921928406,0.7397186756134033
NC_003070.9,27262895,27263134,JUNC_14931,1,-,GT,AG,0.57966673,0.39948985,0.0004499580536503345,0.001334432396106422
NC_003070.9,27275391,27275543,JUNC_18148,1,-,GT,AG,1.0,1.0,0.0031541395001113415,0.00014757124881725758
NC_003070.9,27275667,27275982,JUNC_18149,1,-,GT,AG,0.9999993,0.9999995,0.0014638792490586638,0.03550402447581291
NC_003070.9,27295788,27295870,JUNC_9890,1,-,GT,AG,0.9998271,0.9998165,0.6730729937553406,0.008020367473363876
NC_003070.9,27295945,27296013,JUNC_9891,1,-,GT,AG,0.9566565,0.94242865,0.013342225924134254,0.8525053262710571
NC_003070.9,27296184,27296262,JUNC_9892,1,-,GT,AG,0.9888931,0.9940441,0.035701293498277664,0.013246000744402409
NC_003070.9,27296363,27296480,JUNC_9893,1,-,GT,AG,0.31509313,0.24917483,0.9148334860801697,0.022687125951051712
NC_003070.9,27296558,27296640,JUNC_9894,1,-,GT,AG,0.87937814,0.95502573,0.3323034942150116,0.8672868013381958
NC_003070.9,27296800,27296871,JUNC_9895,1,-,GT,AG,0.9999999,0.99999976,0.9364546537399292,0.015239250846207142
NC_003070.9,27297141,27297220,JUNC_9896,1,-,GT,AG,0.9999995,0.99999964,0.07214660197496414,0.00026103961863555014
NC_003070.9,27297337,27297417,JUNC_9897,1,-,GT,AG,0.95233935,0.93311024,0.00035729826777242124,0.04347395524382591
NC_003070.9,27297507,27297596,JUNC_9898,1,-,GT,AG,0.98488355,0.9828234,0.9739775061607361,0.86968594789505
NC_003070.9,27297812,27297896,JUNC_9899,1,-,GT,AG,0.96982837,0.95709044,0.47278696298599243,0.0290471650660038
NC_003070.9,27298055,27298175,JUNC_9900,1,-,GT,AG,0.9999857,0.9999701,0.02068236842751503,0.00020352630235720426
NC_003070.9,27303804,27303885,JUNC_9402,1,+,GT,AG,0.93850076,0.887766,0.0007898910553194582,0.10167659819126129
NC_003070.9,27309019,27309150,JUNC_18400,1,+,GT,AG,0.99999964,0.9999988,8.42070619455626e-07,4.750818902721221e-07
NC_003070.9,27309431,27309613,JUNC_18401,1,+,GT,AG,0.9999969,0.99999726,0.15177901089191437,0.4315262734889984
NC_003070.9,27310178,27310661,JUNC_18402,1,+,GT,AG,1.0,0.9999999,0.7358620166778564,0.040682271122932434
NC_003070.9,27310858,27310950,JUNC_18403,1,+,GT,AG,0.99985194,0.9998553,0.9029220342636108,0.2879405617713928
NC_003070.9,27311522,27311832,JUNC_18404,1,+,GT,AG,1.0,1.0,0.02559695765376091,0.8049530386924744
NC_003070.9,27313258,27313347,JUNC_16411,1,+,GT,AG,0.97503567,0.9388484,0.9577217102050781,0.0008776939939707518
NC_003070.9,27313445,27313545,JUNC_16412,1,+,GT,AG,0.9945667,0.9966517,0.712952196598053,0.9742412567138672
NC_003070.9,27313611,27313794,JUNC_16413,1,+,GT,AG,0.99996424,0.99997425,0.9686540365219116,0.9814302325248718
NC_003070.9,27320025,27320100,JUNC_9506,1,-,GT,TG,0.9410974,0.86848193,0.9966129660606384,0.9938352108001709
NC_003070.9,27320184,27320278,JUNC_9507,1,-,GT,AG,0.99854374,0.9986529,0.17143186926841736,0.9907857179641724
NC_003070.9,27320395,27320503,JUNC_9508,1,-,GT,AG,0.9999988,0.9999976,0.04409424588084221,0.06243100017309189
NC_003070.9,27320611,27320694,JUNC_9509,1,-,GT,AG,0.99999976,0.99999976,0.04139786586165428,0.018569326028227806
NC_003070.9,27320769,27320854,JUNC_9510,1,-,GT,AG,0.996467,0.99643046,0.03694072365760803,0.25115343928337097
NC_003070.9,27320986,27321108,JUNC_9511,1,-,GT,AG,0.9999993,0.9999976,0.00029257184360176325,0.013975139707326889
NC_003070.9,27321210,27321305,JUNC_9512,1,-,GT,AG,1.0,0.9999999,0.9040297865867615,0.00032238796120509505
NC_003070.9,27321434,27321569,JUNC_9513,1,-,GT,AG,0.9999999,0.99999905,0.4942210912704468,0.10783150047063828
NC_003070.9,27321737,27321808,JUNC_9514,1,-,GT,AG,0.99473286,0.98735714,0.9007729291915894,0.5385288596153259
NC_003070.9,27321935,27322089,JUNC_9515,1,-,GT,AG,0.81863576,0.5503655,0.5309135317802429,0.9124208092689514
NC_003070.9,27322166,27322380,JUNC_9516,1,-,GT,AG,0.99881697,0.9969241,0.0036043322179466486,0.091562420129776
NC_003070.9,27322422,27322672,JUNC_9517,1,-,GT,AG,0.9999361,0.99997663,1.820258830775856e-06,0.00018133909907191992
NC_003070.9,27322714,27322894,JUNC_9518,1,-,GT,AG,0.9991673,0.9998271,0.677001416683197,0.012344714254140854
NC_003070.9,27322961,27323105,JUNC_9519,1,-,GT,AG,0.99956065,0.9989016,0.13915137946605682,0.6811205148696899
NC_003070.9,27323221,27323295,JUNC_9520,1,-,GT,AG,0.9999999,0.9999999,0.0006225695833563805,0.2127777338027954
NC_003070.9,27323425,27323518,JUNC_9521,1,-,GT,AG,0.99999905,0.9999925,0.10257755219936371,0.8043586611747742
NC_003070.9,27323616,27323704,JUNC_9522,1,-,GT,AG,0.9999974,0.9999975,0.17780554294586182,0.9729359745979309
NC_003070.9,27323760,27323850,JUNC_9523,1,-,GT,AG,0.9961965,0.9971173,0.00010076097532873973,0.6941481232643127
NC_003070.9,27324871,27324957,JUNC_16366,1,-,GT,AG,0.0053098476,0.00376905,0.994924783706665,0.00700891949236393
NC_003070.9,27324871,27324991,JUNC_17569,1,-,GT,AG,0.050569743,0.018082691,0.062937892973423,4.6795732487225905e-05
NC_003070.9,27325115,27325216,JUNC_4576,1,-,GT,AG,0.9989286,0.99721664,0.006069199647754431,0.9975619316101074
NC_003070.9,27325363,27325484,JUNC_4577,1,-,GT,AG,0.9999999,0.99999976,0.6255611777305603,0.6105346083641052
NC_003070.9,27325583,27325670,JUNC_4578,1,-,GT,AG,1.0,1.0,0.025268319994211197,0.23275116086006165
NC_003070.9,27325736,27325835,JUNC_4579,1,-,GT,AG,0.99937683,0.99942577,0.008913862518966198,0.05972767621278763
NC_003070.9,27326009,27326128,JUNC_4580,1,-,GT,AG,0.99983114,0.99978,0.9787908792495728,0.033513542264699936
NC_003070.9,27326293,27326504,JUNC_4581,1,-,GT,AG,0.8891396,0.85867965,0.9653105735778809,0.9819180965423584
NC_003070.9,27326600,27326718,JUNC_4582,1,-,GT,AG,0.9999987,0.9999989,0.9976481795310974,0.0007832036353647709
NC_003070.9,27326781,27326956,JUNC_4583,1,-,GT,AG,0.68393207,0.27635658,0.0001420466578565538,0.00046932141412980855
NC_003070.9,27327016,27327120,JUNC_4584,1,-,GT,AG,0.9884925,0.9785584,0.3207174241542816,0.0001111480887630023
NC_003070.9,27327225,27327321,JUNC_4585,1,-,GT,AG,0.038323976,0.05452932,0.935772716999054,0.23737110197544098
NC_003070.9,27327411,27327525,JUNC_4586,1,-,GT,AG,0.81377226,0.7946743,0.27982327342033386,0.7181777954101562
NC_003070.9,27327615,27327745,JUNC_4587,1,-,GT,AG,0.99764675,0.9982394,0.6226713061332703,0.10058262944221497
NC_003070.9,27361244,27361503,JUNC_2370,1,+,GT,AG,0.9999993,0.99999833,0.00014329115219879895,0.052679285407066345
NC_003070.9,27366550,27366823,JUNC_10005,1,+,GT,AG,0.9405779,0.90308255,0.9940793514251709,0.810121476650238
NC_003070.9,27368717,27368803,JUNC_10006,1,+,GT,AG,0.9994733,0.9990164,0.7840198874473572,0.5108350515365601
NC_003070.9,27368914,27369002,JUNC_10007,1,+,GT,AG,0.9942826,0.9931658,0.9537786245346069,1.7066582813640707e-06
NC_003070.9,27369279,27369363,JUNC_10008,1,+,GT,AG,0.99999857,0.9999988,0.02370532415807247,0.16648824512958527
NC_003070.9,27369452,27369554,JUNC_10009,1,+,GT,AG,0.9994205,0.9996486,0.049442097544670105,0.00485785398632288
NC_003070.9,27369642,27369746,JUNC_10010,1,+,GT,AG,0.99981385,0.99982685,0.000758902111556381,0.026685358956456184
NC_003070.9,27369956,27370086,JUNC_10011,1,+,GT,AG,0.99773645,0.9970939,0.0940244197845459,0.00046970948460511863
NC_003070.9,27370212,27370341,JUNC_10012,1,+,GT,AG,0.9999957,0.99999154,0.00029830134008079767,0.041882578283548355
NC_003070.9,27370440,27370518,JUNC_10013,1,+,GT,AG,0.9999982,0.9999937,0.003834010101854801,3.5503551771398634e-05
NC_003070.9,27370710,27370804,JUNC_10014,1,+,GT,AG,0.9999993,0.9999962,0.4656771719455719,0.29532113671302795
NC_003070.9,27378675,27378765,JUNC_8810,1,-,GT,AG,0.99999905,0.99999857,0.7970935106277466,0.4144289493560791
NC_003070.9,27379196,27379339,JUNC_8811,1,-,GT,AG,0.9999982,0.99999917,0.707507312297821,0.998145341873169
NC_003070.9,27379449,27379525,JUNC_8812,1,-,GT,AG,0.99998343,0.99997747,0.18390637636184692,0.03354339674115181
NC_003070.9,27379595,27380004,JUNC_8813,1,-,GT,AG,0.997262,0.99848276,0.022735074162483215,0.8140817880630493
NC_003070.9,27380530,27380621,JUNC_8668,1,-,GT,AG,0.9999887,0.99997973,0.9108321070671082,0.9944827556610107
NC_003070.9,27380901,27381146,JUNC_13321,1,-,GT,AG,0.90974873,0.8482564,0.9945603013038635,0.9867117404937744
NC_003070.9,27380901,27381164,JUNC_8669,1,-,GT,AG,0.92805874,0.9251915,0.1202923059463501,0.05256053805351257
NC_003070.9,27381248,27381705,JUNC_8670,1,-,GT,AG,0.9999863,0.9999933,0.08664615452289581,0.05620299279689789
NC_003070.9,27381790,27381933,JUNC_8671,1,-,GT,AG,0.9999949,0.9999926,0.001642189221456647,0.036144282668828964
NC_003070.9,27382148,27382537,JUNC_8672,1,-,GT,AG,0.99999857,0.99999666,0.5915946960449219,2.577543000370497e-06
NC_003070.9,27406085,27406172,JUNC_16599,1,-,GT,AG,0.9997955,0.9994835,0.023173335939645767,0.34832099080085754
NC_003070.9,27406250,27406325,JUNC_16600,1,-,GT,AG,0.014409232,0.06509387,0.0011572707444429398,0.0012910562800243497
NC_003070.9,27406343,27406431,JUNC_16601,1,-,GT,AG,0.99998474,0.9999608,0.14829277992248535,0.914770781993866
NC_003070.9,27406506,27406587,JUNC_16602,1,-,GT,AG,0.99957067,0.9991229,0.995272696018219,0.30988094210624695
NC_003070.9,27406679,27406790,JUNC_16603,1,-,GT,AG,0.999985,0.99998426,0.012109553441405296,0.4272620379924774
NC_003070.9,27407130,27407586,JUNC_16604,1,-,GT,AG,0.52515525,0.65616244,0.8224074840545654,7.523228305217344e-06
NC_003070.9,27409947,27410040,JUNC_13530,1,-,GT,AG,0.9986576,0.99780566,0.18155011534690857,0.025336075574159622
NC_003070.9,27411279,27411382,JUNC_12555,1,-,GT,AG,0.9999999,0.9999999,0.9939817786216736,0.9934816360473633
NC_003070.9,27411685,27411795,JUNC_12556,1,-,GT,AG,0.95331645,0.9755661,0.22150687873363495,0.8503912687301636
NC_003070.9,27412879,27413003,JUNC_12557,1,-,GT,AG,0.99874467,0.99860924,0.9564975500106812,0.06018579751253128
NC_003070.9,27413624,27413801,JUNC_12558,1,-,GT,AG,0.96823657,0.9519401,0.20819373428821564,0.15362122654914856
NC_003070.9,27413669,27413801,JUNC_13531,1,-,GT,AG,0.98114127,0.9630651,0.019765004515647888,5.731183591706213e-06
NC_003070.9,27415215,27415611,JUNC_13757,1,-,GT,AG,0.9979239,0.99656194,0.9440096020698547,0.9978777170181274
NC_003070.9,27421552,27421927,JUNC_17611,1,+,GT,AG,0.99999225,0.99999845,1.3597137922261027e-06,0.9988516569137573
NC_003070.9,27423776,27423945,JUNC_8356,1,-,GT,AG,0.99797696,0.9990907,0.6294931769371033,0.17299506068229675
NC_003070.9,27424011,27424106,JUNC_8357,1,-,GT,AG,0.9999987,0.999995,0.9938272833824158,0.944840669631958
NC_003070.9,27424214,27424335,JUNC_8358,1,-,GT,AG,0.9997931,0.9998832,0.8953529000282288,0.91630619764328
NC_003070.9,27424488,27424646,JUNC_8359,1,-,GT,AG,0.9884958,0.988492,0.8435781002044678,0.9874447584152222
NC_003070.9,27424800,27424873,JUNC_8360,1,-,GT,AG,0.99984294,0.99968064,0.9950340986251831,0.45433008670806885
NC_003070.9,27424951,27425033,JUNC_8361,1,-,GT,AG,0.99987113,0.99993086,0.29767194390296936,0.9558932185173035
NC_003070.9,27425077,27425166,JUNC_8362,1,-,GT,AG,0.99941874,0.9993206,0.9752585291862488,0.983648419380188
NC_003070.9,27425234,27425431,JUNC_8363,1,-,GT,AG,0.9999908,0.99998367,0.5324979424476624,0.047384511679410934
NC_003070.9,27425526,27425635,JUNC_8364,1,-,GT,AG,0.99971956,0.9998859,0.9851586222648621,0.9009170532226562
NC_003070.9,27425981,27426074,JUNC_8365,1,-,GT,AG,0.00013779415,0.0001290983,0.2874799072742462,0.7935740947723389
NC_003070.9,27432679,27432904,JUNC_5440,1,+,GT,AG,1.0,1.0,0.9957940578460693,0.161946102976799
NC_003070.9,27452944,27453329,JUNC_14504,1,+,GT,AG,0.0005525177,0.001283813,0.9974945783615112,0.9915844202041626
NC_003070.9,27453720,27454128,JUNC_14505,1,+,GT,AG,0.99999356,0.9999989,0.962956964969635,0.7728327512741089
NC_003070.9,27454439,27454526,JUNC_14506,1,+,GT,AG,0.9999819,0.9999716,0.005886402912437916,2.3461007003788836e-05
NC_003070.9,27454912,27454996,JUNC_14507,1,+,GT,AG,0.9919288,0.9637221,0.0034972038120031357,0.0006701792008243501
NC_003070.9,27455209,27455290,JUNC_14508,1,+,GT,AG,3.665175e-07,9.028039e-07,0.05946875363588333,7.219143299153075e-05
NC_003070.9,27455565,27455651,JUNC_14509,1,+,GT,AG,0.07883023,0.097386226,0.0065980334766209126,0.21450911462306976
NC_003070.9,27487507,27487644,JUNC_13240,1,+,GT,AG,1.0,0.9999999,0.08035777509212494,0.8656244277954102
NC_003070.9,27511382,27511743,JUNC_8458,1,-,GT,AG,0.7851262,0.84238315,0.9642701148986816,0.002353368327021599
NC_003070.9,27512039,27512119,JUNC_8459,1,-,GT,AG,0.999997,0.9999982,0.022341186180710793,0.36685505509376526
NC_003070.9,27512242,27512324,JUNC_8460,1,-,GT,AG,0.9999999,0.99999976,0.08528794348239899,0.008878759108483791
NC_003070.9,27512501,27512607,JUNC_8461,1,-,GT,AG,1.0,0.9999999,0.022679101675748825,0.7019741535186768
NC_003070.9,27512840,27512983,JUNC_8462,1,-,GT,AG,0.9999982,0.99999714,0.738280713558197,0.548480212688446
NC_003070.9,27513146,27513535,JUNC_8463,1,-,GT,AG,1.0,1.0,1.9267907191533595e-05,2.1407679184903827e-07
NC_003070.9,27513727,27513811,JUNC_8464,1,-,GT,AG,1.0,0.9999999,0.00014380413631442934,0.0016891154227778316
NC_003070.9,27513962,27514053,JUNC_8465,1,-,GT,AG,0.99977475,0.9996773,0.9542648196220398,0.99174964427948
NC_003070.9,27514268,27514354,JUNC_8466,1,-,GT,AG,0.9999794,0.9999683,0.9674770832061768,0.4532541036605835
NC_003070.9,27516782,27517140,JUNC_3534,1,-,GT,AG,0.39519656,0.30195117,0.872738778591156,0.8975574970245361
NC_003070.9,27517194,27517276,JUNC_3535,1,-,GT,AG,0.9501675,0.92146176,0.9746270179748535,0.9908305406570435
NC_003070.9,27517388,27517799,JUNC_3536,1,-,GT,AG,0.53849447,0.81938124,0.00021621320047415793,0.010295962914824486
NC_003070.9,27528678,27528759,JUNC_18414,1,-,GT,AG,0.9870968,0.95944816,0.005357243586331606,0.0027742760721594095
NC_003070.9,27528851,27528938,JUNC_18415,1,-,GT,AG,0.99999833,0.99999905,0.03933144733309746,0.0011519239051267505
NC_003070.9,27529024,27529109,JUNC_18416,1,-,GT,AG,1.0,1.0,0.4308789372444153,0.029099246487021446
NC_003070.9,27529344,27529449,JUNC_18417,1,-,GT,AG,0.9999925,0.9999876,0.4488959312438965,0.2643001079559326
NC_003070.9,27529628,27530357,JUNC_18418,1,-,GT,AG,0.2847381,0.75541824,0.7168688774108887,0.003642959985882044
NC_003070.9,27540690,27540782,JUNC_14390,1,-,GT,AG,0.9999213,0.9999242,0.04584113135933876,0.007673794403672218
NC_003070.9,27540821,27540905,JUNC_14391,1,-,GT,AG,0.98793715,0.9799392,0.010547655634582043,0.8738328218460083
NC_003070.9,27540962,27541061,JUNC_14392,1,-,GT,AG,1.0,0.9999999,0.0006496976129710674,0.001031388295814395
NC_003070.9,27541210,27541296,JUNC_14393,1,-,GT,AG,0.9999975,0.9999932,0.0019130632281303406,0.004780930001288652
NC_003070.9,27541364,27541819,JUNC_14394,1,-,GT,AG,0.9989064,0.998445,0.555907130241394,0.0008651382522657514
NC_003070.9,27553050,27553141,JUNC_5666,1,-,GT,AG,0.00016591487,0.0005967531,0.07176284492015839,0.9899439811706543
NC_003070.9,27553187,27553266,JUNC_5667,1,-,GT,AG,0.7534253,0.59524417,0.9844449758529663,0.814879834651947
NC_003070.9,27553380,27553457,JUNC_9652,1,-,GT,AG,0.083216816,0.006877762,0.0216574277728796,0.006459865253418684
NC_003070.9,27553576,27553666,JUNC_5668,1,-,GT,AG,0.9942556,0.9939321,2.8449419460230274e-06,8.063478162512183e-06
NC_003070.9,27553738,27553818,JUNC_5669,1,-,GT,AG,0.9959056,0.9696097,8.026376008274383e-07,1.429039684808231e-06
NC_003070.9,27553887,27553977,JUNC_5670,1,-,GT,AG,0.9905944,0.9890675,0.10738501697778702,0.18692313134670258
NC_003070.9,27554064,27554141,JUNC_5671,1,-,GT,AG,0.99774516,0.996016,0.060731012374162674,0.9402703642845154
NC_003070.9,27554281,27554396,JUNC_5672,1,-,GT,AG,0.9996817,0.9995321,0.9931476712226868,0.052186332643032074
NC_003070.9,27554499,27554585,JUNC_5673,1,-,GT,AG,0.99979526,0.9996424,0.9984667897224426,0.9644014835357666
NC_003070.9,27554849,27554930,JUNC_5675,1,-,GT,AG,0.047415297,0.023036504,0.14021608233451843,0.9924753308296204
NC_003070.9,27556830,27556918,JUNC_3355,1,-,GT,AG,0.0006542861,0.0008843449,0.9571091532707214,0.046797946095466614
NC_003070.9,27557037,27557108,JUNC_10678,1,-,GT,AG,0.02073604,0.018105475,0.0014020191738381982,0.4714537262916565
NC_003070.9,27557180,27557276,JUNC_10679,1,-,GT,AG,0.9999747,0.99995303,0.05139290168881416,0.001318800263106823
NC_003070.9,27557345,27557450,JUNC_3356,1,-,GT,AG,0.9916066,0.99290365,0.9188030958175659,0.9665110111236572
NC_003070.9,27557531,27557615,JUNC_3357,1,-,GT,AG,0.9995388,0.99952054,0.90189129114151,0.9131942391395569
NC_003070.9,27557755,27557824,JUNC_3358,1,-,GT,AG,0.6673069,0.2951075,0.12431683391332626,0.0009679473005235195
NC_003070.9,27557927,27558031,JUNC_3359,1,-,GT,AG,0.94543105,0.79072195,0.9810702800750732,0.15545392036437988
NC_003070.9,27558154,27558236,JUNC_3360,1,-,GT,AG,0.9940789,0.9924782,0.9996881484985352,0.998781144618988
NC_003070.9,27558313,27558394,JUNC_3361,1,-,GT,AG,0.009397183,0.0028264462,0.10578815639019012,0.9778003692626953
NC_003070.9,27558540,27558624,JUNC_3362,1,-,GT,AG,0.5687267,0.34395283,0.9995235204696655,0.024145765230059624
NC_003070.9,27565900,27565986,JUNC_15740,1,-,GT,AG,0.99018985,0.99047124,0.9793710708618164,0.9930508136749268
NC_003070.9,27566100,27566180,JUNC_15741,1,-,GT,AG,0.9305736,0.82987034,0.9637885093688965,0.9450782537460327
NC_003070.9,27566365,27566443,JUNC_15742,1,-,GT,AG,0.99157345,0.99705327,0.0993606373667717,0.5787273645401001
NC_003070.9,27566586,27566870,JUNC_15743,1,-,GT,AG,0.97780025,0.9171483,1.962223723239731e-05,0.0013454277068376541
NC_003070.9,27575962,27576052,JUNC_10149,1,-,GT,AG,0.9996697,0.9993088,0.12313733994960785,0.03517834469676018
NC_003070.9,27576135,27576238,JUNC_10150,1,-,AT,AC,0.9999815,0.99986386,0.006015404127538204,0.15589264035224915
NC_003070.9,27576519,27576900,JUNC_10151,1,-,GT,AG,1.0,1.0,0.006524179130792618,0.00012684550893027335
NC_003070.9,27576965,27577077,JUNC_10152,1,-,GT,AG,0.9999974,0.999997,0.0031307856552302837,0.05010693892836571
NC_003070.9,27584952,27585028,JUNC_1199,1,-,GT,AG,0.9999963,0.99999774,0.08715392649173737,0.15191790461540222
NC_003070.9,27585167,27585251,JUNC_1200,1,-,GT,AG,0.9999194,0.99986255,0.085659921169281,0.36940798163414
NC_003070.9,27585818,27585892,JUNC_1201,1,-,GT,AG,0.9999995,0.99999785,0.09644199907779694,0.94050532579422
NC_003070.9,27586117,27586204,JUNC_1202,1,-,GT,AG,0.99929523,0.9991235,0.9853707551956177,0.7774596214294434
NC_003070.9,27586488,27586581,JUNC_1203,1,-,GT,AG,0.9999989,0.9999988,0.8094420433044434,0.9821271300315857
NC_003070.9,27586851,27586947,JUNC_1204,1,-,GT,AG,0.9997838,0.9998766,0.9087411761283875,0.5597501397132874
NC_003070.9,27587164,27587236,JUNC_1205,1,-,GT,AG,0.99999845,0.99999785,0.00062802794855088,0.15946568548679352
NC_003070.9,27587355,27587441,JUNC_1206,1,-,GT,AG,0.9992231,0.99968433,0.7795813679695129,0.8734559416770935
NC_003070.9,27587634,27587723,JUNC_1207,1,-,GT,AG,0.9999993,0.9999939,0.9302371740341187,0.9507008790969849
NC_003070.9,27587878,27587980,JUNC_1208,1,-,GT,AG,1.0,0.9999999,0.980156421661377,0.10936436057090759
NC_003070.9,27588113,27588219,JUNC_1209,1,-,GT,AG,0.7262049,0.7978177,0.016777893528342247,0.0030336910858750343
NC_003070.9,27588730,27588955,JUNC_9305,1,-,GT,AG,0.99929774,0.99898326,0.0027306918054819107,0.0096499128267169
NC_003070.9,27589281,27589361,JUNC_16574,1,+,GT,AG,0.2947622,0.11758198,0.8755508661270142,0.8681430816650391
NC_003070.9,27590109,27590186,JUNC_16575,1,+,GT,AG,0.9997656,0.99975985,0.865218997001648,0.8205387592315674
NC_003070.9,27590353,27590449,JUNC_16576,1,+,GT,AG,0.5840957,0.36891556,4.933082891511731e-06,9.772319486955894e-08
NC_003070.9,27591211,27591301,JUNC_4338,1,-,GT,AG,0.85785484,0.7748113,3.917678441212047e-06,4.304443734781671e-08
NC_003070.9,27591403,27591489,JUNC_4339,1,-,GT,AG,0.999295,0.9995303,0.003302202560007572,1.0345829082325508e-07
NC_003070.9,27591644,27591781,JUNC_4340,1,-,GT,AG,0.9588299,0.9342316,8.866122516337782e-05,0.0014994730008766055
NC_003070.9,27591871,27592399,JUNC_4341,1,-,GT,AG,0.9977906,0.9989567,0.7232903838157654,0.9933926463127136
NC_003070.9,27592498,27592689,JUNC_4342,1,-,GT,AG,1.0,1.0,0.01912028156220913,0.7880848050117493
NC_003070.9,27592756,27592856,JUNC_4343,1,-,GT,AG,0.9992299,0.9991117,0.9100438952445984,0.29178494215011597
NC_003070.9,27592953,27593349,JUNC_4344,1,-,GT,AG,0.9995097,0.9993932,9.061241144081578e-06,0.7695928812026978
NC_003070.9,27593485,27593604,JUNC_4345,1,-,GT,AG,0.99193776,0.99181986,0.5390399694442749,0.21927326917648315
NC_003070.9,27593663,27593744,JUNC_4346,1,-,GT,AG,0.9951817,0.9933294,0.08617088943719864,0.5400027632713318
NC_003070.9,27593819,27593901,JUNC_4347,1,-,GT,AG,0.9997371,0.9997372,0.06687198579311371,0.48705318570137024
NC_003070.9,27594166,27594494,JUNC_4348,1,-,GT,AG,0.9998202,0.99970126,0.48914408683776855,0.0015306706773117185
NC_003070.9,27594166,27594498,JUNC_8354,1,-,GT,AG,0.9999993,0.9999982,0.005129922181367874,0.001443913672119379
NC_003070.9,27594551,27594961,JUNC_8355,1,-,GT,AG,0.9985069,0.99970114,0.0016404282068833709,0.005767790134996176
NC_003070.9,27594551,27595540,JUNC_4349,1,-,GT,AG,0.99890983,0.99960333,0.3548756539821625,0.1298919916152954
NC_003070.9,27601972,27602083,JUNC_11208,1,+,GT,AG,0.97792244,0.9678323,0.008146040141582489,0.15023240447044373
NC_003070.9,27602515,27602859,JUNC_14890,1,+,GT,AG,0.9999676,0.99997747,0.00016003244672901928,0.011327255517244339
NC_003070.9,27604182,27604291,JUNC_5409,1,+,GT,AG,0.9994321,0.9993012,0.002658234676346183,7.906643440946937e-05
NC_003070.9,27604375,27604462,JUNC_5410,1,+,GT,AG,0.9999975,0.999992,0.0014528402825817466,0.0003923176846001297
NC_003070.9,27604570,27604723,JUNC_5411,1,+,GT,AG,0.9999933,0.99997747,0.9895663261413574,0.7666662335395813
NC_003070.9,27604768,27604865,JUNC_5412,1,+,GT,AG,0.99977154,0.9996148,0.7996816039085388,0.9981570839881897
NC_003070.9,27604940,27605040,JUNC_5413,1,+,GC,AG,0.99996233,0.9999796,0.9983128309249878,0.04256275296211243
NC_003070.9,27605136,27605349,JUNC_5414,1,+,GT,AG,1.0,1.0,0.9883472323417664,0.9844128489494324
NC_003070.9,27605427,27605663,JUNC_5415,1,+,GT,AG,0.99997044,0.9999839,0.9981613755226135,0.9569403529167175
NC_003070.9,27605749,27605886,JUNC_5416,1,+,GT,AG,0.9998428,0.99985766,0.05384232848882675,0.005106593482196331
NC_003070.9,27605953,27606129,JUNC_5417,1,+,GT,AG,0.9999844,0.99997306,5.340794814401306e-05,0.00016029250400606543
NC_003070.9,27606192,27606378,JUNC_5418,1,+,GT,AG,0.99992585,0.99997246,0.0007707643089815974,4.7700610593892634e-05
NC_003070.9,27606480,27606648,JUNC_5419,1,+,GT,AG,0.9999981,0.9999982,0.0009393293294124305,5.369012342271162e-06
NC_003070.9,27606753,27606842,JUNC_5420,1,+,GT,AG,0.9355374,0.8662739,0.0008530272170901299,0.00016883586067706347
NC_003070.9,27606935,27607226,JUNC_5421,1,+,GT,AG,0.9978294,0.99595106,0.01638345792889595,0.0026590207125991583
NC_003070.9,27607315,27607672,JUNC_5422,1,+,GT,AG,0.9999926,0.9999927,0.8967505097389221,0.5090771913528442
NC_003070.9,27607892,27608194,JUNC_5423,1,+,GT,AG,0.99950576,0.9994,0.9984055161476135,0.9852902889251709
NC_003070.9,27608284,27608357,JUNC_5424,1,+,GT,AG,0.044215452,0.09552588,0.02381921000778675,0.5792275667190552
NC_003070.9,27608474,27608571,JUNC_5425,1,+,GC,AG,0.9993482,0.99902534,0.1467212587594986,0.9678744077682495
NC_003070.9,27608604,27608806,JUNC_5426,1,+,GT,AG,0.9746524,0.9756625,0.10585003346204758,0.23386642336845398
NC_003070.9,27608893,27608967,JUNC_5427,1,+,GT,AG,0.9964761,0.9983425,0.9475015997886658,0.00764237018302083
NC_003070.9,27609030,27609205,JUNC_5428,1,+,GT,AG,0.047795616,0.057386577,0.1689012199640274,0.6787891387939453
NC_003070.9,27609322,27609594,JUNC_5429,1,+,GT,AG,0.99869627,0.9985323,0.9910411238670349,0.0006647583213634789
NC_003070.9,27609687,27609936,JUNC_5430,1,+,GT,AG,0.9999976,0.99999523,0.02206527255475521,0.3348211646080017
NC_003070.9,27610062,27610431,JUNC_5431,1,+,GT,AG,1.0,1.0,0.00600068224593997,0.9923800230026245
NC_003070.9,27610532,27610699,JUNC_5432,1,+,GT,AG,0.99999905,0.9999994,0.048841383308172226,0.0010125390253961086
NC_003070.9,27615002,27615228,JUNC_13488,1,+,GT,AG,0.999777,0.99937123,0.02534886822104454,0.7365858554840088
NC_003070.9,27616540,27616912,JUNC_13489,1,+,GT,AG,1.0,1.0,0.8708025217056274,0.34755173325538635
NC_003070.9,27617192,27617376,JUNC_13490,1,+,GT,AG,0.99998283,0.9999386,0.0025440386962145567,0.002007300965487957
NC_003070.9,27617484,27617566,JUNC_13491,1,+,GT,AG,0.29471,0.20105101,0.9991955161094666,0.9458898305892944
NC_003070.9,27617845,27618178,JUNC_13492,1,+,GT,AG,0.9999999,0.9999994,0.33582818508148193,0.9960886240005493
NC_003070.9,27618322,27618446,JUNC_13493,1,+,GT,AG,0.9996271,0.999663,0.9927863478660583,0.9761335849761963
NC_003070.9,27619895,27620077,JUNC_17577,1,+,GT,AG,0.97609484,0.90526634,0.9976012110710144,0.9852578043937683
NC_003070.9,27621271,27621690,JUNC_12056,1,+,GT,AG,0.9999902,0.9999908,0.9541245698928833,0.9964483976364136
NC_003070.9,27623050,27623338,JUNC_12057,1,+,GT,AG,1.0,1.0,0.9783245921134949,0.970999538898468
NC_003070.9,27623618,27623874,JUNC_12058,1,+,GT,AG,0.9999405,0.99995553,0.14917342364788055,0.9413567781448364
NC_003070.9,27623982,27624062,JUNC_12059,1,+,GT,AG,0.99143386,0.9836602,0.5390399694442749,0.21927326917648315
NC_003070.9,27624341,27624442,JUNC_12060,1,+,GT,AG,0.9999956,0.9999765,0.08617088943719864,0.5400027632713318
NC_003070.9,27624586,27624710,JUNC_12061,1,+,GT,AG,0.99987113,0.9998658,0.06687198579311371,0.0023647656198590994
NC_003070.9,27633577,27633664,JUNC_10801,1,-,GT,AG,0.9998351,0.9997942,0.48914408683776855,0.0015306706773117185
NC_003070.9,27634092,27634184,JUNC_10802,1,-,GT,AG,0.9996519,0.9994548,0.8248475193977356,0.940902829170227
NC_003070.9,27634289,27634521,JUNC_10803,1,-,GT,AG,0.99529374,0.9969015,0.2067907303571701,0.0010042749345302582
NC_003070.9,27634598,27634693,JUNC_10804,1,-,GT,AG,0.99943596,0.99931836,0.31944572925567627,0.0021090954542160034
NC_003070.9,27634742,27634828,JUNC_10805,1,-,GT,AG,0.9999782,0.99997354,0.10262276977300644,0.9110344052314758
NC_003070.9,27690828,27691234,JUNC_3573,1,-,GT,AG,0.99999547,0.99998486,0.26732465624809265,0.046889226883649826
NC_003070.9,27691279,27691482,JUNC_3574,1,-,GT,AG,0.99999845,0.9999988,0.029947429895401,0.03592788428068161
NC_003070.9,27704446,27704532,JUNC_2864,1,-,GT,AG,0.951993,0.87194335,0.014643817208707333,0.012966172769665718
NC_003070.9,27704776,27704848,JUNC_2865,1,-,GT,AG,0.99999857,0.99999774,1.3860270883014891e-05,8.480310498271137e-06
NC_003070.9,27705051,27705133,JUNC_2866,1,-,GT,AG,0.9999968,0.99999833,0.9967721104621887,0.9802902340888977
NC_003070.9,27705507,27705640,JUNC_2867,1,-,GT,AG,0.99983937,0.99985266,0.0019006835063919425,0.9831410646438599
NC_003070.9,27705854,27705941,JUNC_2868,1,-,GT,AG,0.23696694,0.13600017,0.997837245464325,0.0053114984184503555
NC_003070.9,27706072,27706178,JUNC_2869,1,-,GT,AG,0.9998389,0.9995003,0.9794010519981384,0.997916042804718
NC_003070.9,27706328,27706887,JUNC_2870,1,-,GT,AG,0.9999987,0.99999905,0.9801062941551208,0.8262141346931458
NC_003070.9,27707148,27707324,JUNC_2871,1,-,GT,AG,1.7473138e-05,1.2318469e-05,0.003524187719449401,0.9459657669067383
NC_003070.9,27730311,27730402,JUNC_5162,1,-,GT,AG,0.7685337,0.562672,0.7631499171257019,0.8248013854026794
NC_003070.9,27732102,27732328,JUNC_5163,1,-,GT,AG,0.9977639,0.99920315,0.8361018300056458,0.869255781173706
NC_003070.9,27736910,27736994,JUNC_6834,1,+,GT,AG,0.9863543,0.9829563,0.9201385974884033,0.7848854064941406
NC_003070.9,27737072,27737204,JUNC_6835,1,+,GT,AG,0.9999764,0.99996257,0.9957138299942017,0.9975249171257019
NC_003070.9,27737394,27737492,JUNC_6836,1,+,GT,AG,0.997519,0.99783367,0.0004969005822204053,0.016375545412302017
NC_003070.9,27737620,27737731,JUNC_6837,1,+,GT,AG,0.9999589,0.99995077,0.04042036831378937,1.9983086531283334e-05
NC_003070.9,27737834,27737907,JUNC_6838,1,+,GT,AG,0.50739664,0.12606572,0.9582651257514954,0.026807216927409172
NC_003070.9,27738008,27738107,JUNC_6839,1,+,GC,AG,0.99969995,0.99955434,0.1007717102766037,0.6781308054924011
NC_003070.9,27738282,27738371,JUNC_6840,1,+,GT,AG,0.21284361,0.12780605,2.8936833373904847e-08,8.499281420881744e-07
NC_003070.9,27738542,27738643,JUNC_6841,1,+,GT,AG,0.18298197,0.20662643,0.9917945265769958,0.19306273758411407
NC_003070.9,27738744,27738827,JUNC_8623,1,+,GT,AG,0.8980453,0.8664183,0.3437955975532532,0.4379509389400482
NC_003070.9,27742416,27742582,JUNC_13169,1,+,GT,AG,0.999998,0.99999464,0.769097089767456,0.2601037621498108
NC_003070.9,27755960,27756442,JUNC_13133,1,-,GT,AG,0.99981374,0.99936086,0.2044176310300827,0.01735108532011509
NC_003070.9,27756588,27756943,JUNC_13134,1,-,GT,AG,1.0,1.0,8.404578693443909e-05,0.04863318055868149
NC_003070.9,27760398,27760508,JUNC_16640,1,+,GT,AG,0.97242767,0.97276366,2.12418444789364e-06,6.228585789358476e-06
NC_003070.9,27760625,27760713,JUNC_16641,1,+,GT,AG,0.999998,0.999998,1.152247705249465e-06,2.5023775833687978e-06
NC_003070.9,27760779,27760853,JUNC_16642,1,+,GT,AG,0.99529916,0.98625493,6.284561095526442e-06,0.008226798847317696
NC_003070.9,27760922,27761025,JUNC_16643,1,+,GT,AG,0.9999958,0.9999888,0.0019370652735233307,0.00450542476028204
NC_003070.9,27761103,27761262,JUNC_16644,1,+,GT,AG,0.99459076,0.9964146,0.010390562936663628,0.002917299745604396
NC_003070.9,27764062,27764299,JUNC_5066,1,-,GT,AG,0.9999995,0.99999964,0.004930094815790653,0.0005697807646356523
NC_003070.9,27764488,27764865,JUNC_5067,1,-,GT,AG,0.9999863,0.99997187,0.0001602352422196418,0.003918081521987915
NC_003070.9,27764946,27765060,JUNC_5068,1,-,GT,AG,0.9991955,0.999663,5.335738023859449e-06,0.018673673272132874
NC_003070.9,27765618,27765703,JUNC_5069,1,-,GT,AG,0.99997485,0.9999546,1.597469236003235e-05,2.3797615256171412e-07
NC_003070.9,27765742,27765871,JUNC_14513,1,-,GT,AG,0.80837494,0.8846894,0.07578305900096893,0.39143314957618713
NC_003070.9,27765742,27766015,JUNC_5070,1,-,GT,AG,0.99970734,0.9997348,0.0440811850130558,0.001988735282793641
NC_003070.9,27766093,27766232,JUNC_5071,1,-,GT,AG,0.3880642,0.23359838,0.5492037534713745,0.39931294322013855
NC_003070.9,27781403,27781541,JUNC_10377,1,+,GT,AG,0.999521,0.99966025,0.0003592806460801512,0.007269574794918299
NC_003070.9,27781705,27781778,JUNC_10378,1,+,GC,AG,0.9999994,0.9999987,0.41692447662353516,0.8876028060913086
NC_003070.9,27781844,27781917,JUNC_10379,1,+,GT,AG,0.981386,0.97564054,0.4595246911048889,0.14375020563602448
NC_003070.9,27781970,27782311,JUNC_10380,1,+,GT,AG,0.99998367,0.9999906,0.9672858715057373,0.18280859291553497
NC_003070.9,27782393,27782618,JUNC_10381,1,+,GT,AG,0.9998505,0.9997496,0.0047472515143454075,0.03324784338474274
NC_003070.9,27782668,27782787,JUNC_10382,1,+,GT,AG,0.99795324,0.99708813,0.03201479837298393,0.0004563452093861997
NC_003070.9,27782860,27783085,JUNC_10383,1,+,GT,AG,0.17495781,0.07590289,0.17458117008209229,0.507041871547699
NC_003070.9,27783178,27783263,JUNC_10384,1,+,GT,AG,0.9947231,0.9882058,0.6929818391799927,0.8604332208633423
NC_003070.9,27783296,27783417,JUNC_10385,1,+,GT,AG,0.97788835,0.9936604,0.0005535476375371218,0.0027846975717693567
NC_003070.9,27783509,27783741,JUNC_10386,1,+,GT,AG,0.99995553,0.9999758,0.14500074088573456,0.19263166189193726
NC_003070.9,27783874,27784065,JUNC_10387,1,+,GT,AG,0.9999864,0.99998164,0.7931904792785645,0.1798967719078064
NC_003070.9,27784151,27784280,JUNC_10388,1,+,GT,AG,0.9999831,0.9999411,0.98267662525177,0.49546104669570923
NC_003070.9,27784365,27784508,JUNC_10389,1,+,GT,AG,0.2630877,0.33741692,0.3331584632396698,0.9832127690315247
NC_003070.9,27789305,27789441,JUNC_10345,1,+,GT,AG,0.98145205,0.9923001,0.9158557653427124,0.014897787943482399
NC_003070.9,27789533,27789662,JUNC_10346,1,+,GT,AG,0.9999999,0.99999964,0.414122074842453,1.1755405182611867e-07
NC_003070.9,27789809,27789896,JUNC_10347,1,+,GT,AG,1.0,1.0,0.03303324803709984,0.00016473731375299394
NC_003070.9,27789970,27790075,JUNC_17773,1,+,GT,AG,0.9999893,0.9999902,0.6825962066650391,0.01589333638548851
NC_003070.9,27789970,27790122,JUNC_10348,1,+,GT,AG,0.9997949,0.9995759,0.9960575103759766,0.8422481417655945
NC_003070.9,27790334,27790429,JUNC_10349,1,+,GT,AG,0.5822413,0.3574538,0.2606090009212494,0.7210464477539062
NC_003070.9,27817590,27817657,JUNC_9759,1,+,GT,AG,0.962902,0.98086745,0.0003796661621890962,0.8906675577163696
NC_003070.9,27818796,27818909,JUNC_112,1,+,GT,AG,0.99665505,0.997008,0.14786449074745178,0.00038898433558642864
NC_003070.9,27819057,27819153,JUNC_9760,1,+,GT,AG,0.99189293,0.9914219,0.9857301712036133,0.0006979693425819278
NC_003070.9,27819301,27819394,JUNC_113,1,+,GT,AG,0.9999856,0.9999914,0.0032778584863990545,0.0056876190938055515
NC_003070.9,27819613,27819723,JUNC_114,1,+,GT,AG,0.9995004,0.99885225,0.0018793550552800298,2.7147738364874385e-05
NC_003070.9,27820510,27820722,JUNC_16972,1,-,GT,AG,0.9998465,0.99981886,0.29301002621650696,0.006716134957969189
NC_003070.9,27820944,27821053,JUNC_16973,1,-,GT,AG,0.9999968,0.9999958,0.019399533048272133,0.0005284746875986457
NC_003070.9,27821177,27821295,JUNC_16974,1,-,GT,AG,0.999907,0.99992764,0.005143926944583654,1.8950451703858562e-05
NC_003070.9,27821408,27821497,JUNC_16975,1,-,GT,AG,0.99999905,0.99999595,0.12677991390228271,0.43026676774024963
NC_003070.9,27821620,27821718,JUNC_16976,1,-,GT,AG,1.0,1.0,0.00946840550750494,0.0015682571101933718
NC_003070.9,27821913,27822026,JUNC_16977,1,-,GT,AG,0.99999964,0.99999976,0.3963886499404907,0.0021310977172106504
NC_003070.9,27822200,27822314,JUNC_16978,1,-,GT,AG,0.9999999,0.99999976,0.47983381152153015,0.00021014857338741422
NC_003070.9,27822428,27822612,JUNC_16979,1,-,GT,AG,0.99354386,0.9607908,0.007720009423792362,0.00961163081228733
NC_003070.9,27822808,27822953,JUNC_16980,1,-,GT,AG,0.9986059,0.9922697,0.01661709137260914,0.09524369984865189
NC_003070.9,27823068,27823190,JUNC_16981,1,-,GT,AG,0.99998176,0.9998512,0.7356899380683899,0.0003292790788691491
NC_003070.9,27823564,27823656,JUNC_16982,1,-,GT,AG,0.99998593,0.99998736,5.491880438057706e-05,0.0020133096259087324
NC_003070.9,27823829,27823937,JUNC_16983,1,-,GT,AG,0.0045893085,0.016669849,0.03790440782904625,0.013550788164138794
NC_003070.9,27835790,27836074,JUNC_10472,1,-,GT,AG,0.99999464,0.99998844,0.7535033226013184,0.05019761994481087
NC_003070.9,27836344,27837041,JUNC_10473,1,-,GT,AG,1.0,1.0,0.37987443804740906,0.5752379894256592
NC_003070.9,27839530,27839618,JUNC_3096,1,-,GT,AG,0.9998882,0.99967086,0.004961400758475065,0.016599072143435478
NC_003070.9,27839669,27839737,JUNC_3097,1,-,GT,AG,0.99964535,0.99960583,0.005782258231192827,0.0006339223473332822
NC_003070.9,27839884,27840004,JUNC_3098,1,-,GT,AG,0.99999356,0.9999753,0.28236010670661926,0.0601409375667572
NC_003070.9,27840322,27840451,JUNC_3099,1,-,GT,AG,1.0,0.9999999,0.1501898169517517,0.06062014773488045
NC_003070.9,27840606,27840831,JUNC_3100,1,-,GT,AG,1.0,1.0,0.3731212317943573,0.2529292404651642
NC_003070.9,27841139,27841512,JUNC_3101,1,-,GT,AG,0.9999919,0.99999094,0.9546328783035278,0.9523923397064209
NC_003070.9,27842964,27843102,JUNC_10708,1,+,GT,AG,0.9999975,0.999997,2.473853328410769e-06,0.8758583664894104
NC_003070.9,27843316,27843402,JUNC_10709,1,+,GT,AG,1.0,1.0,0.9675059914588928,0.03180982917547226
NC_003070.9,27843483,27843648,JUNC_10710,1,+,GT,AG,1.0,1.0,0.43944600224494934,0.3448580801486969
NC_003070.9,27843741,27843842,JUNC_10711,1,+,GT,AG,0.99999976,0.99999976,0.008253387175500393,0.5153000354766846
NC_003070.9,27843929,27844207,JUNC_10712,1,+,GT,AG,1.0,1.0,0.409103125333786,0.000844380003400147
NC_003070.9,27844308,27844390,JUNC_10713,1,+,GT,AG,0.9911321,0.969634,0.1391872763633728,0.5254564881324768
NC_003070.9,27844424,27844506,JUNC_10714,1,+,GT,AG,0.9999459,0.9999536,0.005066537763923407,0.07326828688383102
NC_003070.9,27844581,27844755,JUNC_10715,1,+,GT,AG,1.0,1.0,0.31874293088912964,0.0003981525369454175
NC_003070.9,27844839,27844940,JUNC_10716,1,+,GT,AG,0.9999999,0.99999976,0.35481858253479004,0.008837045170366764
NC_003070.9,27845075,27845165,JUNC_10717,1,+,GT,AG,0.9999988,0.99999857,0.9274400472640991,0.8550984263420105
NC_003070.9,27845311,27845427,JUNC_10718,1,+,GT,AG,0.8549251,0.8587398,0.04743107780814171,0.9192787408828735
NC_003070.9,27851863,27851943,JUNC_9091,1,-,GT,AG,0.9965005,0.98877025,0.9934875965118408,0.03134649246931076
NC_003070.9,27852518,27852597,JUNC_9092,1,-,GT,AG,0.99839044,0.99925596,0.9989751577377319,0.995177149772644
NC_003070.9,27856104,27856221,JUNC_2874,1,+,GT,AG,1.0,1.0,0.997248113155365,0.06419314444065094
NC_003070.9,27856351,27856693,JUNC_2875,1,+,GT,AG,0.99994814,0.99980015,0.004731426015496254,0.9884048700332642
NC_003070.9,27880699,27881068,JUNC_10029,1,+,GT,AG,0.99990225,0.9998517,0.9928433299064636,0.1213141456246376
NC_003070.9,27881218,27881356,JUNC_10030,1,+,GT,AG,0.99994874,0.9998159,0.043029848486185074,0.97313392162323
NC_003070.9,27881524,27881767,JUNC_10031,1,+,GT,AG,0.9999764,0.9999851,0.06639794260263443,0.19019253551959991
NC_003070.9,27881920,27881997,JUNC_10032,1,+,GT,AG,0.99897075,0.9992974,0.4534362256526947,0.001882083248347044
NC_003070.9,27882150,27882242,JUNC_10033,1,+,GT,AG,0.9999887,0.9999825,0.05272342637181282,0.9731410145759583
NC_003070.9,27882407,27882544,JUNC_10034,1,+,GT,AG,0.9944196,0.990276,0.9903984069824219,0.9863759875297546
NC_003070.9,27882658,27882742,JUNC_10035,1,+,GT,AG,0.9992654,0.9985129,0.12644578516483307,0.00893349852412939
NC_003070.9,27882932,27883027,JUNC_10036,1,+,GC,AG,0.9999844,0.99996567,0.0022689797915518284,0.005564116407185793
NC_003070.9,27883295,27883376,JUNC_10037,1,+,GT,AG,0.99999905,0.9999994,0.0024390281178057194,0.036669522523880005
NC_003070.9,27883485,27883567,JUNC_10038,1,+,GT,AG,0.9982027,0.9959427,0.3741616904735565,0.00026770008844323456
NC_003070.9,27899364,27899518,JUNC_14884,1,-,GT,AG,0.999998,0.99999726,0.015844503417611122,0.8131476640701294
NC_003070.9,27899593,27899691,JUNC_14885,1,-,GC,AG,0.99948937,0.9983321,0.20187292993068695,0.3413066267967224
NC_003070.9,27899766,27899912,JUNC_14886,1,-,GT,AG,0.99993944,0.99981934,0.9063820242881775,0.6893355846405029
NC_003070.9,27899981,27900081,JUNC_14887,1,-,GT,AG,0.9999999,0.9999999,0.9962688684463501,0.9179283976554871
NC_003070.9,27900237,27900520,JUNC_14888,1,-,GT,AG,1.0,1.0,0.610393762588501,0.05290627107024193
NC_003070.9,27904772,27904822,JUNC_3663,1,-,GT,AG,0.00032239596,0.00021077276,0.16023075580596924,0.42402225732803345
NC_003070.9,27904936,27905082,JUNC_3664,1,-,GT,AG,0.99782825,0.997577,0.16994033753871918,0.0007582297548651695
NC_003070.9,27905157,27905309,JUNC_3665,1,-,GT,AG,0.99999917,0.999998,0.8571635484695435,0.018065253272652626
NC_003070.9,27905465,27905788,JUNC_3666,1,-,GT,AG,0.9999981,0.9999976,0.8340939283370972,0.9668614864349365
NC_003070.9,27914756,27915327,JUNC_9491,1,+,GT,AG,0.85290974,0.91627747,0.003927777986973524,0.6116527318954468
NC_003070.9,27915463,27915545,JUNC_9492,1,+,GT,AG,0.9999069,0.999777,0.9838089346885681,0.0005393779138103127
NC_003070.9,27915614,27915734,JUNC_9493,1,+,GT,AG,0.9999999,0.9999995,0.9517678022384644,0.981444239616394
NC_003070.9,27915838,27916278,JUNC_9494,1,+,GT,AG,0.99994683,0.9998352,0.9706786870956421,0.9924858808517456
NC_003070.9,27917530,27917792,JUNC_16436,1,+,GT,AG,0.9996532,0.99973315,0.8892329931259155,0.9736137986183167
NC_003070.9,27917908,27918035,JUNC_16437,1,+,GT,AG,0.9995789,0.9986046,4.88136283820495e-05,1.8091152753640927e-07
NC_003070.9,27918093,27918285,JUNC_16438,1,+,GT,AG,0.997329,0.998527,0.0012778954114764929,0.6887803673744202
NC_003070.9,27918435,27918922,JUNC_16439,1,+,GT,AG,0.65556204,0.45371777,0.0007323311874642968,0.00018146335787605494
NC_003070.9,27919133,27919240,JUNC_16440,1,+,GT,AG,0.98865116,0.9700842,0.2979961633682251,0.05180325731635094
NC_003070.9,27919286,27919380,JUNC_16441,1,+,GT,AG,0.9994481,0.9979969,0.05792967230081558,0.7118719816207886
NC_003070.9,27919492,27919574,JUNC_16442,1,+,GT,AG,0.9976292,0.9982608,0.44752994179725647,0.20695354044437408
NC_003070.9,27919647,27919752,JUNC_16443,1,+,GT,AG,0.7861193,0.8559482,0.004671174101531506,0.01537053007632494
NC_003070.9,27923819,27923915,JUNC_9114,1,-,GT,AG,0.9999273,0.9997433,0.8148708343505859,0.24606899917125702
NC_003070.9,27926292,27926391,JUNC_9115,1,-,GT,AG,0.99974793,0.9993637,0.01069782767444849,0.8710452318191528
NC_003070.9,27926960,27927043,JUNC_9116,1,-,GT,AG,0.99759483,0.9927297,0.9451591372489929,0.2888372540473938
NC_003070.9,27927464,27927722,JUNC_9117,1,-,GT,AG,0.9999906,0.99998295,0.22125087678432465,0.015765884891152382
NC_003070.9,27930078,27930328,JUNC_13375,1,+,GT,AG,0.99999154,0.99999404,0.30311378836631775,0.06464516371488571
NC_003070.9,27935637,27935703,JUNC_2326,1,+,GT,AG,0.9999474,0.9999677,0.9532061815261841,6.033828867657576e-07
NC_003070.9,27954386,27954678,JUNC_2363,1,+,GT,AG,0.98082757,0.9790411,0.06143651902675629,0.0028304436709731817
NC_003070.9,27962000,27962093,JUNC_1574,1,-,GT,AG,0.98390794,0.99634403,0.02035014145076275,0.18535171449184418
NC_003070.9,27962815,27963011,JUNC_1575,1,-,GT,AG,0.4835557,0.578891,0.007822856307029724,0.08470460772514343
NC_003070.9,27963075,27963158,JUNC_1576,1,-,GT,AG,0.98800206,0.98743105,2.9129429094609804e-05,0.005138762295246124
NC_003070.9,27963205,27963308,JUNC_1577,1,-,GT,AG,0.9999604,0.9998426,8.199380317819305e-06,1.0912334857948736e-07
NC_003070.9,27963466,27963537,JUNC_1578,1,-,GT,AG,0.9999999,0.9999999,0.029578864574432373,0.0029718822333961725
NC_003070.9,27965843,27966259,JUNC_13924,1,+,GT,AG,0.99998355,0.9999784,0.010409492067992687,0.14511306583881378
NC_003070.9,27966438,27966909,JUNC_13925,1,+,GT,AG,0.99673223,0.9984622,0.02259032614529133,0.2059238851070404
NC_003070.9,27966993,27967313,JUNC_13926,1,+,GT,AG,0.99705493,0.997061,0.08061424642801285,0.0024173392448574305
NC_003070.9,27967472,27967552,JUNC_13927,1,+,GT,AG,0.9999163,0.999803,0.9696331024169922,0.01753712259232998
NC_003070.9,27969333,27969546,JUNC_14909,1,-,GT,AG,0.99982625,0.9998568,0.1078607365489006,0.9346746802330017
NC_003070.9,27975541,27976307,JUNC_17350,1,+,GT,AG,0.99988794,0.9999403,0.0026542579289525747,0.018960798159241676
NC_003070.9,27976437,27976565,JUNC_17351,1,+,GT,AG,0.06395848,0.07812536,0.0026431020814925432,0.005413663573563099
NC_003070.9,27976819,27976990,JUNC_2781,1,-,GT,AG,0.055869658,0.04415278,0.8953529000282288,0.91630619764328
NC_003070.9,27977203,27979196,JUNC_2782,1,-,GT,AG,0.1434086,0.06875032,0.8435781002044678,0.9874447584152222
NC_003070.9,27979336,27979415,JUNC_2783,1,-,GT,AG,0.00039346082,0.00020368674,0.003442717483267188,0.9993640780448914
NC_003070.9,27979487,27979575,JUNC_2784,1,-,GT,AG,0.9995016,0.99933267,0.999609649181366,0.762722373008728
NC_003070.9,27979638,27980008,JUNC_2785,1,-,GT,AG,0.99692756,0.9964091,0.9689127206802368,0.24968141317367554
NC_003070.9,27986024,27986129,JUNC_15637,1,+,GA,CA,0.91133004,0.93528944,0.3965684771537781,0.9617936015129089
NC_003070.9,27986197,27986284,JUNC_15638,1,+,GG,GG,0.0111763235,0.02035448,0.981306791305542,0.0751274824142456
NC_003070.9,27986335,27986449,JUNC_15639,1,+,GT,GT,0.0062952866,0.010584726,0.9987875819206238,0.00012926434283144772
NC_003070.9,27991949,27992056,JUNC_16550,1,+,GT,AG,1.0,1.0,0.99970942735672,0.9990253448486328
NC_003070.9,27992453,27992540,JUNC_16551,1,+,GT,AG,0.9999993,0.99999833,0.9358759522438049,0.9991545677185059
NC_003070.9,28009973,28010058,JUNC_14542,1,-,GC,AG,0.99942625,0.99951303,7.880623888922855e-05,0.027718327939510345
NC_003070.9,28010124,28010206,JUNC_14543,1,-,GT,AG,0.9994635,0.99964845,0.011261587031185627,0.16955342888832092
NC_003070.9,28010284,28010456,JUNC_14544,1,-,GT,AG,0.999998,0.99999726,0.9884877800941467,0.03566351905465126
NC_003070.9,28010570,28010661,JUNC_14545,1,-,GT,AG,0.9999994,0.99999976,0.787988007068634,0.9603322744369507
NC_003070.9,28010750,28010836,JUNC_14546,1,-,GT,AG,0.98684305,0.9791869,0.008982876315712929,0.4014814794063568
NC_003070.9,28010877,28010975,JUNC_14547,1,-,GT,AG,0.26518083,0.4377534,0.7350292205810547,0.000569468829780817
NC_003070.9,28011040,28011137,JUNC_14548,1,-,GT,AG,0.92338,0.9038555,0.7102087736129761,0.27898815274238586
NC_003070.9,28011304,28011902,JUNC_14549,1,-,GT,AG,0.99999964,0.99999976,0.642250657081604,0.6654085516929626
NC_003070.9,28023224,28023389,JUNC_3491,1,+,GT,AG,0.9196688,0.8604921,0.21965226531028748,0.051044587045907974
NC_003070.9,28023522,28023900,JUNC_3492,1,+,GT,AG,0.174154,0.2368357,0.9694278836250305,0.8089244961738586
NC_003070.9,28045961,28047767,JUNC_4823,1,-,GT,AG,0.99997187,0.9999937,0.9766381978988647,0.9803960919380188
NC_003070.9,28061529,28061672,JUNC_14323,1,-,GT,AG,0.996277,0.99106264,0.9703215956687927,0.6862789392471313
NC_003070.9,28062744,28062860,JUNC_14324,1,-,GT,AG,0.9998841,0.9990432,0.00042963153100572526,0.054901979863643646
NC_003070.9,28062935,28063056,JUNC_14325,1,-,GT,AG,0.99999917,0.99999845,0.8028609752655029,0.6500222086906433
NC_003070.9,28063260,28063372,JUNC_14326,1,-,GT,AG,0.9999907,0.9999881,0.23140569031238556,0.727536141872406
NC_003070.9,28063672,28063843,JUNC_14327,1,-,GT,AG,1.0,0.9999999,0.4197528660297394,0.392264723777771
NC_003070.9,28063946,28064475,JUNC_14328,1,-,GT,AG,0.74767405,0.84841543,0.0011769043048843741,5.559163014368096e-07
NC_003070.9,28070507,28070601,JUNC_14409,1,+,GT,AG,0.9508252,0.9579821,0.9292019009590149,0.9832838773727417
NC_003070.9,28070790,28071545,JUNC_14410,1,+,GT,AG,0.9999275,0.99996877,0.8765804171562195,0.18461668491363525
NC_003070.9,28071923,28071999,JUNC_14411,1,+,GT,AG,0.9999809,0.9999057,0.9834400415420532,0.6464816927909851
NC_003070.9,28072263,28072355,JUNC_14412,1,+,GT,AG,0.99999964,0.9999987,0.8609317541122437,0.991928219795227
NC_003070.9,28072430,28072512,JUNC_14413,1,+,GT,AG,0.999998,0.99999523,0.9942048192024231,0.003870216431096196
NC_003070.9,28072581,28072693,JUNC_14414,1,+,GT,AG,0.99724054,0.9976381,0.0048240614123642445,0.0074043371714651585
NC_003070.9,28072812,28072898,JUNC_14415,1,+,GT,AG,0.9998661,0.9997969,0.2757960855960846,0.6449477076530457
NC_003070.9,28072956,28073052,JUNC_14416,1,+,GT,AG,0.99998415,0.9999875,0.05027323216199875,0.013514898717403412
NC_003070.9,28073163,28073255,JUNC_14417,1,+,GT,AG,0.9999999,0.9999999,0.025735454633831978,0.261405348777771
NC_003070.9,28073340,28073431,JUNC_14418,1,+,GT,AG,1.0,1.0,0.005223462823778391,0.0004244056181050837
NC_003070.9,28073529,28073656,JUNC_14419,1,+,GT,AG,1.0,1.0,0.0001334002590738237,0.004195616114884615
NC_003070.9,28085970,28086229,JUNC_9645,1,+,GT,AG,0.5728466,0.716412,0.004492623265832663,5.118120679981075e-05
NC_003070.9,28086692,28086796,JUNC_9646,1,+,GT,AG,0.99998856,0.99999,0.06748145818710327,0.26588404178619385
NC_003070.9,28108747,28108838,JUNC_3102,1,+,GT,AG,0.081423484,0.014570851,0.0001346805365756154,0.0025241209659725428
NC_003070.9,28109254,28109343,JUNC_3103,1,+,GT,AG,0.9933503,0.9807022,0.006416975520551205,0.000997213996015489
NC_003070.9,28109509,28109595,JUNC_3104,1,+,GT,AG,0.9991223,0.9990808,0.00026723259361460805,0.0005836193449795246
NC_003070.9,28109762,28109838,JUNC_3105,1,+,GT,AG,0.9999083,0.9996219,0.041078832000494,0.03002799116075039
NC_003070.9,28110012,28110095,JUNC_3106,1,+,GT,AG,0.99995387,0.9999554,0.13612107932567596,0.024875303730368614
NC_003070.9,28110191,28110268,JUNC_3107,1,+,GT,AG,0.99980575,0.99946266,0.062318190932273865,0.05092711001634598
NC_003070.9,28110385,28110451,JUNC_3108,1,+,GT,AG,0.9999745,0.9999311,0.05203508213162422,0.0006287539144977927
NC_003070.9,28110789,28110869,JUNC_3109,1,+,GT,AG,0.9997992,0.999899,0.0004763866891153157,0.14789044857025146
NC_003070.9,28111149,28111250,JUNC_3110,1,+,GT,AG,0.9999466,0.9999275,0.06705969572067261,0.9533441662788391
NC_003070.9,28111370,28111474,JUNC_3111,1,+,GT,AG,0.99696356,0.9972849,0.30776411294937134,0.521513044834137
NC_003070.9,28119570,28119670,JUNC_17604,1,-,GT,AG,0.73412794,0.61883944,0.41317805647850037,0.02978985384106636
NC_003070.9,28119775,28119866,JUNC_17605,1,-,GT,AG,0.97392786,0.9804719,0.2947634160518646,0.006137626711279154
NC_003070.9,28120181,28120479,JUNC_17606,1,-,GT,AG,1.0,1.0,0.9131163358688354,0.9586783647537231
NC_003070.9,28139259,28139361,JUNC_13954,1,-,GT,AG,0.9997838,0.9997613,0.939460039138794,0.6880419850349426
NC_003070.9,28139468,28139571,JUNC_13955,1,-,GT,AG,0.99994457,0.9999492,0.00027588565717451274,5.572430382017046e-06
NC_003070.9,28139632,28139755,JUNC_13956,1,-,GT,AG,0.99112976,0.9853516,0.02656746469438076,0.5967211127281189
NC_003070.9,28139907,28139995,JUNC_13957,1,-,GT,AG,0.99997795,0.9999689,0.20132067799568176,0.28663837909698486
NC_003070.9,28140073,28140355,JUNC_13958,1,-,GT,AG,0.99999917,0.9999989,0.35165178775787354,0.9527165293693542
NC_003070.9,28140469,28140693,JUNC_13959,1,-,GT,AG,0.9999318,0.9997769,0.9888127446174622,0.05045101419091225
NC_003070.9,28140770,28140946,JUNC_13960,1,-,GT,AG,0.9999839,0.9999615,0.676750123500824,0.999381422996521
NC_003070.9,28141013,28141109,JUNC_13961,1,-,GT,AG,0.99997115,0.9999838,0.0010771917877718806,0.7995815873146057
NC_003070.9,28141175,28141303,JUNC_13962,1,-,GT,AG,0.9999949,0.99998605,0.10941825062036514,0.00022388667275663465
NC_003070.9,28141427,28141510,JUNC_13963,1,-,GT,AG,0.999597,0.99935323,0.007954924367368221,0.441811740398407
NC_003070.9,28141603,28141702,JUNC_13964,1,-,GT,AG,0.99999535,0.9999968,0.9983499050140381,0.002028504153713584
NC_003070.9,28141851,28141937,JUNC_13965,1,-,GT,AG,1.0,1.0,0.9991307854652405,0.9962952733039856
NC_003070.9,28142018,28142121,JUNC_13966,1,-,GT,AG,0.9999999,0.9999999,0.13972662389278412,0.9990436434745789
NC_003070.9,28142264,28142464,JUNC_13967,1,-,GT,AG,0.9999999,0.99999976,0.9962521195411682,0.28086331486701965
NC_003070.9,28149006,28149098,JUNC_16726,1,-,GT,AG,0.5645606,0.6220835,0.9937606453895569,0.9975293278694153
NC_003070.9,28149156,28149243,JUNC_4279,1,-,GT,AG,0.9999988,0.9999987,0.9989534616470337,0.9978427886962891
NC_003070.9,28149521,28149613,JUNC_4280,1,-,GT,AG,0.9999969,0.99999714,0.9239333271980286,0.9826781153678894
NC_003070.9,28149791,28150110,JUNC_4281,1,-,GT,AG,1.0,0.9999999,0.9379260540008545,0.6497020125389099
NC_003070.9,28152273,28152511,JUNC_4846,1,-,GT,AG,0.95647806,0.9618678,0.6440762281417847,0.9555448889732361
NC_003070.9,28152680,28152789,JUNC_1775,1,-,GT,AG,0.99997675,0.99994755,0.9659906625747681,0.05596812814474106
NC_003070.9,28152849,28152972,JUNC_1776,1,-,GT,AG,0.9999958,0.9999963,0.9827410578727722,0.23871271312236786
NC_003070.9,28153053,28153128,JUNC_1777,1,-,GT,AG,0.99999404,0.9999913,0.0018931844970211387,0.0002876613289117813
NC_003070.9,28153283,28153392,JUNC_1778,1,-,GT,AG,0.99987304,0.9998111,0.9845368266105652,0.9875956773757935
NC_003070.9,28153477,28153614,JUNC_1779,1,-,GT,AG,0.99999774,0.99999595,0.2748849391937256,0.015600658021867275
NC_003070.9,28153683,28153918,JUNC_1780,1,-,GT,AG,0.99999976,0.9999994,0.6720691323280334,0.6718260049819946
NC_003070.9,28153998,28154088,JUNC_1781,1,-,GT,AG,0.8386717,0.8261253,0.896307110786438,0.005469076801091433
NC_003070.9,28154134,28154228,JUNC_1782,1,-,GT,AG,0.9095242,0.91200954,0.36162951588630676,0.004711386281996965
NC_003070.9,28154324,28154414,JUNC_1783,1,-,GT,AG,0.99156874,0.9966794,0.27963340282440186,0.3105534017086029
NC_003070.9,28154525,28154724,JUNC_1784,1,-,GT,AG,0.99999905,0.9999994,0.9101066589355469,4.4264870666665956e-05
NC_003070.9,28154928,28155036,JUNC_1785,1,-,GT,AG,0.99995804,0.99936956,0.012225663289427757,0.9659208059310913
NC_003070.9,28155239,28155629,JUNC_1786,1,-,GT,AG,0.9999999,0.9999999,0.010844944976270199,0.00019069614063482732
NC_003070.9,28177802,28178060,JUNC_15667,1,+,GT,AG,0.0042811586,0.010386973,0.0001470167189836502,0.00166398158762604
NC_003070.9,28180164,28180370,JUNC_16090,1,+,GT,AG,0.120227806,0.25794658,0.8490100502967834,0.0008415336487814784
NC_003070.9,28195460,28195711,JUNC_15055,1,-,GT,AG,1.0,0.9999999,0.6451472043991089,0.3679927587509155
NC_003070.9,28199307,28199426,JUNC_2738,1,-,GT,AG,0.48152655,0.5045973,0.8698179721832275,0.09236256778240204
NC_003070.9,28213949,28214345,JUNC_8954,1,+,GT,AG,0.8967469,0.9362935,0.1517765372991562,0.04675542563199997
NC_003070.9,28214473,28214570,JUNC_8955,1,+,GT,AG,0.9950276,0.9940698,0.0131470812484622,0.3369957506656647
NC_003070.9,28214747,28214829,JUNC_17130,1,+,GT,AG,0.9992736,0.9991309,0.0006576161831617355,0.9369199872016907
NC_003070.9,28214747,28214836,JUNC_8956,1,+,GT,AG,0.98906904,0.977815,0.9248208403587341,0.0001185740256914869
NC_003070.9,28214928,28215012,JUNC_8957,1,+,GT,AG,0.9945074,0.9878619,0.9951504468917847,0.9889350533485413
NC_003070.9,28215258,28215386,JUNC_8958,1,+,GT,AG,0.99999976,0.9999982,0.9884551763534546,0.9380921125411987
NC_003070.9,28244487,28245184,JUNC_14805,1,-,GT,AG,1.0,1.0,0.9880225658416748,0.9874610304832458
NC_003070.9,28250747,28250937,JUNC_17177,1,-,GT,AG,1.0,1.0,0.22925271093845367,0.9921510219573975
NC_003070.9,28251028,28251179,JUNC_17178,1,-,GT,AG,0.9999566,0.9999716,0.055358875542879105,0.9922398328781128
NC_003070.9,28269188,28269270,JUNC_10970,1,-,GT,AG,0.99909616,0.9986084,0.35508790612220764,0.9675936102867126
NC_003070.9,28275987,28276567,JUNC_18345,1,+,GT,AG,0.99947435,0.9998062,0.929401695728302,0.9531508088111877
NC_003070.9,28281377,28281542,JUNC_4909,1,-,GT,AG,0.9495848,0.9562334,0.5518556833267212,0.21746447682380676
NC_003070.9,28281708,28281783,JUNC_4910,1,-,GT,AG,0.84955317,0.92179275,0.011937029659748077,0.10978035628795624
NC_003070.9,28281850,28282040,JUNC_4911,1,-,GT,AG,0.99897206,0.99865735,0.4324689507484436,0.004376038443297148
NC_003070.9,28282132,28282224,JUNC_4912,1,-,GT,AG,0.9999999,0.99999976,0.08813462406396866,0.14250430464744568
NC_003070.9,28282343,28282428,JUNC_4913,1,-,GT,AG,0.99962986,0.99964535,0.0006907401839271188,0.5544334650039673
NC_003070.9,28282503,28282598,JUNC_4914,1,-,GT,AG,0.2666241,0.20729119,0.05260767787694931,0.00914248451590538
NC_003070.9,28282664,28282758,JUNC_4915,1,-,GT,AG,0.9998925,0.9999256,0.9398186802864075,0.030699951574206352
NC_003070.9,28282815,28282914,JUNC_4916,1,-,GT,AG,0.9990879,0.9987681,0.00603317329660058,0.9348514676094055
NC_003070.9,28282964,28283074,JUNC_4917,1,-,GT,AG,0.99969435,0.9987959,0.9637181758880615,0.004820917267352343
NC_003070.9,28283245,28283345,JUNC_4918,1,-,GT,AG,0.7752954,0.76343256,0.5293844938278198,0.9298774003982544
NC_003070.9,28283635,28283881,JUNC_8719,1,-,GT,AG,0.9806095,0.9770123,0.9114453196525574,0.26454830169677734
NC_003070.9,28283639,28283881,JUNC_4919,1,-,GT,AG,0.9954911,0.9974028,0.0008835782064124942,0.9673909544944763
NC_003070.9,28292538,28292608,JUNC_17971,1,+,GT,AG,0.8433454,0.83077997,0.6148726940155029,0.7452936768531799
NC_003070.9,28308249,28308343,JUNC_8590,1,-,GT,AG,0.9221079,0.770681,0.4739585816860199,4.9204918468603864e-05
NC_003070.9,28308404,28308502,JUNC_8591,1,-,GT,AG,0.94106257,0.90392905,0.2489999383687973,0.9965094923973083
NC_003070.9,28308891,28309223,JUNC_8592,1,-,GT,AG,0.9999771,0.99998987,0.6291508078575134,0.7213713526725769
NC_003070.9,28347526,28347702,JUNC_4334,1,-,GT,AG,0.9998629,0.99951947,0.9683818817138672,0.04511003568768501
NC_003070.9,28347777,28347877,JUNC_4335,1,-,GT,AG,0.9996296,0.9998198,0.00792692881077528,0.36665478348731995
NC_003070.9,28348008,28348095,JUNC_4336,1,-,GT,AG,0.99999714,0.9999958,0.00031270296312868595,0.013336115516722202
NC_003070.9,28348204,28348431,JUNC_4337,1,-,GT,AG,0.99999976,0.99999976,0.8674361705780029,0.8977863788604736
NC_003070.9,28366250,28366345,JUNC_18187,1,+,GT,AG,0.0049524726,0.0061231335,0.9973892569541931,0.1503390073776245
NC_003070.9,28366771,28367020,JUNC_18188,1,+,GT,AG,0.9999832,0.9999862,0.9805004596710205,0.9855557680130005
NC_003070.9,28371945,28372027,JUNC_2685,1,-,GT,AG,0.99997854,0.9999629,0.8782782554626465,0.8677433133125305
NC_003070.9,28372120,28372562,JUNC_2686,1,-,GT,AG,0.9580041,0.91777176,0.6170153617858887,0.913212776184082
NC_003070.9,28373050,28373191,JUNC_2687,1,-,GT,AG,0.00058106286,0.0016033114,0.005102178081870079,0.005806105211377144
NC_003070.9,28423727,28423946,JUNC_11234,1,+,GT,AG,0.9916877,0.99795,0.9844799637794495,0.9028311967849731
NC_003070.9,28423987,28424074,JUNC_11235,1,+,GT,AG,0.99985087,0.99984884,0.9891456365585327,0.9880527257919312
NC_003070.9,28424317,28424400,JUNC_11237,1,+,GT,AG,0.9991092,0.99775535,0.019796425476670265,0.01710152067244053
NC_003070.9,28424464,28424543,JUNC_11238,1,+,GT,AG,1.0,1.0,0.020024266093969345,0.0012165817897766829
NC_003070.9,28424750,28424856,JUNC_11239,1,+,GT,AG,0.99999,0.99996674,0.0012009303318336606,0.004372602794319391
NC_003070.9,28441994,28442076,JUNC_17669,1,-,GT,AG,0.928117,0.93460065,0.027817098423838615,0.14506398141384125
NC_003070.9,28442116,28442209,JUNC_17670,1,-,GT,AG,0.01016068,0.021927731,0.997920572757721,0.012368659488856792
NC_003070.9,28450348,28450500,JUNC_15985,1,+,GT,AG,0.99976665,0.9998909,0.9995166063308716,0.9941965341567993
NC_003070.9,28450560,28450665,JUNC_15986,1,+,GT,AG,0.9903232,0.98724186,0.987798273563385,0.9813483357429504
NC_003070.9,28470121,28470208,JUNC_17020,1,-,GT,AT,4.7522576e-07,1.979609e-06,0.1310739368200302,0.0006084992783144116
NC_003070.9,28493483,28493898,JUNC_10215,1,-,GT,AG,0.99999976,0.9999995,0.115005262196064,0.01320620346814394
NC_003070.9,28493980,28494072,JUNC_4036,1,-,GT,AG,0.7519119,0.6340809,0.02949581667780876,0.013686946593225002
NC_003070.9,28499461,28499784,JUNC_14901,1,+,GT,AG,0.99999774,0.9999987,0.10729775577783585,0.99928879737854
NC_003070.9,28499915,28500032,JUNC_14902,1,+,GT,AG,0.99999976,0.9999995,0.999006450176239,0.041511476039886475
NC_003070.9,28500263,28500396,JUNC_14903,1,+,GT,AG,0.9999993,0.99999654,0.8415749669075012,0.18491505086421967
NC_003070.9,28500652,28500749,JUNC_14904,1,+,GT,AG,0.9999788,0.9999685,0.5631644129753113,0.004686254542320967
NC_003070.9,28504681,28505729,JUNC_17808,1,+,GT,AG,0.97312015,0.97977465,0.6369348764419556,0.9921132326126099
NC_003070.9,28505816,28505918,JUNC_17809,1,+,GT,AG,0.9967436,0.99662554,0.942529022693634,0.22274421155452728
NC_003070.9,28505861,28505918,JUNC_14949,1,+,GT,AG,0.017076991,0.0035031997,0.996931791305542,0.6031750440597534
NC_003070.9,28506049,28506126,JUNC_14950,1,+,GT,AG,0.9999833,0.9999759,0.8295563459396362,0.0020979512482881546
NC_003070.9,28506360,28506450,JUNC_14951,1,+,GT,AG,0.9991239,0.9988147,0.05191100761294365,0.9372816681861877
NC_003070.9,28506712,28506859,JUNC_14952,1,+,GT,AG,0.37234834,0.4956884,0.1864779144525528,0.018305378034710884
NC_003070.9,28515494,28515705,JUNC_10857,1,-,GT,AG,0.34556714,0.39217103,0.32567551732063293,0.19816523790359497
NC_003070.9,28525135,28525216,JUNC_10935,1,-,GT,AG,0.9999876,0.99998367,0.020576534792780876,0.2502874732017517
NC_003070.9,28525456,28525623,JUNC_10936,1,-,GT,AG,0.9609697,0.98607695,0.20972326397895813,0.9909062385559082
NC_003070.9,28525789,28525879,JUNC_10937,1,-,GT,AG,0.99999917,0.9999993,0.07655638456344604,0.0002895694924518466
NC_003070.9,28526016,28526103,JUNC_10938,1,-,GT,AG,1.0,1.0,0.008797088637948036,0.45650529861450195
NC_003070.9,28526241,28526353,JUNC_10939,1,-,GT,AG,0.9999964,0.9999831,0.027947179973125458,0.014048626646399498
NC_003070.9,28526544,28526639,JUNC_10940,1,-,GT,AG,0.99999845,0.999998,0.8077576160430908,0.004098834004253149
NC_003070.9,28528614,28528707,JUNC_10566,1,-,GT,AG,0.9285015,0.90558046,0.5179348587989807,0.00920279324054718
NC_003070.9,28529145,28529254,JUNC_10567,1,-,GT,AG,0.9999993,0.9999988,0.8832889795303345,0.004897111561149359
NC_003070.9,28529326,28529411,JUNC_10568,1,-,GT,AG,0.97222984,0.95434505,0.9882281422615051,0.9956486821174622
NC_003070.9,28529476,28529615,JUNC_10569,1,-,GT,AG,0.9999505,0.9999405,0.9939517378807068,0.9851934313774109
NC_003070.9,28529690,28529805,JUNC_10570,1,-,GT,AG,0.99988747,0.99990916,0.8756927847862244,0.3068047761917114
NC_003070.9,28529894,28529982,JUNC_10571,1,-,GT,AG,0.9999999,0.99999976,0.745400607585907,0.9755162000656128
NC_003070.9,28530063,28530365,JUNC_10572,1,-,GT,AG,1.0,1.0,0.1318364441394806,0.0379473902285099
NC_003070.9,28530488,28530635,JUNC_10573,1,-,GT,AG,0.9999994,0.9999999,0.18491098284721375,0.0002600064326543361
NC_003070.9,28530844,28531744,JUNC_10574,1,-,GT,AG,0.024507845,0.02913934,0.119510218501091,0.8386916518211365
NC_003070.9,28538541,28538990,JUNC_3929,1,+,GT,AG,0.9999999,0.9999999,0.9815633296966553,0.997724711894989
NC_003070.9,28539134,28539238,JUNC_3930,1,+,GT,AG,0.9999865,0.99996424,0.9856250882148743,0.9727686047554016
NC_003070.9,28539391,28539491,JUNC_3931,1,+,GT,AG,0.9978631,0.99846876,0.9836153388023376,0.26472365856170654
NC_003070.9,28539604,28539683,JUNC_3932,1,+,GT,AG,1.0,1.0,0.999686598777771,0.9876444935798645
NC_003070.9,28539851,28539930,JUNC_3933,1,+,GT,AG,1.0,1.0,0.9300890564918518,0.9892398118972778
NC_003070.9,28540058,28540173,JUNC_3934,1,+,GT,AG,1.0,1.0,0.967095673084259,0.7440994381904602
NC_003070.9,28540273,28540367,JUNC_3935,1,+,GT,AG,0.9992373,0.99780864,0.9547458291053772,0.018597498536109924
NC_003070.9,28541211,28541289,JUNC_15321,1,+,GT,AG,0.9993667,0.9982944,0.001895977882668376,0.8609364032745361
NC_003070.9,28541433,28541505,JUNC_15322,1,+,GT,AG,0.9999894,0.9999728,0.038498181849718094,0.0001192906784126535
NC_003070.9,28541742,28541812,JUNC_15323,1,+,GT,AG,0.9979603,0.9895448,0.6795673370361328,0.9986656904220581
NC_003070.9,28542034,28542153,JUNC_15324,1,+,GC,AG,0.99968517,0.9995028,0.9907726049423218,0.7590071558952332
NC_003070.9,28542232,28542466,JUNC_15325,1,+,GT,AG,0.99768424,0.99743754,0.14344951510429382,0.996269702911377
NC_003070.9,28542642,28542726,JUNC_15326,1,+,GT,AG,0.9999943,0.9999851,0.0006849985220469534,0.0036690549459308386
NC_003070.9,28542829,28542942,JUNC_15327,1,+,GT,AG,0.63197625,0.88539064,0.0001638951653148979,4.030918353237212e-05
NC_003070.9,28571488,28571718,JUNC_15838,1,+,GT,AG,1.0,1.0,0.583664059638977,0.9687210321426392
NC_003070.9,28571938,28572025,JUNC_15839,1,+,GT,AG,0.99998784,0.99997187,0.0010039014741778374,0.014245287515223026
NC_003070.9,28572226,28572320,JUNC_15840,1,+,GT,AG,0.9999889,0.99995625,0.7290543913841248,0.0018280372023582458
NC_003070.9,28572391,28572479,JUNC_15841,1,+,GT,AG,1.0,1.0,0.09059140831232071,0.8867604732513428
NC_003070.9,28572642,28572854,JUNC_15842,1,+,GT,AG,1.0,1.0,0.2687193751335144,0.0006147955427877605
NC_003070.9,28573448,28573538,JUNC_15843,1,+,GT,AG,0.99999964,0.9999939,0.9987994432449341,0.21518367528915405
NC_003070.9,28573919,28574037,JUNC_15844,1,+,GC,AG,0.99999523,0.9999975,0.23854124546051025,0.9925375580787659
NC_003070.9,28574113,28574197,JUNC_15845,1,+,GT,AG,0.9999981,0.9999988,0.7021056413650513,0.041038818657398224
NC_003070.9,28574261,28574349,JUNC_15846,1,+,GT,AG,0.99900466,0.99898005,0.5776011347770691,0.19658005237579346
NC_003070.9,28574485,28574592,JUNC_15847,1,+,GT,AG,0.0014219813,0.0004669127,0.0009209913550876081,0.26666367053985596
NC_003070.9,28574697,28574786,JUNC_15848,1,+,GT,AG,0.9999914,0.9999529,0.029165372252464294,0.010116779245436192
NC_003070.9,28587321,28587408,JUNC_13942,1,-,GT,AG,0.99999964,0.99999917,0.0015301930252462626,0.3469543755054474
NC_003070.9,28590609,28590949,JUNC_16013,1,+,GT,AG,0.0040662345,0.0015236876,0.036815933883190155,0.01279432512819767
NC_003070.9,28607334,28608411,JUNC_4371,1,-,GT,AG,1.0,1.0,0.0002739505434874445,0.3526460826396942
NC_003070.9,28618340,28618421,JUNC_1679,1,-,GT,AG,1.0,1.0,0.7423068881034851,4.3702391849365085e-05
NC_003070.9,28618963,28619050,JUNC_1681,1,-,GT,AG,0.99961585,0.9997962,0.40131044387817383,0.6932339668273926
NC_003070.9,28619194,28619376,JUNC_1682,1,-,GT,AG,0.9999769,0.9999534,0.9963144659996033,0.030331479385495186
NC_003070.9,28619604,28619986,JUNC_1683,1,-,GT,AG,0.9999616,0.9998971,0.07080525159835815,0.9911575317382812
NC_003070.9,28620160,28620267,JUNC_5369,1,-,GT,AG,0.99956244,0.9988116,0.9899030923843384,0.0007975833723321557
NC_003070.9,28620363,28620705,JUNC_5370,1,-,GT,AG,0.99996245,0.9999813,0.06362463533878326,0.8101361989974976
NC_003070.9,28621149,28621402,JUNC_1685,1,-,GT,AG,0.9952755,0.9943997,0.9874358177185059,0.016749214380979538
NC_003070.9,28621585,28621672,JUNC_1686,1,-,GT,AG,0.9861221,0.9686308,0.2419799268245697,0.8474071621894836
NC_003070.9,28621780,28621954,JUNC_1687,1,-,GT,AG,0.9993179,0.99560547,0.3681265413761139,0.03436335548758507
NC_003070.9,28622142,28622258,JUNC_1688,1,-,GT,AG,0.9990613,0.999495,0.9788506627082825,0.7464839220046997
NC_003070.9,28622328,28622408,JUNC_1689,1,-,GT,AG,0.94353783,0.8916153,0.044815339148044586,0.0003642936353571713
NC_003070.9,28622475,28622567,JUNC_1690,1,-,GT,AG,0.71994233,0.7356963,0.004039160907268524,0.0023653367534279823
NC_003070.9,28623812,28623890,JUNC_17882,1,-,GT,AG,0.9996786,0.9994967,0.17988574504852295,0.333060622215271
NC_003070.9,28624246,28624423,JUNC_17883,1,-,GT,AG,0.9999993,0.99999785,0.18505464494228363,0.11321381479501724
NC_003070.9,28625140,28625210,JUNC_17884,1,-,GT,AG,0.9986329,0.99869555,0.0011728728422895074,0.5705903768539429
NC_003070.9,28626115,28626534,JUNC_17252,1,+,GT,AG,1.0,0.99999976,0.8889298439025879,0.11667028814554214
NC_003070.9,28626587,28626707,JUNC_17253,1,+,GT,AG,0.9993748,0.99805975,0.028594771400094032,0.8522447347640991
NC_003070.9,28626768,28626861,JUNC_17254,1,+,GT,AG,0.6527973,0.6019067,0.9981517195701599,0.9153568148612976
NC_003070.9,28626918,28627023,JUNC_17255,1,+,GT,AG,0.3458684,0.5313259,0.8848956227302551,0.18786241114139557
NC_003070.9,28628632,28628716,JUNC_14262,1,-,GT,AG,0.99999523,0.99999475,0.6997261643409729,0.7427678108215332
NC_003070.9,28628941,28629036,JUNC_14263,1,-,GT,AG,0.99995625,0.99989665,0.05157666280865669,0.017594678327441216
NC_003070.9,28629126,28629204,JUNC_14264,1,-,GT,AG,0.99999976,0.9999994,0.0004925474640913308,0.6349340677261353
NC_003070.9,28629348,28629431,JUNC_14265,1,-,GT,AG,1.0,1.0,0.9508565068244934,0.99916672706604
NC_003070.9,28629563,28629653,JUNC_14266,1,-,GT,AG,0.9999999,0.9999999,0.9978787899017334,0.0009207642287947237
NC_003070.9,28629702,28629779,JUNC_14267,1,-,GT,AG,0.9999988,0.9999981,0.0001504237879998982,0.9372859597206116
NC_003070.9,28629839,28629928,JUNC_14268,1,-,GT,AG,0.9999683,0.99997866,0.4361046850681305,0.10931521654129028
NC_003070.9,28630052,28630141,JUNC_14269,1,-,GT,AG,0.99954355,0.99727035,0.11682083457708359,0.00423938175663352
NC_003070.9,28630214,28630358,JUNC_14270,1,-,GT,AG,0.9985214,0.9991198,0.1837833970785141,0.8735339045524597
NC_003070.9,28639761,28640115,JUNC_10359,1,+,GT,AG,0.73738575,0.827114,0.5436304211616516,0.7614315748214722
NC_003070.9,28640034,28640115,JUNC_2469,1,+,GT,AG,3.748344e-05,3.467225e-05,0.8222126960754395,0.9858489036560059
NC_003070.9,28640937,28641023,JUNC_2470,1,+,GT,AG,0.9926818,0.98081404,0.0075105163268744946,0.394458144903183
NC_003070.9,28641071,28641153,JUNC_2471,1,+,GT,AG,0.0013310963,0.0028805349,0.5838266015052795,0.08746130019426346
NC_003070.9,28642024,28642104,JUNC_2472,1,+,GT,AG,0.9999652,0.9998154,0.04108657315373421,0.1112399771809578
NC_003070.9,28651967,28652055,JUNC_525,1,-,GT,AG,0.9999883,0.9999658,0.08694414794445038,0.04201257601380348
NC_003070.9,28652198,28652280,JUNC_526,1,-,GT,AG,0.9523348,0.85891175,0.00499546667560935,0.02596469782292843
NC_003070.9,28652638,28652721,JUNC_527,1,-,GT,AG,0.99863124,0.99075353,0.017750754952430725,0.682680070400238
NC_003070.9,28652790,28653057,JUNC_528,1,-,GC,AG,0.99999976,0.9999995,0.8999950289726257,0.994110643863678
NC_003070.9,28653156,28653244,JUNC_529,1,-,GT,AG,1.0,1.0,0.004041661508381367,0.00032015182659961283
NC_003070.9,28653290,28653383,JUNC_530,1,-,GT,AG,0.99982756,0.99986327,0.00017439671501051635,0.0006210905849002302
NC_003070.9,28653453,28653568,JUNC_6560,1,-,GT,AG,0.9988558,0.9953413,0.0010324552422389388,0.002279137959703803
NC_003070.9,28653608,28654173,JUNC_532,1,-,GT,AG,1.0,1.0,0.002380264224484563,0.00046132344868965447
NC_003070.9,28655621,28655899,JUNC_2151,1,+,GT,AG,0.99995327,0.9999862,0.36799272894859314,0.010445880703628063
NC_003070.9,28656456,28656535,JUNC_2152,1,+,GT,AG,0.9557445,0.92966,0.0002836671774275601,2.836178282450419e-05
NC_003070.9,28656845,28656948,JUNC_2153,1,+,GT,AG,0.98652554,0.97007847,0.24114538729190826,0.04668097198009491
NC_003070.9,28662086,28662786,JUNC_17613,1,+,GT,AG,0.9968669,0.99810743,0.041087355464696884,0.2289716899394989
NC_003070.9,28662861,28662967,JUNC_17614,1,+,GT,AG,0.9617099,0.9546439,0.481636106967926,0.8666303157806396
NC_003070.9,28663110,28663209,JUNC_17615,1,+,GT,AG,0.9999995,0.9999987,0.004694170318543911,0.000135963418870233
NC_003070.9,28663308,28663589,JUNC_17616,1,+,GT,AG,0.99999964,0.9999995,0.2712536156177521,0.8573293685913086
NC_003070.9,28682624,28682821,JUNC_10602,1,-,GT,AG,0.95714855,0.9724435,0.7775958776473999,0.03177861124277115
NC_003070.9,28683009,28683672,JUNC_16234,1,-,GT,AG,0.9521087,0.79620874,0.46843791007995605,0.7738005518913269
NC_003070.9,28683044,28683672,JUNC_10603,1,-,GT,AG,0.122881405,0.10549274,0.007090956903994083,0.9460562467575073
NC_003070.9,28684684,28684770,JUNC_5502,1,+,GT,AG,0.07402445,0.06904424,0.0061281537637114525,0.011851610615849495
NC_003070.9,28684846,28684924,JUNC_5503,1,+,GT,AG,0.0011373297,0.00091222976,0.4661969840526581,0.03334515169262886
NC_003070.9,28685028,28685104,JUNC_5504,1,+,GT,AG,0.6759898,0.7005804,0.5628607869148254,0.26371586322784424
NC_003070.9,28685170,28685260,JUNC_5505,1,+,GT,AG,0.99865204,0.9991376,0.9614630937576294,0.9886868000030518
NC_003070.9,28685341,28685436,JUNC_5506,1,+,GT,AG,0.83515155,0.8185271,0.9755724668502808,0.99835604429245
NC_003070.9,28685519,28685608,JUNC_5507,1,+,GT,AG,0.98179364,0.9963535,0.0013012054841965437,2.420956235482663e-08
NC_003070.9,28685684,28685761,JUNC_5508,1,+,GT,AG,0.2885462,0.3485664,0.914429247379303,0.9495259523391724
NC_003070.9,28685880,28685961,JUNC_5509,1,+,GT,AG,0.99132675,0.99090976,0.549033522605896,0.9338947534561157
NC_003070.9,28686006,28686082,JUNC_5510,1,+,GT,AG,0.7787943,0.6455288,0.8957659602165222,0.9031859040260315
NC_003070.9,28708792,28708930,JUNC_2822,1,-,GT,AG,9.3824426e-08,3.2180658e-08,0.9731782674789429,0.1865958720445633
NC_003070.9,28709022,28709105,JUNC_2823,1,-,GT,AG,0.99999595,0.9999888,0.003913249354809523,0.0006939990562386811
NC_003070.9,28709198,28709413,JUNC_2824,1,-,GT,AG,0.99999905,0.99999905,0.0754862055182457,0.02879638597369194
NC_003070.9,28709464,28709649,JUNC_2825,1,-,GT,AG,0.9999925,0.9999957,0.006952020339667797,0.02088877558708191
NC_003070.9,28709716,28709989,JUNC_2826,1,-,GT,AG,0.004030249,0.053701654,0.3777283728122711,0.9407247304916382
NC_003070.9,28710053,28710137,JUNC_2827,1,-,GT,AG,0.9850885,0.98506385,0.0006616524187847972,1.3266199857753236e-05
NC_003070.9,28710186,28710273,JUNC_2828,1,-,GT,AG,0.07566953,0.075519696,0.00517114857211709,0.0017012913012877107
NC_003070.9,28710396,28710760,JUNC_2829,1,-,GT,AG,0.99607795,0.99238116,0.5176141262054443,0.0005930844927206635
NC_003070.9,28710853,28711064,JUNC_2830,1,-,GT,AG,4.421017e-06,6.9204866e-06,0.045662954449653625,0.09000813215970993
NC_003070.9,28711179,28711259,JUNC_2831,1,-,GT,AG,0.991034,0.992336,0.09052351862192154,0.46032556891441345
NC_003070.9,28711312,28711689,JUNC_2832,1,-,GT,AG,0.9994905,0.9995208,0.7746884226799011,0.9104192852973938
NC_003070.9,28711729,28711831,JUNC_2833,1,-,GT,AG,0.9999999,0.9999995,0.9723905324935913,0.021477995440363884
NC_003070.9,28711965,28712102,JUNC_2834,1,-,GT,AG,0.9999975,0.99999857,0.5628756880760193,0.9933373928070068
NC_003070.9,28712510,28712733,JUNC_2835,1,-,GT,AG,0.9999999,0.99999976,0.9863539338111877,0.7596701383590698
NC_003070.9,28718113,28718193,JUNC_3277,1,+,GT,AG,0.99866307,0.9963477,0.9805412888526917,0.9940077066421509
NC_003070.9,28718286,28718377,JUNC_3278,1,+,GT,AG,0.984957,0.9737308,0.9945420622825623,0.25354865193367004
NC_003070.9,28718286,28718384,JUNC_17483,1,+,GT,AG,0.9775301,0.975248,0.9899182915687561,0.9424803853034973
NC_003070.9,28718541,28718616,JUNC_3279,1,+,GT,AG,0.9981396,0.9976223,0.01606929302215576,0.16268613934516907
NC_003070.9,28718696,28718768,JUNC_3280,1,+,GT,AG,0.9903713,0.99155045,0.000320618535624817,0.00036049087066203356
NC_003070.9,28718893,28718986,JUNC_3281,1,+,GT,AG,6.468133e-05,4.4072982e-05,0.06230342015624046,0.0020826561376452446
NC_003070.9,28719108,28719139,JUNC_3282,1,+,GT,AG,0.57054585,0.412137,0.07034829258918762,8.709394023753703e-05
NC_003070.9,28719352,28719429,JUNC_3283,1,+,GT,AG,0.000556283,0.001179334,0.07505780458450317,0.5366080403327942
NC_003070.9,28719522,28719613,JUNC_3284,1,+,GT,AG,0.752183,0.89899945,0.12701180577278137,0.0034741354174911976
NC_003070.9,28719714,28719814,JUNC_3285,1,+,GT,AG,0.9929676,0.9816908,0.040938254445791245,0.3885749280452728
NC_003070.9,28720068,28720149,JUNC_3286,1,+,GT,AG,0.031033186,0.019890325,0.03157801181077957,0.0002839303342625499
NC_003070.9,28734439,28734552,JUNC_4483,1,+,GT,AG,0.9856958,0.9918315,0.0031666038557887077,0.981569766998291
NC_003070.9,28735078,28735173,JUNC_4484,1,+,GT,AG,0.40901083,0.18471472,0.9689896106719971,0.263573557138443
NC_003070.9,28735370,28735460,JUNC_4485,1,+,GT,AG,0.9968192,0.99597734,0.1078607365489006,0.9346746802330017
NC_003070.9,28736281,28736369,JUNC_4486,1,+,GT,AG,0.97983634,0.977247,0.0026542579289525747,0.018960798159241676
NC_003070.9,28736444,28736536,JUNC_4487,1,+,GT,AG,0.9997882,0.9996039,0.10347112268209457,0.04516594484448433
NC_003070.9,28736644,28736733,JUNC_4488,1,+,GT,AG,0.9843827,0.9910863,0.083650603890419,0.15801896154880524
NC_003070.9,28736845,28736932,JUNC_4489,1,+,GT,AG,0.99936205,0.9992673,0.44175419211387634,0.2005278766155243
NC_003070.9,28737068,28737148,JUNC_4490,1,+,GT,AG,0.9998716,0.9996766,0.9612557888031006,0.02209971472620964
NC_003070.9,28737293,28737428,JUNC_10177,1,+,GT,AG,0.8918904,0.71496713,0.9963440299034119,0.8701604604721069
NC_003070.9,28737967,28738043,JUNC_4491,1,+,GT,AG,0.9999999,0.9999993,0.8981738686561584,0.9935438632965088
NC_003070.9,28756884,28756970,JUNC_2220,1,+,GT,AG,0.99996936,0.99998474,0.005407899618148804,0.0006427774205803871
NC_003070.9,28757043,28757138,JUNC_2221,1,+,GT,AG,0.9985758,0.9993051,0.06669206917285919,3.424226451897994e-05
NC_003070.9,28757201,28757287,JUNC_2222,1,+,GT,AG,0.9998085,0.9997423,0.0004423677164595574,0.0003134182479698211
NC_003070.9,28757542,28757620,JUNC_2223,1,+,GT,AG,0.9993388,0.99832237,0.4212316572666168,0.0007657413952983916
NC_003070.9,28758021,28758094,JUNC_2224,1,+,GT,AG,0.9996494,0.9996717,0.009227517060935497,0.9964783787727356
NC_003070.9,28758194,28758275,JUNC_2225,1,+,GT,AG,0.9998795,0.99982065,0.993205189704895,0.12426877021789551
NC_003070.9,28758329,28758419,JUNC_2226,1,+,GT,AG,0.83254147,0.6530991,0.9085084199905396,0.955652117729187
NC_003070.9,28758512,28758601,JUNC_2227,1,+,GT,AG,7.431482e-05,0.00018549719,0.7820538282394409,0.9849048852920532
NC_003070.9,28767188,28767218,JUNC_14167,1,-,GT,AG,4.9104183e-05,2.4637984e-05,0.9547652006149292,0.00028549900162033737
NC_003070.9,28767489,28768108,JUNC_2138,1,-,GT,AG,7.532887e-11,5.032498e-11,0.01047882717102766,0.995510458946228
NC_003070.9,28780738,28780953,JUNC_15891,1,-,GT,AG,0.99982387,0.99962014,0.5715711116790771,0.007943600416183472
NC_003070.9,28781094,28781197,JUNC_15892,1,-,GT,AG,0.99998415,0.9999856,0.33007463812828064,0.899046778678894
NC_003070.9,28781278,28781370,JUNC_15893,1,-,GT,AG,0.99997675,0.9999964,0.5900984406471252,0.9094167351722717
NC_003070.9,28781549,28781666,JUNC_15894,1,-,GT,AG,0.999998,0.99999595,0.6178745627403259,0.018379470333456993
NC_003070.9,28781825,28781936,JUNC_15895,1,-,GT,AG,1.0,1.0,0.021668655797839165,0.176423579454422
NC_003070.9,28782063,28782149,JUNC_15896,1,-,GT,AG,1.0,1.0,0.005234002601355314,0.005034452769905329
NC_003070.9,28782309,28782405,JUNC_15897,1,-,GT,AG,0.99999964,0.9999993,0.25360772013664246,0.0011636035051196814
NC_003070.9,28782488,28782674,JUNC_15898,1,-,GC,AG,0.9999988,0.9999987,1.8806089485678967e-07,1.5075809187692357e-06
NC_003070.9,28782734,28782935,JUNC_15899,1,-,GT,AG,0.9999795,0.9999802,0.9944940209388733,0.9151510000228882
NC_003070.9,28790162,28790243,JUNC_4307,1,-,GT,AG,0.9999598,0.9997681,0.021427933126688004,0.9735881686210632
NC_003070.9,28790703,28790821,JUNC_4308,1,-,GT,AG,1.0,1.0,0.2106947898864746,0.0017268307274207473
NC_003070.9,28790856,28790963,JUNC_4309,1,-,GC,AG,0.99420035,0.9969355,0.997528612613678,0.9911651015281677
NC_003070.9,28791162,28791251,JUNC_4310,1,-,GT,AG,0.6594298,0.61903095,0.9410118460655212,0.9900004863739014
NC_003070.9,28791345,28791433,JUNC_4311,1,-,GT,AG,0.47632962,0.37934783,0.9863119721412659,0.07960504293441772
NC_003070.9,28791518,28791710,JUNC_4312,1,-,GT,AG,0.99993825,0.9999529,0.5022025108337402,0.912254810333252
NC_003070.9,28791797,28791957,JUNC_4313,1,-,GT,AG,0.9902014,0.9895846,0.004745945800095797,0.014974668622016907
NC_003070.9,28792114,28792208,JUNC_4314,1,-,GT,AG,0.9998901,0.9992224,3.751031499632518e-06,4.007676034234464e-05
NC_003070.9,28792273,28792350,JUNC_4315,1,-,GT,AG,0.9999801,0.9999864,0.7114381790161133,0.9304824471473694
NC_003070.9,28792425,28792616,JUNC_4316,1,-,GT,AG,0.9999994,0.9999993,0.8358441591262817,0.16869193315505981
NC_003070.9,28794275,28794381,JUNC_8639,1,-,GT,AG,1.0,1.0,0.001604862860403955,0.6218649744987488
NC_003070.9,28794501,28794592,JUNC_8640,1,-,GT,AG,1.0,1.0,0.555455207824707,0.006704357452690601
NC_003070.9,28794906,28794932,JUNC_8641,1,-,GT,AG,0.00035204156,0.00033025534,0.6925119757652283,0.3345193564891815
NC_003070.9,28795149,28795251,JUNC_8642,1,-,GT,AG,0.9999504,0.999894,0.4102446734905243,0.008353427052497864
NC_003070.9,28795311,28795437,JUNC_8643,1,-,GT,AG,0.9457303,0.9041311,0.03789401799440384,0.024766378104686737
NC_003070.9,28795503,28795592,JUNC_8644,1,-,GC,AG,0.99904746,0.99825805,0.958742082118988,0.9501201510429382
NC_003070.9,28795703,28795789,JUNC_8645,1,-,GT,AG,0.15928096,0.064656086,0.33118587732315063,0.22555875778198242
NC_003070.9,28795880,28795989,JUNC_8646,1,-,GT,AG,0.9999902,0.9999819,0.0767141804099083,0.05149579793214798
NC_003070.9,28796090,28796181,JUNC_8647,1,-,GT,AG,0.99998546,0.9999819,1.1851451517941314e-06,2.0227258573868312e-05
NC_003070.9,28796289,28796373,JUNC_8648,1,-,GT,AG,0.99998426,0.9999722,6.69996964575148e-08,2.022117314481875e-06
NC_003070.9,28796921,28797003,JUNC_8649,1,-,GT,AG,1.0,1.0,0.09215880930423737,0.10057687759399414
NC_003070.9,28798203,28798272,JUNC_8650,1,-,GT,AG,0.9999536,0.9999304,0.02239621803164482,0.1386028230190277
NC_003070.9,28798792,28799446,JUNC_8651,1,-,GT,AG,0.9999999,0.9999999,0.0051084100268781185,0.493366539478302
NC_003070.9,28799559,28799777,JUNC_8652,1,-,GT,AG,0.99877167,0.9992392,0.5028967261314392,0.8619077205657959
NC_003070.9,28800202,28800339,JUNC_8653,1,-,GT,AG,0.6167333,0.46858284,0.07919066399335861,0.015534967184066772
NC_003070.9,28811938,28812029,JUNC_13692,1,-,GT,AG,0.92410356,0.9039175,0.2231743186712265,0.340982586145401
NC_003070.9,28812207,28812398,JUNC_13693,1,-,GT,AG,0.9999999,0.9999999,0.9245951771736145,0.989928662776947
NC_003070.9,28812487,28812762,JUNC_13694,1,-,GT,AG,0.99999976,0.99999976,0.06013520807027817,0.2631794810295105
NC_003070.9,28815334,28816082,JUNC_17192,1,+,GT,AG,0.99993634,0.99993026,0.79970383644104,0.8685720562934875
NC_003070.9,28816405,28816557,JUNC_17193,1,+,GT,AG,0.52439994,0.62488717,0.9684783816337585,0.00034871106618084013
NC_003070.9,28848438,28848722,JUNC_13773,1,+,GT,AG,0.99999917,0.9999987,0.39163434505462646,0.6336991786956787
NC_003070.9,28848877,28848985,JUNC_13774,1,+,GT,AG,0.99999666,0.9999871,0.9568946957588196,0.8715407848358154
NC_003070.9,28849071,28849197,JUNC_13775,1,+,GT,AG,0.9999999,0.9999999,0.013899020850658417,0.0026341069024056196
NC_003070.9,28849392,28849473,JUNC_13776,1,+,GT,AG,0.9999999,1.0,0.006844723131507635,0.0007984208641573787
NC_003070.9,28849601,28849680,JUNC_13777,1,+,GT,AG,0.9999721,0.9999677,0.010899409651756287,0.003882331307977438
NC_003070.9,28849839,28849979,JUNC_13778,1,+,GT,AG,0.1747209,0.056985706,0.9477550983428955,0.9727824926376343
NC_003070.9,28850084,28850339,JUNC_13779,1,+,GT,AG,0.9971054,0.99574065,0.9939393997192383,0.9934318661689758
NC_003070.9,28850414,28850619,JUNC_13780,1,+,GT,AG,0.99999106,0.9999907,0.9856879711151123,0.18699920177459717
NC_003070.9,28850757,28850849,JUNC_13781,1,+,GT,AG,0.9999974,0.99999607,0.0003180544881615788,0.0005989447818137705
NC_003070.9,28851035,28851163,JUNC_13782,1,+,GT,AG,1.0,0.99999976,0.0031768924091011286,1.2209010492369998e-05
NC_003070.9,28851292,28851423,JUNC_13783,1,+,GT,AG,1.0,1.0,0.4020644426345825,0.000267507741227746
NC_003070.9,28851550,28851633,JUNC_13784,1,+,GT,AG,0.016059263,0.008857819,0.9978869557380676,0.002212132327258587
NC_003070.9,28851844,28852245,JUNC_13785,1,+,GT,AG,0.9999336,0.9999366,0.0020340969786047935,0.35502704977989197
NC_003070.9,28852361,28852478,JUNC_13786,1,+,GT,AG,0.9999833,0.9999181,0.9706032276153564,0.9860923886299133
NC_003070.9,28852707,28852934,JUNC_13787,1,+,GT,AG,0.99998856,0.9999796,0.983660876750946,0.14044040441513062
NC_003070.9,28853028,28853121,JUNC_13788,1,+,GT,AG,0.9997769,0.9990896,0.47750166058540344,0.9871887564659119
NC_003070.9,28853199,28853286,JUNC_13789,1,+,GT,AG,0.99123,0.98668915,0.9980535507202148,0.9980344176292419
NC_003070.9,28853343,28853471,JUNC_13790,1,+,GT,AG,0.99822503,0.9962378,0.998151957988739,0.5956512689590454
NC_003070.9,28853621,28853764,JUNC_13791,1,+,GT,AG,0.99985325,0.99954355,0.8039247393608093,0.9043561816215515
NC_003070.9,28853971,28854060,JUNC_13792,1,+,GT,AG,0.9999794,0.99988616,0.9429487586021423,0.9747869372367859
NC_003070.9,28857002,28857225,JUNC_2600,1,+,GT,AG,0.9999602,0.9999443,0.9158607125282288,0.0006474260590039194
NC_003070.9,28865880,28866406,JUNC_17856,1,+,GT,AG,0.9999865,0.9999808,5.4391803132602945e-05,0.6285709738731384
NC_003070.9,28887267,28887353,JUNC_10251,1,+,GT,AG,2.7859867e-05,0.00012715984,0.9892549514770508,0.9806180596351624
NC_003070.9,28887470,28887587,JUNC_10252,1,+,GT,AG,8.2647e-06,0.00020824338,2.0979035980417393e-05,3.7295267247827724e-05
NC_003070.9,28887650,28887750,JUNC_10253,1,+,GT,AG,5.677952e-06,2.3337992e-05,0.3685140311717987,0.0009370156330987811
NC_003070.9,28887831,28887995,JUNC_10254,1,+,GT,AG,0.99952483,0.99900335,9.840251550485846e-06,0.005933805834501982
NC_003070.9,28923279,28923348,JUNC_3538,1,-,GT,AG,0.987758,0.9862948,0.7388959527015686,6.17587284068577e-06
NC_003070.9,28923552,28923624,JUNC_3539,1,-,GT,AG,0.99999785,0.9999958,0.12287139147520065,0.9254247546195984
NC_003070.9,28923710,28923809,JUNC_3540,1,-,GT,AG,0.9999287,0.99985886,0.9939842820167542,0.9013350605964661
NC_003070.9,28923891,28923979,JUNC_3541,1,-,GT,AG,0.99999976,0.99999964,0.985586404800415,0.9463444352149963
NC_003070.9,28924107,28924182,JUNC_3542,1,-,GT,AG,0.99999785,0.9999908,0.954356849193573,0.9126891493797302
NC_003070.9,28924296,28924397,JUNC_3543,1,-,GT,AG,0.99463105,0.9966608,0.47332876920700073,0.13386772572994232
NC_003070.9,28924496,28924570,JUNC_3544,1,-,GT,AG,0.9877395,0.98655546,0.04040783271193504,0.030014192685484886
NC_003070.9,28924649,28924744,JUNC_3545,1,-,GT,AG,0.9589399,0.9817022,0.12920260429382324,0.0002556296531111002
NC_003070.9,28924900,28925058,JUNC_3546,1,-,GT,AG,0.99912125,0.9981306,0.26140621304512024,0.04172896221280098
NC_003070.9,28933242,28933338,JUNC_16467,1,+,GT,AG,0.25340128,0.1312284,0.9375225901603699,0.659882664680481
NC_003070.9,28933457,28933539,JUNC_16468,1,+,GT,AG,0.9965456,0.9975692,0.047523465007543564,0.001101666479371488
NC_003070.9,28933585,28933666,JUNC_16469,1,+,GT,AG,0.9999387,0.9998832,0.9218959808349609,0.015031548216938972
NC_003070.9,28933781,28933872,JUNC_16470,1,+,GT,AG,0.99999976,0.9999999,0.002038780367001891,4.9674305046210065e-05
NC_003070.9,28933940,28934034,JUNC_16471,1,+,GT,AG,0.9998934,0.9998167,0.766615629196167,0.7588335871696472
NC_003070.9,28934757,28934840,JUNC_16472,1,+,GT,AG,0.9996401,0.9993901,0.4655725657939911,0.00016134179895743728
NC_003070.9,28936650,28936828,JUNC_8770,1,-,GT,AG,0.9793336,0.95528316,0.9606190919876099,0.583599328994751
NC_003070.9,28936726,28936828,JUNC_13947,1,-,GT,AG,0.9994917,0.9995489,0.018314097076654434,0.10001569986343384
NC_003070.9,28955863,28958333,JUNC_8589,1,+,GT,AG,0.99997294,0.99998236,0.006554368417710066,0.7172266840934753
NC_003070.9,28955863,28958455,JUNC_15363,1,+,GT,AG,0.92382693,0.8172166,0.22823475301265717,0.03926226496696472
NC_003070.9,28958391,28958601,JUNC_4153,1,+,GT,AG,0.9999999,0.99999976,0.01669958420097828,0.0002902382693719119
NC_003070.9,28958501,28958601,JUNC_15364,1,+,GT,AG,0.3427273,0.37899372,0.26870331168174744,0.9113301634788513
NC_003070.9,28958663,28958744,JUNC_4154,1,+,GT,AG,1.0,1.0,0.8398279547691345,0.9905861020088196
NC_003070.9,28958844,28958952,JUNC_4155,1,+,GT,AG,0.9999956,0.99999833,0.09170754998922348,0.7188546657562256
NC_003070.9,28958994,28959150,JUNC_15365,1,+,GT,AG,0.99913543,0.9978127,0.9960488677024841,0.991238534450531
NC_003070.9,28958994,28959329,JUNC_4156,1,+,GT,AG,0.9999999,0.9999999,0.9943913817405701,0.003330727107822895
NC_003070.9,28959371,28959743,JUNC_15366,1,+,GT,AG,0.9640177,0.8263628,0.3321964144706726,0.0932767391204834
NC_003070.9,28971285,28971550,JUNC_9033,1,+,GT,AG,0.9995252,0.9992592,0.02396927960216999,0.08184969425201416
NC_003070.9,28972182,28972893,JUNC_9034,1,+,GT,AG,0.9993381,0.9992187,0.1395774483680725,0.14156629145145416
NC_003070.9,28973155,28973258,JUNC_9035,1,+,GT,AG,0.9995746,0.9993136,0.056098274886608124,0.0009292679606005549
NC_003070.9,28973344,28973419,JUNC_9036,1,+,GT,AG,0.9947943,0.986986,0.03182295709848404,0.0003674855106510222
NC_003070.9,28973577,28974143,JUNC_9037,1,+,GT,AG,1.0,1.0,0.24938467144966125,0.001239052158780396
NC_003070.9,28974220,28974341,JUNC_9038,1,+,GT,AG,0.99979347,0.99970615,0.0012836985988542438,0.00011648821964627132
NC_003070.9,28990644,28990887,JUNC_10043,1,-,GT,AG,0.99999976,0.9999993,0.9805208444595337,0.00024576648138463497
NC_003070.9,28991089,28991176,JUNC_10044,1,-,GT,AG,0.99936134,0.99920374,0.9705389738082886,0.9736850261688232
NC_003070.9,28999969,29000275,JUNC_8550,1,-,GT,AG,6.5569317e-10,3.7850025e-09,0.8948542475700378,0.34211987257003784
NC_003070.9,29001664,29001963,JUNC_8551,1,-,GT,AG,0.9999615,0.9999409,0.43725326657295227,0.05827649310231209
NC_003070.9,29021364,29021461,JUNC_9821,1,-,GT,AG,0.9808482,0.96110046,0.005958642810583115,1.2405482266331092e-05
NC_003070.9,29021551,29021767,JUNC_9822,1,-,GT,AG,0.99913365,0.9965629,0.0002153571549570188,0.02424968034029007
NC_003070.9,29022070,29022683,JUNC_9823,1,-,GT,AG,0.37002406,0.3988797,0.1764954775571823,0.5943901538848877
NC_003070.9,29022996,29023331,JUNC_9824,1,-,GT,AG,0.9999702,0.999982,0.5767366290092468,0.9217937588691711
NC_003070.9,29024159,29024250,JUNC_3287,1,-,GT,AG,0.9481444,0.87585974,0.8223833441734314,0.38750067353248596
NC_003070.9,29024328,29024426,JUNC_3288,1,-,GT,AG,0.99527836,0.990426,0.0006726272986270487,0.00012676276674028486
NC_003070.9,29024549,29024626,JUNC_3289,1,-,GT,AG,0.637118,0.642933,0.9321449995040894,0.9913166761398315
NC_003070.9,29024884,29025033,JUNC_3290,1,-,GT,AG,0.996675,0.9986568,0.39922505617141724,0.02525833062827587
NC_003070.9,29025193,29025283,JUNC_3291,1,-,GT,AG,0.9999906,0.99999356,0.0038243713788688183,0.6246631741523743
NC_003070.9,29025394,29025485,JUNC_3292,1,-,GT,AG,0.40121505,0.70663166,0.06424102187156677,0.23147286474704742
NC_003070.9,29025756,29025853,JUNC_3293,1,-,GT,AG,0.9999881,0.99997616,0.5229729413986206,0.17102566361427307
NC_003070.9,29026003,29026081,JUNC_3294,1,-,GT,AG,0.9990151,0.9994493,0.42251572012901306,0.0017369927372783422
NC_003070.9,29031713,29031793,JUNC_17532,1,-,GT,AG,0.9999422,0.9999019,0.001054542837664485,0.00020438815408851951
NC_003070.9,29031949,29032036,JUNC_17533,1,-,GT,AG,0.9999752,0.9999728,0.8978657722473145,0.07086705416440964
NC_003070.9,29032184,29032266,JUNC_17534,1,-,GT,AG,0.9999521,0.9999242,0.44551166892051697,0.7084408402442932
NC_003070.9,29032346,29032438,JUNC_17535,1,-,GT,AG,0.99789506,0.99820805,0.4744175970554352,0.029530122876167297
NC_003070.9,29032602,29032693,JUNC_17536,1,-,GT,AG,0.9928779,0.99769056,0.0033893235959112644,0.06635559350252151
NC_003070.9,29032942,29033041,JUNC_17537,1,-,GT,AG,0.9993967,0.99933904,6.567561740666861e-06,2.208119440183509e-06
NC_003070.9,29033737,29033838,JUNC_17538,1,-,GT,AG,0.9955422,0.99753475,0.6511774659156799,0.989042341709137
NC_003070.9,29034091,29034202,JUNC_17539,1,-,GT,AG,0.9999939,0.9999865,0.05782243236899376,5.285930456011556e-05
NC_003070.9,29034300,29034402,JUNC_17540,1,-,GT,AG,0.9772939,0.99523455,0.002273247577250004,0.7032163739204407
NC_003070.9,29051919,29052160,JUNC_16922,1,+,GT,AG,1.0,0.9999999,0.949648916721344,0.0005542836152017117
NC_003070.9,29052247,29052396,JUNC_16923,1,+,GT,AG,0.9999999,0.9999999,0.4770466983318329,0.6322790384292603
NC_003070.9,29052489,29053049,JUNC_16924,1,+,GT,AG,0.9999962,0.9999907,0.22276511788368225,0.008240682072937489
NC_003070.9,29053179,29053260,JUNC_16925,1,+,GT,AG,0.96270466,0.91602963,0.06389760971069336,0.19435939192771912
NC_003070.9,29053629,29053992,JUNC_16926,1,+,GT,AG,0.9999995,0.999998,0.09285003691911697,0.00010048951662611216
NC_003070.9,29054074,29054158,JUNC_16927,1,+,GT,AG,0.9999442,0.99989927,0.00026511942269280553,0.14195795357227325
NC_003070.9,29054271,29054362,JUNC_16928,1,+,GT,AG,0.99220794,0.98555064,0.8836268186569214,9.11566530703567e-06
NC_003070.9,29054449,29054641,JUNC_16929,1,+,GT,AG,0.9999964,0.999998,0.7329715490341187,0.9253109097480774
NC_003070.9,29054767,29055023,JUNC_16930,1,+,GT,AG,0.9999999,0.99999976,0.09423904865980148,0.08150681853294373
NC_003070.9,29055158,29055262,JUNC_16931,1,+,GT,AG,0.99999964,0.9999994,0.38827160000801086,0.8354384303092957
NC_003070.9,29055310,29055462,JUNC_16932,1,+,GT,AG,0.97105443,0.9834231,0.3456631302833557,0.004483408760279417
NC_003070.9,29055573,29055732,JUNC_16933,1,+,GT,AG,0.9999926,0.99999523,0.02879566140472889,0.9868782162666321
NC_003070.9,29056919,29057007,JUNC_13117,1,+,GT,AG,0.99999416,0.99999785,0.9904555678367615,0.040784694254398346
NC_003070.9,29057050,29057149,JUNC_13118,1,+,GT,AG,0.999998,0.9999949,0.035456907004117966,0.7917622923851013
NC_003070.9,29057271,29057659,JUNC_13119,1,+,GT,AG,0.9999994,0.99999845,0.25366508960723877,0.01968737505376339
NC_003070.9,29057767,29058443,JUNC_13120,1,+,GT,AG,0.9999926,0.99997985,0.35378873348236084,0.07409650832414627
NC_003070.9,29058582,29058655,JUNC_13121,1,+,GT,AG,0.9993462,0.9986701,0.4401557743549347,0.6826474070549011
NC_003070.9,29058747,29059000,JUNC_13122,1,+,AT,AC,0.9989171,0.9985164,0.8765425682067871,0.19133803248405457
NC_003070.9,29059094,29059211,JUNC_13123,1,+,GT,AG,0.9660548,0.9598915,0.3597123920917511,0.99227374792099
NC_003070.9,29059674,29059811,JUNC_13124,1,+,GT,AG,0.9991793,0.9994593,0.9978029131889343,0.19545169174671173
NC_003070.9,29059954,29060078,JUNC_13125,1,+,GT,AG,0.9999411,0.9998452,0.07386983186006546,0.5796144604682922
NC_003070.9,29060446,29060549,JUNC_13126,1,+,GT,AG,0.8418533,0.74548817,0.4946456849575043,0.12516197562217712
NC_003070.9,29060714,29060964,JUNC_13127,1,+,GT,AG,0.9997342,0.9993185,0.069991834461689,0.9910577535629272
NC_003070.9,29061255,29061349,JUNC_13128,1,+,GT,AG,0.999995,0.9999924,0.996310293674469,0.271829754114151
NC_003070.9,29061775,29061855,JUNC_13129,1,+,GT,AG,0.99999666,0.9999449,0.06862687319517136,0.07483572512865067
NC_003070.9,29062058,29062444,JUNC_13130,1,+,GT,AG,0.62593585,0.7984907,0.0003042020834982395,0.8394951224327087
NC_003070.9,29062535,29062632,JUNC_13131,1,+,GT,AG,0.48653418,0.53082293,0.022114956751465797,0.0008342720684595406
NC_003070.9,29074079,29074241,JUNC_8784,1,+,GT,AG,0.9999474,0.9999397,2.0844487025328817e-08,1.2448283293053919e-08
NC_003070.9,29074492,29074586,JUNC_8785,1,+,GT,AG,0.995887,0.9919606,7.087695848895237e-05,1.2371851880743634e-06
NC_003070.9,29088881,29088965,JUNC_17063,1,-,GT,AG,0.9552369,0.95438963,0.8865455389022827,0.8279568552970886
NC_003070.9,29089320,29089406,JUNC_17064,1,-,GT,AG,0.9315092,0.9257155,0.9725831151008606,0.7078918814659119
NC_003070.9,29089552,29089634,JUNC_17065,1,-,GT,AG,0.29612944,0.5361443,0.2956036627292633,0.6640624403953552
NC_003070.9,29089742,29089821,JUNC_17066,1,-,GT,AG,0.99801576,0.9812206,0.025230806320905685,0.4028485119342804
NC_003070.9,29089926,29090059,JUNC_17067,1,-,GT,AG,0.99058807,0.9860314,0.00838617142289877,0.05423148721456528
NC_003070.9,29090169,29090260,JUNC_17068,1,-,GT,AG,0.99977773,0.9994516,0.9984704852104187,1.196617972709646e-06
NC_003070.9,29090349,29090452,JUNC_17069,1,-,GT,AG,0.98999107,0.9843599,0.33787447214126587,0.00022502777574118227
NC_003070.9,29090634,29090710,JUNC_17070,1,-,GT,AG,0.9991468,0.9984508,0.08945824205875397,0.425997793674469
NC_003070.9,29090872,29090945,JUNC_17071,1,-,GT,AG,0.99999726,0.9999931,0.9596109390258789,0.9846993088722229
NC_003070.9,29091064,29091138,JUNC_17072,1,-,GT,AG,0.17995088,0.1781347,0.006568488199263811,0.007977158762514591
NC_003070.9,29091223,29091308,JUNC_17073,1,-,GT,AG,0.9997664,0.9995359,0.04074826091527939,0.49648329615592957
NC_003070.9,29091414,29091504,JUNC_17074,1,-,GT,AG,0.06333702,0.045433324,0.5454674959182739,5.6339308684982825e-06
NC_003070.9,29091599,29091698,JUNC_17075,1,-,GT,AG,0.9750074,0.9540304,9.59263343247585e-06,0.13243068754673004
NC_003070.9,29091842,29091923,JUNC_17076,1,-,GT,AG,0.9635341,0.8987499,0.02400670014321804,0.0010038951877504587
NC_003070.9,29092016,29092087,JUNC_17077,1,-,GT,AG,0.9914117,0.9884398,0.049916401505470276,0.8629213571548462
NC_003070.9,29092154,29092247,JUNC_17078,1,-,GT,AG,0.82617784,0.6627798,0.15831241011619568,0.16445790231227875
NC_003070.9,29092360,29092437,JUNC_17079,1,-,GT,AG,0.56540465,0.5881441,0.9341055750846863,0.73481684923172
NC_003070.9,29092533,29092986,JUNC_17080,1,-,GT,AG,0.8858607,0.8611262,0.8624130487442017,0.20815083384513855
NC_003070.9,29103712,29103905,JUNC_2502,1,+,GT,AG,0.9224701,0.895453,0.01986534334719181,0.09749655425548553
NC_003070.9,29104068,29104351,JUNC_2503,1,+,GT,AG,1.0,1.0,0.019544528797268867,0.04413623362779617
NC_003070.9,29104439,29104531,JUNC_2504,1,+,GT,AG,0.99999845,0.99999464,0.994051992893219,0.5908324718475342
NC_003070.9,29107598,29107969,JUNC_2505,1,+,GT,AG,0.9999864,0.99998426,0.9345896244049072,0.7102097272872925
NC_003070.9,29110517,29110639,JUNC_2506,1,+,GT,AG,0.9996457,0.9995987,0.2389385849237442,0.8038202524185181
NC_003070.9,29111094,29111187,JUNC_2507,1,+,GT,AG,0.99788827,0.9962094,0.8422535061836243,0.0011492482153698802
NC_003070.9,29111304,29111418,JUNC_2508,1,+,GT,AG,0.9999223,0.99994874,0.14962641894817352,0.9842020273208618
NC_003070.9,29114834,29114973,JUNC_9190,1,-,GT,AG,0.98774827,0.99376255,0.9976133108139038,0.8923211097717285
NC_003070.9,29115061,29115144,JUNC_272,1,-,GT,AG,0.99999774,0.99999297,0.6532777547836304,0.006157079245895147
NC_003070.9,29115217,29115308,JUNC_273,1,-,GT,AG,0.9992667,0.99900585,0.03803819790482521,0.9953085780143738
NC_003070.9,29115506,29115595,JUNC_274,1,-,GT,AG,0.9993069,0.99947506,0.9130134582519531,0.017789462581276894
NC_003070.9,29115734,29115834,JUNC_275,1,-,GT,AG,0.9995907,0.9993827,0.730800986289978,0.25772950053215027
NC_003070.9,29116068,29116165,JUNC_276,1,-,GT,AG,0.99908936,0.99912876,0.14345747232437134,0.21870742738246918
NC_003070.9,29116392,29116471,JUNC_277,1,-,GT,AG,0.99999976,0.99999964,0.260633647441864,0.615276038646698
NC_003070.9,29116589,29116956,JUNC_278,1,-,GT,AG,1.0,1.0,0.002938985824584961,0.9397119283676147
NC_003070.9,29144568,29144661,JUNC_4006,1,-,GT,AG,0.9999325,0.9998529,0.02949226275086403,0.1094135195016861
NC_003070.9,29146337,29146416,JUNC_4007,1,-,GT,AG,0.99997497,0.99994147,0.10391522943973541,0.007205033674836159
NC_003070.9,29146612,29146703,JUNC_4008,1,-,GT,AG,0.9999995,0.9999995,0.9786092042922974,0.9903399348258972
NC_003070.9,29148665,29148739,JUNC_14823,1,-,GT,AG,0.9998067,0.9994479,0.2575593590736389,0.0003800495178438723
NC_003070.9,29148946,29149034,JUNC_14824,1,-,GT,AG,0.99998057,0.99972636,0.006467543542385101,0.21878337860107422
NC_003070.9,29149169,29149262,JUNC_14825,1,-,GT,AG,0.99468803,0.9926744,0.18183985352516174,0.0029438985511660576
NC_003070.9,29149394,29149496,JUNC_14826,1,-,GT,AG,0.99988616,0.99985063,0.919837474822998,0.13468456268310547
NC_003070.9,29149614,29149711,JUNC_14827,1,-,GT,AG,0.9954125,0.995391,0.935369610786438,0.9606999158859253
NC_003070.9,29149941,29150133,JUNC_14828,1,-,GT,AG,0.82824856,0.87690175,0.04372980818152428,0.9546016454696655
NC_003070.9,29150307,29150394,JUNC_14829,1,-,GT,AG,0.9958882,0.99680436,0.9199525713920593,0.07874950766563416
NC_003070.9,29150526,29150677,JUNC_14830,1,-,GT,AG,0.9999801,0.9999373,0.49739158153533936,0.9970190525054932
NC_003070.9,29150932,29151144,JUNC_14831,1,-,GT,AG,1.0,0.9999999,0.20402999222278595,0.7174467444419861
NC_003070.9,29151225,29151329,JUNC_15749,1,-,GT,AG,0.99999654,0.99999404,0.6015545129776001,0.014208461157977581
NC_003070.9,29151831,29152175,JUNC_14832,1,-,GT,AG,0.022157358,0.006809338,1.3156157365301624e-05,0.9872745275497437
NC_003070.9,29174383,29174519,JUNC_3159,1,+,GT,AG,0.99946886,0.99933755,0.9574173092842102,0.19629015028476715
NC_003070.9,29174637,29174708,JUNC_3160,1,+,GT,AG,0.008117446,0.00623422,0.0004336503625381738,3.255018782510888e-06
NC_003070.9,29174870,29174963,JUNC_3161,1,+,GT,AG,0.08099974,0.13015686,0.02256452850997448,0.9395085573196411
NC_003070.9,29174995,29175085,JUNC_3162,1,+,GT,AG,0.99981457,0.9997975,0.0944327637553215,0.09136557579040527
NC_003070.9,29201426,29201642,JUNC_4989,1,-,GT,AG,0.33359075,0.3613933,0.39493921399116516,0.04840138182044029
NC_003070.9,29202108,29202197,JUNC_4990,1,-,GT,AG,0.987845,0.97544867,0.1449226289987564,0.6610178351402283
NC_003070.9,29202295,29202395,JUNC_4991,1,-,GT,AG,0.99883896,0.99769306,0.03343143314123154,0.9919671416282654
NC_003070.9,29202579,29202662,JUNC_4992,1,-,GT,AG,0.8143669,0.7733594,0.0001807502267183736,0.0013155675260350108
NC_003070.9,29202775,29202878,JUNC_4993,1,-,GT,AG,0.9993456,0.9992065,0.18339863419532776,0.0003933855623472482
NC_003070.9,29203064,29203146,JUNC_4994,1,-,GT,AG,0.19552708,0.11824939,0.35248956084251404,0.7872458100318909
NC_003070.9,29204822,29205147,JUNC_9237,1,+,GT,AG,0.00044562737,0.0012154275,6.0820471844635904e-05,0.8314758539199829
NC_003070.9,29205271,29205346,JUNC_9238,1,+,GT,AG,0.48783144,0.24939995,0.013041254132986069,8.622673340141773e-05
NC_003070.9,29205271,29205387,JUNC_4236,1,+,GT,AG,0.9676917,0.9534108,0.8416517376899719,0.9409657716751099
NC_003070.9,29221734,29221816,JUNC_8940,1,+,GT,AG,0.99992037,0.9999424,0.047923699021339417,0.0011930939508602023
NC_003070.9,29221981,29222095,JUNC_8941,1,+,GT,AG,0.99999666,0.99998903,0.009307156316936016,0.24008318781852722
NC_003070.9,29222261,29222417,JUNC_8942,1,+,GT,AG,1.0,1.0,0.03893372416496277,0.5727836489677429
NC_003070.9,29222528,29222609,JUNC_8943,1,+,GT,AG,0.9999168,0.9999119,0.45406675338745117,0.056679267436265945
NC_003070.9,29222803,29222897,JUNC_8944,1,+,GT,AG,0.9462145,0.97148246,0.967663586139679,0.22949032485485077
NC_003070.9,29223028,29223111,JUNC_8945,1,+,GT,AG,0.9838552,0.9885365,0.9951360821723938,0.8675664663314819
NC_003070.9,29223205,29223560,JUNC_8946,1,+,GT,AG,0.99999833,0.9999889,0.9002640247344971,0.9941297769546509
NC_003070.9,29245374,29245728,JUNC_9618,1,+,GT,AG,0.9999845,0.9999392,0.906596302986145,0.9713716506958008
NC_003070.9,29245887,29245965,JUNC_9619,1,+,GT,AG,0.9955595,0.99158853,0.8727685809135437,0.863267719745636
NC_003070.9,29255048,29255147,JUNC_10155,1,+,GT,AG,0.0012286368,0.0012874934,2.725348349486012e-05,0.001239209552295506
NC_003070.9,29255048,29255384,JUNC_3078,1,+,GT,AG,0.98837507,0.9853172,0.22468504309654236,0.3944866359233856
NC_003070.9,29255241,29255421,JUNC_10156,1,+,GT,AG,1.0430325e-12,1.4072853e-11,0.0012266120174899697,0.09245048463344574
NC_003070.9,29255470,29255543,JUNC_3079,1,+,GT,AG,0.2479806,0.16322917,0.3888057768344879,7.093116437317804e-05
NC_003070.9,29255721,29255802,JUNC_9432,1,+,GT,AG,0.00015204736,0.0007623446,0.08695466071367264,0.06090176850557327
NC_003070.9,29255891,29255962,JUNC_3080,1,+,GT,AG,0.9976719,0.9962616,0.0030620230827480555,0.06841248273849487
NC_003070.9,29256046,29256137,JUNC_3081,1,+,GT,AG,0.99998295,0.99996305,0.019253747537732124,0.22422048449516296
NC_003070.9,29256234,29256441,JUNC_10157,1,+,GT,AG,0.6294039,0.40842226,0.010649235919117928,4.2192155547127186e-07
NC_003070.9,29256515,29256736,JUNC_3082,1,+,GT,AG,0.99998534,0.999985,0.0481373630464077,0.032303471118211746
NC_003070.9,29256794,29256952,JUNC_3083,1,+,GT,AG,0.9988435,0.9981919,0.057951055467128754,0.9769309163093567
NC_003070.9,29257082,29257183,JUNC_3084,1,+,GT,AG,0.99724114,0.9921564,0.24716182053089142,7.735619874438271e-05
NC_003070.9,29257314,29257378,JUNC_3085,1,+,GT,AG,0.76614213,0.8351882,0.0098818214610219,0.24621909856796265
NC_003070.9,29257549,29257644,JUNC_3086,1,+,GT,AG,0.99252385,0.98678184,7.125046067812946e-06,0.0011220729211345315
NC_003070.9,29257892,29257989,JUNC_3087,1,+,GT,AG,0.98370713,0.97643524,7.878003088990226e-05,2.6859846911975183e-05
NC_003070.9,29258202,29258312,JUNC_3088,1,+,GT,AG,0.4283101,0.21338966,0.9365816712379456,0.33281567692756653
NC_003070.9,29258519,29258615,JUNC_3089,1,+,GT,AG,0.08381317,0.08278925,0.6892812848091125,0.9928968548774719
NC_003070.9,29258669,29258755,JUNC_3090,1,+,GT,AG,0.982625,0.94914556,0.9547240138053894,1.3389562809607014e-06
NC_003070.9,29258821,29258924,JUNC_3091,1,+,GT,AG,0.9999974,0.9999963,0.041086990386247635,0.8945462107658386
NC_003070.9,29259056,29259141,JUNC_3092,1,+,GT,AG,0.9970149,0.9965629,0.7168346047401428,0.2804509997367859
NC_003070.9,29259195,29259309,JUNC_3093,1,+,GT,AG,0.99997354,0.99993706,0.07097402960062027,0.10693946480751038
NC_003070.9,29259369,29259463,JUNC_3094,1,+,GT,AG,0.9998888,0.9998677,7.489497875212692e-07,5.823661194881424e-05
NC_003070.9,29259865,29259986,JUNC_10158,1,+,GT,AG,0.9999542,0.9998807,0.1727203130722046,0.4665535092353821
NC_003070.9,29267415,29267450,JUNC_15300,1,-,GT,AG,3.0200361e-05,5.2482155e-06,0.5328076481819153,0.8482401967048645
NC_003070.9,29268554,29268866,JUNC_16758,1,+,GT,AG,0.4298732,0.37255388,0.9588147401809692,0.9378329515457153
NC_003070.9,29273472,29273940,JUNC_9806,1,+,GT,AG,0.9999819,0.99997723,0.003729283344000578,0.015295285731554031
NC_003070.9,29285306,29285384,JUNC_9990,1,+,GT,AG,0.9999422,0.99979514,0.0006127647357061505,0.0006257225177250803
NC_003070.9,29285561,29285658,JUNC_9991,1,+,GT,AG,0.9999944,0.99999356,0.03063519299030304,0.006749602034687996
NC_003070.9,29292573,29292660,JUNC_1859,1,+,GT,AG,0.6533705,0.6241185,0.05932873487472534,0.0183552373200655
NC_003070.9,29292748,29292844,JUNC_1860,1,+,GT,AG,0.99971896,0.9990756,0.07819995284080505,0.2851361930370331
NC_003070.9,29292944,29293025,JUNC_1861,1,+,GT,AG,0.97951597,0.89831287,0.4201224744319916,0.8335939645767212
NC_003070.9,29293099,29293206,JUNC_1862,1,+,GT,AG,0.7078998,0.77737945,0.00848203245550394,0.0011910161701962352
NC_003070.9,29293278,29293400,JUNC_1863,1,+,GT,AG,0.9832681,0.9716424,2.3941545805428177e-05,7.754883881716523e-06
NC_003070.9,29293478,29293678,JUNC_1864,1,+,GT,AG,0.0025755684,0.02129656,0.28116026520729065,0.8779169321060181
NC_003070.9,29293803,29293975,JUNC_1865,1,+,GT,AG,0.046428423,0.043975204,4.039860414195573e-06,3.915176449709179e-08
NC_003070.9,29294048,29294266,JUNC_1866,1,+,GT,AG,0.0010033813,0.0013910352,0.05165465921163559,0.5771968364715576
NC_003070.9,29294328,29294581,JUNC_1867,1,+,GT,AG,0.9999999,0.9999999,0.00011355629976605996,0.0318387933075428
NC_003070.9,29294962,29295104,JUNC_1868,1,+,GT,AG,0.99994886,0.9998982,0.08971969783306122,0.013385198079049587
NC_003070.9,29295204,29295287,JUNC_1869,1,+,GT,AG,0.9996848,0.99913067,0.21520265936851501,0.002926815999671817
NC_003070.9,29295450,29295539,JUNC_1870,1,+,GT,AG,0.07668903,0.026768088,0.009563125669956207,0.013290603645145893
NC_003070.9,29301427,29301644,JUNC_9717,1,+,GT,AG,0.9949456,0.99106514,0.7151016592979431,0.009629912674427032
NC_003070.9,29301719,29301798,JUNC_9718,1,+,GT,AG,0.9999933,0.9999982,0.15963822603225708,0.01398063637316227
NC_003070.9,29301938,29302025,JUNC_9719,1,+,GT,AG,1.0,1.0,0.999092698097229,0.0827881395816803
NC_003070.9,29307213,29308323,JUNC_5323,1,+,GT,AG,0.9838113,0.9801158,0.0020039668306708336,0.0013526891125366092
NC_003070.9,29308377,29308468,JUNC_5324,1,+,GT,AG,0.88568515,0.8593827,0.002356897806748748,0.014013329520821571
NC_003070.9,29308501,29308591,JUNC_5325,1,+,GT,AG,0.99999523,0.99999535,0.8155898451805115,0.9923833012580872
NC_003070.9,29308610,29308774,JUNC_5326,1,+,GT,AG,0.95781785,0.9118716,0.9615713357925415,0.243093803524971
NC_003070.9,29308842,29308947,JUNC_5327,1,+,GT,AG,0.4883628,0.5635102,0.7286854982376099,0.9039133787155151
NC_003070.9,29308975,29309053,JUNC_5328,1,+,GT,AG,0.9975643,0.9977735,0.9942470788955688,0.9849293828010559
NC_003070.9,29309115,29309196,JUNC_5329,1,+,GT,AG,0.99810475,0.99774635,0.9417449235916138,0.9358726143836975
NC_003070.9,29309296,29309378,JUNC_5330,1,+,GT,AG,0.8922482,0.86128044,0.35414788126945496,0.0045948754996061325
NC_003070.9,29309533,29309612,JUNC_5331,1,+,GT,AG,0.9999827,0.9999751,0.3715669512748718,0.665356457233429
NC_003070.9,29309756,29311119,JUNC_17001,1,+,GT,AG,0.9999876,0.9999547,0.9770941138267517,0.00045772024895995855
NC_003070.9,29315334,29315410,JUNC_13432,1,-,GT,AG,0.9999964,0.99999416,0.7757388353347778,0.048449818044900894
NC_003070.9,29315743,29315832,JUNC_13433,1,-,GT,AG,0.048638403,0.018365532,0.7905611991882324,0.16642601788043976
NC_003070.9,29315932,29316026,JUNC_13434,1,-,GT,AG,0.2936674,0.49579793,0.10385851562023163,0.9208351969718933
NC_003070.9,29316088,29316161,JUNC_13435,1,-,GT,AG,0.3525134,0.4484099,0.9895378351211548,0.957024872303009
NC_003070.9,29316189,29316294,JUNC_13436,1,-,GT,AG,0.00017852939,0.000120530756,0.9514851570129395,0.08519560843706131
NC_003070.9,29316356,29316480,JUNC_13437,1,-,GT,AG,0.7189308,0.8933693,0.2267943173646927,0.0012648596893996
NC_003070.9,29316499,29316609,JUNC_13438,1,-,GT,AG,0.9963523,0.9972362,0.049961596727371216,0.971007764339447
NC_003070.9,29316642,29316728,JUNC_13439,1,-,GT,AG,0.99994445,0.99993217,0.9719959497451782,0.003401233581826091
NC_003070.9,29316782,29316882,JUNC_13440,1,-,GT,AG,0.9958027,0.99411035,0.010027849115431309,0.9592902660369873
NC_003070.9,29328382,29329876,JUNC_18033,1,+,GT,AG,0.9966285,0.99660516,0.0009662377997301519,0.04333018511533737
NC_003070.9,29329782,29329876,JUNC_16341,1,+,GT,AG,0.0017497288,0.002221918,0.00966637022793293,0.004525968339294195
NC_003070.9,29330209,29330291,JUNC_16342,1,+,GT,AG,0.99999404,0.9999852,0.001237287069670856,0.11323520541191101
NC_003070.9,29330340,29330426,JUNC_10542,1,+,GT,AG,0.9982299,0.99935216,0.0072762020863592625,0.04030029475688934
NC_003070.9,29330634,29330729,JUNC_10543,1,+,GT,AG,0.9999502,0.99989116,0.00036381458630785346,0.11321830749511719
NC_003070.9,29330904,29330997,JUNC_10544,1,+,GT,AG,0.81184053,0.781889,8.423094044474055e-08,2.6918030471279053e-08
NC_003070.9,29331063,29331150,JUNC_10545,1,+,GT,AG,0.7532978,0.69826716,0.46843791007995605,0.7738005518913269
NC_003070.9,29331264,29331368,JUNC_10546,1,+,GT,AG,0.9999989,0.99999857,0.906596839427948,0.3272399604320526
NC_003070.9,29331485,29331572,JUNC_10547,1,+,GT,AG,0.9999994,0.9999988,0.00029901901143603027,0.9130197167396545
NC_003070.9,29331986,29332084,JUNC_10548,1,+,GT,AG,0.99973875,0.9996824,0.9940811991691589,0.00013069238048046827
NC_003070.9,29332275,29332365,JUNC_10549,1,+,GT,AG,0.9999949,0.99998105,0.02545875497162342,0.9317882061004639
NC_003070.9,29332451,29332544,JUNC_16343,1,+,GT,AG,0.9999286,0.99995315,0.9857741594314575,0.8115657567977905
NC_003070.9,29332621,29332733,JUNC_16344,1,+,GT,AG,0.9996339,0.99921954,0.9765899777412415,0.9842975735664368
NC_003070.9,29333706,29333808,JUNC_16795,1,+,GT,AG,0.99974185,0.99988663,0.9947711825370789,0.7602848410606384
NC_003070.9,29334128,29334341,JUNC_16796,1,+,GT,AG,0.9999999,0.9999999,0.05458073690533638,0.014715148136019707
NC_003070.9,29334480,29334677,JUNC_16797,1,+,GT,AG,0.9999999,0.9999999,0.9938365817070007,0.7829425930976868
NC_003070.9,29334799,29334906,JUNC_16798,1,+,GT,AG,0.99999976,0.99999976,0.00031153790769167244,0.9914172291755676
NC_003070.9,29335110,29335200,JUNC_16799,1,+,GT,AG,0.9999999,0.9999999,0.9935467839241028,0.0005363575182855129
NC_003070.9,29335260,29335378,JUNC_16800,1,+,GT,AG,0.99996924,0.99998224,0.6891823410987854,0.9352620840072632
NC_003070.9,29335517,29335596,JUNC_16801,1,+,GT,AG,0.9999999,0.9999999,0.8358551263809204,0.02288842760026455
NC_003070.9,29335715,29335805,JUNC_16802,1,+,GT,AG,0.9996575,0.9996892,0.6971036791801453,0.94430011510849
NC_003070.9,29336018,29336102,JUNC_16803,1,+,GT,AG,1.0,1.0,0.9757720828056335,0.5829257965087891
NC_003070.9,29346158,29346490,JUNC_12286,1,+,GT,AG,0.99999833,0.99999595,0.7906855940818787,0.995495080947876
NC_003070.9,29355115,29355210,JUNC_10816,1,+,GT,AG,0.9999417,0.9999492,0.9759672284126282,0.8288235068321228
NC_003070.9,29355362,29355456,JUNC_10817,1,+,GT,AG,1.0,1.0,0.0051612285897135735,0.005751431453973055
NC_003070.9,29355630,29355738,JUNC_10818,1,+,GT,AG,0.9999995,0.9999987,0.9904138445854187,0.011747357435524464
NC_003070.9,29355825,29357084,JUNC_10819,1,+,GT,AG,0.9999989,0.9999993,0.9882612824440002,0.9782106280326843
NC_003070.9,29356466,29356664,JUNC_18109,1,+,GT,AG,0.005886833,0.0034196083,0.3386516869068146,0.9848282933235168
NC_003070.9,29356708,29357084,JUNC_18110,1,+,GT,AG,0.999925,0.9998958,0.9720252156257629,0.07792564481496811
NC_003070.9,29357219,29357302,JUNC_10820,1,+,GT,AG,0.9999876,0.999946,0.4831673502922058,0.6902839541435242
NC_003070.9,29357413,29357493,JUNC_10821,1,+,GT,AG,0.99857605,0.99852556,0.19371996819972992,0.0456949807703495
NC_003070.9,29357585,29357669,JUNC_10822,1,+,GT,AG,0.99984187,0.9998277,0.9401711821556091,0.9721887111663818
NC_003070.9,29357775,29357867,JUNC_10823,1,+,GT,AG,0.999992,0.9999912,0.8605769276618958,0.9554926156997681
NC_003070.9,29404840,29404975,JUNC_14129,1,+,GT,AG,0.5474503,0.62052435,0.44030606746673584,0.05704554170370102
NC_003070.9,29405118,29405213,JUNC_9067,1,+,GT,AG,0.99999297,0.99997354,0.004743302706629038,0.0003127658856101334
NC_003070.9,29405287,29405465,JUNC_9068,1,+,GT,AG,1.0,0.99999976,6.850544195913244e-06,9.983858717532712e-08
NC_003070.9,29405287,29405552,JUNC_14130,1,+,GT,AG,1.0,1.0,0.9408135414123535,0.959816575050354
NC_003070.9,29405652,29405730,JUNC_9069,1,+,GT,AG,0.9999999,0.99999905,0.9501829147338867,0.8333316445350647
NC_003070.9,29406009,29406092,JUNC_9070,1,+,GT,AG,1.0,1.0,0.13956226408481598,0.09013941884040833
NC_003070.9,29417334,29417449,JUNC_10002,1,+,GT,AG,0.9995913,0.9996025,0.9790306687355042,0.994864284992218
NC_003070.9,29417753,29417901,JUNC_10003,1,+,GT,AG,0.9999968,0.9999944,0.4242965281009674,0.8449690937995911
NC_003070.9,29418369,29418456,JUNC_10004,1,+,GT,AG,0.3113283,0.32760286,0.09282941371202469,0.949251651763916
NC_003070.9,29420380,29420476,JUNC_17195,1,+,GT,AG,0.9346372,0.9509904,0.014808624051511288,0.11387180536985397
NC_003070.9,29420518,29420591,JUNC_17196,1,+,GT,AG,0.99301696,0.99332654,0.003086416283622384,0.014694911427795887
NC_003070.9,29420828,29420914,JUNC_17197,1,+,GT,AG,0.99999905,0.9999989,0.9256353378295898,0.8038520812988281
NC_003070.9,29421200,29421281,JUNC_17198,1,+,GT,AG,0.9999969,0.9999926,0.363890141248703,0.9974838495254517
NC_003070.9,29421436,29421512,JUNC_17199,1,+,GT,AG,0.99999964,0.9999993,0.6839941740036011,0.44179922342300415
NC_003070.9,29433331,29433409,JUNC_14095,1,-,GT,AG,0.99999917,0.9999962,0.992868959903717,0.6214367151260376
NC_003070.9,29433551,29433622,JUNC_14096,1,-,GT,AG,0.99998486,0.9999796,0.9941224455833435,0.9968671202659607
NC_003070.9,29433926,29434011,JUNC_14097,1,-,GT,AG,0.65673995,0.74773574,0.5530057549476624,0.9279976487159729
NC_003070.9,29434187,29434292,JUNC_14098,1,-,GT,AG,0.14955865,0.07279176,0.016286401078104973,0.36373746395111084
NC_003070.9,29434506,29434595,JUNC_14099,1,-,GT,AG,0.06519615,0.0186694,0.0015988913364708424,0.0002366105472901836
NC_003070.9,29434836,29434927,JUNC_14100,1,-,GT,AG,0.99999774,0.99999666,0.004165129270404577,5.4929529142100364e-05
NC_003070.9,29435057,29435126,JUNC_14101,1,-,GT,AG,0.9929696,0.972563,4.000841272500111e-06,0.0005922889686189592
NC_003070.9,29435845,29436153,JUNC_14102,1,-,GT,AG,0.99411094,0.9952551,0.01180154550820589,0.01244400441646576
NC_003070.9,29443962,29443972,JUNC_4902,1,-,GC,GT,3.039429e-08,6.641041e-08,0.814155638217926,0.0086672930046916
NC_003070.9,29462359,29462536,JUNC_5103,1,+,GT,AG,0.9999863,0.99999297,0.7255793809890747,0.030007820576429367
NC_003070.9,29462659,29462771,JUNC_5104,1,+,GT,AG,1.0,1.0,0.7074311375617981,1.3355457667785231e-05
NC_003070.9,29462888,29462989,JUNC_5105,1,+,GT,AG,0.99950135,0.999146,0.0542084276676178,0.01885395683348179
NC_003070.9,29498511,29498586,JUNC_5380,1,-,GT,AG,0.9994592,0.9995425,0.0033937827683985233,0.012940241023898125
NC_003070.9,29499414,29499526,JUNC_5381,1,-,GT,AG,0.9999982,0.99999845,0.002840035129338503,0.025809230282902718
NC_003070.9,29503498,29503733,JUNC_5229,1,+,GT,AG,0.9818444,0.99207735,0.0029087436851114035,0.9485596418380737
NC_003070.9,29522324,29522401,JUNC_18310,1,+,GT,AG,0.9989693,0.9988472,0.4717082381248474,0.16277764737606049
NC_003070.9,29522566,29522687,JUNC_18311,1,+,GT,AG,0.9998878,0.9989693,0.027027636766433716,0.971752405166626
NC_003070.9,29528557,29528639,JUNC_8394,1,+,GT,AG,0.99999857,0.9999918,0.7283946871757507,0.46212533116340637
NC_003070.9,29528964,29529038,JUNC_8395,1,+,GT,AG,0.99997365,0.9999392,0.23211653530597687,0.7719562649726868
NC_003070.9,29529191,29529289,JUNC_8396,1,+,GT,AG,0.99905664,0.9976457,0.3059585988521576,0.0455268993973732
NC_003070.9,29529538,29529627,JUNC_8397,1,+,GT,AG,0.99990356,0.9998159,0.04058144614100456,0.00967442151159048
NC_003070.9,29529720,29529800,JUNC_8398,1,+,GT,AG,0.99394786,0.99633896,0.3673172891139984,0.60745769739151
NC_003070.9,29529879,29529958,JUNC_8399,1,+,GC,AG,0.7299907,0.8768793,0.9674032330513,0.8445242643356323
NC_003070.9,29530065,29530166,JUNC_8400,1,+,GT,AG,0.00020802782,0.00017476473,0.3407239615917206,0.885365903377533
NC_003070.9,29535958,29536056,JUNC_14283,1,-,GT,AG,1.0,1.0,0.980187714099884,0.7648488283157349
NC_003070.9,29536184,29536268,JUNC_14284,1,-,GT,AG,0.9999999,1.0,0.026905769482254982,0.9932562112808228
NC_003070.9,29536372,29536476,JUNC_14285,1,-,GT,AG,0.999998,0.99999726,0.9947793483734131,0.6969772577285767
NC_003070.9,29536604,29536697,JUNC_14286,1,-,GT,AG,0.9975224,0.9962054,0.004759041592478752,0.5003757476806641
NC_003070.9,29536822,29536976,JUNC_14287,1,-,GT,AG,0.98957354,0.9879457,0.9907413721084595,0.0018369121244177222
NC_003070.9,29545273,29545368,JUNC_3778,1,-,GT,AG,0.99994445,0.9999237,0.9926645159721375,0.9757038354873657
NC_003070.9,29545693,29545772,JUNC_3779,1,-,GT,AG,0.99999976,0.99999976,0.0034614040050655603,0.07864014059305191
NC_003070.9,29546020,29546105,JUNC_3780,1,-,GT,AG,0.9937779,0.9913169,0.9373305439949036,0.005576954688876867
NC_003070.9,29546998,29547094,JUNC_13625,1,-,GT,AG,0.990948,0.99178857,0.0021284890826791525,0.5951603651046753
NC_003070.9,29547382,29547480,JUNC_13626,1,-,GT,AG,0.99999714,0.9999964,0.13914534449577332,0.22841373085975647
NC_003070.9,29547564,29547645,JUNC_13627,1,-,GT,AG,0.99996614,0.9999677,0.9908973574638367,0.3522328734397888
NC_003070.9,29547700,29547784,JUNC_13628,1,-,GT,AG,0.9896297,0.9803823,0.4328639507293701,0.993744432926178
NC_003070.9,29547818,29547898,JUNC_13629,1,-,GT,AG,0.2135121,0.21705133,0.9594589471817017,0.2021707147359848
NC_003070.9,29547992,29548266,JUNC_13630,1,-,GT,AG,0.2580664,0.34685075,0.17628400027751923,0.7641444802284241
NC_003070.9,29549861,29550100,JUNC_14159,1,+,GT,AG,0.9999993,0.9999943,0.00043931230902671814,0.0013790457742288709
NC_003070.9,29551675,29551763,JUNC_14160,1,+,GT,AG,0.9999988,0.9999968,0.00017190907965414226,0.09013941884040833
NC_003070.9,29552923,29552996,JUNC_9006,1,-,GT,AG,0.9999993,0.99999774,0.007404972333461046,0.013648118823766708
NC_003070.9,29553095,29553179,JUNC_9007,1,-,GT,AG,0.9999809,0.9999671,0.2215692549943924,0.7371490001678467
NC_003070.9,29553310,29553392,JUNC_9008,1,-,GT,AG,0.9993418,0.99913365,0.23000119626522064,0.3855729401111603
NC_003070.9,29553480,29553562,JUNC_9009,1,-,GT,AG,0.99409664,0.9893243,0.16885052621364594,8.228699880419299e-05
NC_003070.9,29553685,29553773,JUNC_9010,1,-,GT,AG,0.9999926,0.99995565,0.5429600477218628,0.1132236048579216
NC_003070.9,29553950,29554046,JUNC_9011,1,-,GT,AG,0.9973863,0.99752873,0.09947580844163895,0.9970958232879639
NC_003070.9,29554164,29554264,JUNC_9012,1,-,GT,AG,0.99989164,0.99981517,0.9943782687187195,0.9412098526954651
NC_003070.9,29554452,29554536,JUNC_9013,1,-,GT,AG,1.0,1.0,0.37711113691329956,0.5450037121772766
NC_003070.9,29554637,29554744,JUNC_9014,1,-,GT,AG,0.9999958,0.9999931,0.24025750160217285,0.4843252897262573
NC_003070.9,29554793,29555104,JUNC_9015,1,-,GT,AG,0.99998057,0.9999913,0.028259603306651115,0.7375079989433289
NC_003070.9,29555193,29555350,JUNC_9016,1,-,GT,AG,0.9999995,0.99999905,0.08486766368150711,0.2573758363723755
NC_003070.9,29555501,29555638,JUNC_9017,1,-,GT,AG,1.0,1.0,0.06066146120429039,0.3562757968902588
NC_003070.9,29555740,29555863,JUNC_9018,1,-,GT,AG,0.99994886,0.99987817,0.058032140135765076,0.33332279324531555
NC_003070.9,29555978,29556354,JUNC_9019,1,-,GT,AG,0.99487835,0.99071056,0.8585720658302307,0.12102829664945602
NC_003070.9,29556743,29556873,JUNC_9020,1,-,GT,AG,0.9875689,0.98924387,0.05637864023447037,0.977449893951416
NC_003070.9,29556971,29557100,JUNC_9021,1,-,GT,AG,0.7596053,0.77276856,0.9996519088745117,0.9429845809936523
NC_003070.9,29557529,29557660,JUNC_9022,1,-,GT,AG,0.9586984,0.84191376,0.11504680663347244,0.15418986976146698
NC_003070.9,29557701,29557883,JUNC_9023,1,-,GT,AG,0.3600043,0.50250393,0.002023225650191307,0.4111058712005615
NC_003070.9,29569535,29569623,JUNC_15937,1,-,GT,AG,0.9999498,0.9998747,0.5561025738716125,0.003412604797631502
NC_003070.9,29569826,29569898,JUNC_15938,1,-,GT,AG,0.99992156,0.99959487,0.022559817880392075,0.04703914746642113
NC_003070.9,29570192,29570268,JUNC_15939,1,-,GT,AG,0.9999995,0.9999988,0.32780033349990845,0.9236378073692322
NC_003070.9,29570392,29570486,JUNC_15940,1,-,GT,AG,0.99999833,0.99999404,0.26060912013053894,0.2018812596797943
NC_003070.9,29576248,29576556,JUNC_14579,1,+,GT,AG,0.9994672,0.9998062,0.447438508272171,0.49705368280410767
NC_003070.9,29576742,29576942,JUNC_14580,1,+,GT,AG,0.9999995,1.0,0.09263511747121811,0.00081853405572474
NC_003070.9,29577113,29577289,JUNC_14581,1,+,GT,AG,0.99992263,0.9997532,0.00505462009459734,0.8281617164611816
NC_003070.9,29580301,29580377,JUNC_17182,1,-,GT,AG,0.95661515,0.95714605,0.7282541394233704,0.1564350724220276
NC_003070.9,29594256,29594346,JUNC_15479,1,+,GT,AG,0.99976355,0.9995496,0.07348236441612244,0.022940853610634804
NC_003070.9,29594433,29594518,JUNC_15480,1,+,GT,AG,0.9999958,0.9999949,0.8502182960510254,0.25201353430747986
NC_003070.9,29594608,29594724,JUNC_15481,1,+,GT,AG,0.999998,0.99999845,0.5368304252624512,0.8387066721916199
NC_003070.9,29594819,29594911,JUNC_15482,1,+,GT,AG,0.9174599,0.8830349,0.9377456903457642,0.8634902238845825
NC_003070.9,29594972,29595199,JUNC_15483,1,+,GT,AG,0.999015,0.9989371,0.9335825443267822,0.9523712396621704
NC_003070.9,29595289,29595372,JUNC_15484,1,+,GT,AG,0.9987072,0.9960259,0.28431040048599243,0.9031463265419006
NC_003070.9,29595435,29595561,JUNC_15485,1,+,GT,AG,0.07576576,0.1188122,0.4347510039806366,0.2850531041622162
NC_003070.9,29595650,29595784,JUNC_15486,1,+,GT,AG,0.99734455,0.99670655,0.9872795343399048,0.08886197209358215
NC_003070.9,29595877,29595985,JUNC_17132,1,+,GT,AG,0.57128084,0.425867,0.0006736661889590323,0.001526931650005281
NC_003070.9,29605972,29606064,JUNC_17100,1,+,GT,AG,0.99999785,0.9999987,0.010113324038684368,0.009761067107319832
NC_003070.9,29606292,29606376,JUNC_17101,1,+,GT,AG,0.7944139,0.5479095,0.0009565273066982627,0.009977050125598907
NC_003070.9,29606731,29606815,JUNC_17102,1,+,GT,AG,0.9999856,0.9999682,0.9241446852684021,0.002505936659872532
NC_003070.9,29606940,29607024,JUNC_17103,1,+,GT,AG,0.99994946,0.99996364,0.188636913895607,0.5920647382736206
NC_003070.9,29607160,29607270,JUNC_17104,1,+,GT,AG,1.0,1.0,0.0005259601748548448,0.00014137786638457328
NC_003070.9,29615473,29615587,JUNC_8637,1,-,GT,AG,0.9998828,0.9999249,0.0004100985825061798,0.002727097598835826
NC_003070.9,29615722,29615814,JUNC_8638,1,-,GT,AG,0.9999981,0.99999726,0.41983821988105774,0.08645976334810257
NC_003070.9,29617666,29617790,JUNC_14910,1,+,GT,AG,0.9999356,0.9999807,0.13088683784008026,0.12683479487895966
NC_003070.9,29617925,29618089,JUNC_14911,1,+,GT,AG,1.0,1.0,0.2621437907218933,0.2791461646556854
NC_003070.9,29618163,29618420,JUNC_14912,1,+,GT,AG,1.0,1.0,0.029649797827005386,0.8596336841583252
NC_003070.9,29618460,29618639,JUNC_14913,1,+,GT,AG,1.0,1.0,0.9706116318702698,0.731160581111908
NC_003070.9,29618685,29618799,JUNC_14914,1,+,GT,AG,0.99984425,0.9995536,0.7555069923400879,0.9818084836006165
NC_003070.9,29618879,29619036,JUNC_14915,1,+,GT,AG,0.9669344,0.9529991,0.9599515795707703,0.9944106936454773
NC_003070.9,29619212,29619319,JUNC_14916,1,+,GT,AG,0.9997323,0.9998671,0.9987974166870117,0.7027461528778076
NC_003070.9,29619445,29619732,JUNC_14917,1,+,GT,AG,0.99999714,0.9999951,0.9755801558494568,0.005517439916729927
NC_003070.9,29619807,29619906,JUNC_14918,1,+,GT,AG,0.99648404,0.9953224,0.9671623110771179,0.9963881969451904
NC_003070.9,29620032,29620190,JUNC_14919,1,+,GT,AG,0.99999976,0.9999995,0.00023187998158391565,0.8896126747131348
NC_003070.9,29620260,29620356,JUNC_14920,1,+,GT,AG,0.9999765,0.99986434,0.00038377215969376266,0.0007886213716119528
NC_003070.9,29620439,29620572,JUNC_14921,1,+,GT,AG,0.8023909,0.9357105,0.0015336049254983664,0.00010303156159352511
NC_003070.9,29620686,29620776,JUNC_14922,1,+,GT,AG,0.30474097,0.24146023,6.9760758378834e-06,0.022829940542578697
NC_003070.9,29620876,29620980,JUNC_14923,1,+,GT,AG,0.03433444,0.0363071,8.70184010182129e-07,0.0072537995874881744
NC_003070.9,29621016,29621168,JUNC_14924,1,+,GT,AG,0.9847513,0.9726791,0.05226525291800499,0.20911766588687897
NC_003070.9,29621602,29621698,JUNC_1694,1,-,GT,AG,0.99978524,0.99975926,0.5349590182304382,0.7734171748161316
NC_003070.9,29621997,29622077,JUNC_4135,1,-,GT,AG,0.999842,0.9992011,0.11967101693153381,0.006960424594581127
NC_003070.9,29650624,29650722,JUNC_2763,1,+,GT,AG,0.99994636,0.9999776,0.011461115442216396,0.30576273798942566
NC_003070.9,29650750,29650928,JUNC_2764,1,+,GT,AG,0.81885344,0.73768014,0.6369077563285828,0.09626661241054535
NC_003070.9,29651015,29651315,JUNC_2765,1,+,GT,AG,1.0,1.0,0.3848475515842438,0.9876391291618347
NC_003070.9,29651374,29651647,JUNC_2766,1,+,GT,AG,0.9998259,0.9997559,0.06368798762559891,0.09491065889596939
NC_003070.9,29651689,29651771,JUNC_2767,1,+,GT,AG,0.110809125,0.21888277,0.9523389339447021,0.11138187348842621
NC_003070.9,29652046,29652165,JUNC_2768,1,+,GT,AG,0.9914006,0.9873963,0.9763891100883484,0.9433735609054565
NC_003070.9,29653260,29653358,JUNC_16382,1,-,GT,AG,0.99858534,0.9977284,0.12629064917564392,0.9393296241760254
NC_003070.9,29653570,29653671,JUNC_16383,1,-,GT,AG,0.9999999,0.99999964,0.0006034683901816607,0.006345737725496292
NC_003070.9,29653827,29653973,JUNC_16384,1,-,GT,AG,0.81024665,0.85169464,0.9778693318367004,8.338546467712149e-05
NC_003070.9,29654903,29655629,JUNC_16385,1,-,GT,AG,0.9966901,0.99835503,0.003393165534362197,0.5965538620948792
NC_003070.9,29657019,29657466,JUNC_16849,1,+,GT,AG,1.0,1.0,0.7152472138404846,0.5310339331626892
NC_003070.9,29657555,29657795,JUNC_16850,1,+,GT,AG,0.9996655,0.9997253,0.09245610237121582,0.22861477732658386
NC_003070.9,29658267,29658366,JUNC_16851,1,+,GT,AG,0.00014715253,0.00014213487,0.9704795479774475,0.9747573733329773
NC_003070.9,29671691,29672085,JUNC_15808,1,+,GT,AG,0.9997491,0.99978703,0.907373309135437,0.9841145277023315
NC_003070.9,29672438,29672608,JUNC_15809,1,+,GT,AG,0.99986315,0.9999459,0.9968500733375549,0.9845773577690125
NC_003070.9,29672812,29672922,JUNC_15810,1,+,GT,AG,0.9995578,0.999584,0.8110092282295227,3.5972836940345587e-06
NC_003070.9,29673074,29673162,JUNC_15811,1,+,GT,AG,0.9744323,0.9838689,0.003938101232051849,0.5725676417350769
NC_003070.9,29673310,29673386,JUNC_15812,1,+,GT,AG,0.0056823357,0.005378118,0.3019421696662903,0.00022390269441530108
NC_003070.9,29673519,29673840,JUNC_15813,1,+,GT,AG,0.86253643,0.8594197,3.2636748073855415e-05,0.15318851172924042
NC_003070.9,29674013,29674162,JUNC_15814,1,+,GT,AG,0.999985,0.99998415,0.02468181774020195,0.9878522157669067
NC_003070.9,29674283,29674775,JUNC_15815,1,+,GT,AG,0.9999379,0.9998597,0.9914626479148865,0.9392369389533997
NC_003070.9,29674963,29675143,JUNC_15816,1,+,GT,AG,0.99660295,0.99595726,0.4140634536743164,0.01140574086457491
NC_003070.9,29675581,29675661,JUNC_15817,1,+,GT,AG,0.9999995,0.9999988,0.04408258944749832,0.04228512942790985
NC_003070.9,29675826,29675902,JUNC_15818,1,+,GT,AG,0.9982541,0.9975322,0.4302063286304474,0.0009223802480846643
NC_003070.9,29676058,29676143,JUNC_15819,1,+,GT,AG,0.99999976,0.9999995,0.04218124970793724,0.630572497844696
NC_003070.9,29676255,29676355,JUNC_15820,1,+,GT,AG,0.9999989,0.9999987,0.3622840940952301,0.6407512426376343
NC_003070.9,29676575,29676661,JUNC_15821,1,+,GT,AG,0.044603724,0.015164667,0.9880006909370422,0.989618718624115
NC_003070.9,29676831,29677049,JUNC_16345,1,+,GT,AG,0.13244782,0.11227186,0.9944051504135132,0.08629569411277771
NC_003070.9,29677418,29677515,JUNC_2214,1,-,GT,AG,0.98997176,0.99221075,0.08867858350276947,0.0015612553106620908
NC_003070.9,29677616,29677717,JUNC_2215,1,-,GT,AG,0.9998371,0.99986553,0.6097623705863953,0.9985321760177612
NC_003070.9,29680904,29681097,JUNC_4687,1,-,GT,AG,1.822578e-05,1.1113621e-05,0.5803981423377991,0.9445459246635437
NC_003070.9,29681838,29681920,JUNC_4688,1,-,GT,AG,1.0,1.0,0.16584943234920502,0.3575226962566376
NC_003070.9,29682328,29682402,JUNC_4689,1,-,GT,AG,0.9999926,0.99998224,0.9990100860595703,0.9990241527557373
NC_003070.9,29682504,29682589,JUNC_4690,1,-,GT,AG,0.99999905,0.99999845,0.8596251606941223,0.9992814660072327
NC_003070.9,29682902,29682991,JUNC_4691,1,-,GT,AG,0.9764073,0.96506506,0.9933174848556519,0.6619123220443726
NC_003070.9,29683034,29683129,JUNC_4692,1,-,GT,AG,0.9998364,0.99970603,0.878511905670166,0.9942250847816467
NC_003070.9,29683341,29683427,JUNC_4693,1,-,GT,AG,0.9999957,0.9999831,0.002106746891513467,0.39082926511764526
NC_003070.9,29683549,29683618,JUNC_4694,1,-,GT,AG,1.0,1.0,0.9960355162620544,0.0022872374393045902
NC_003070.9,29683713,29683807,JUNC_4695,1,-,GT,AG,0.99947923,0.99971235,2.0166526155662723e-05,0.9924799203872681
NC_003070.9,29689293,29689487,JUNC_18323,1,-,GT,AG,0.98563474,0.99050367,0.0009129878599196672,9.949419109034352e-06
NC_003070.9,29689571,29689666,JUNC_16582,1,-,GT,AG,0.9748072,0.98609096,0.44394439458847046,0.054869189858436584
NC_003070.9,29689747,29689824,JUNC_16583,1,-,GT,AG,0.032035194,0.0699082,0.008055455982685089,0.0001788043009582907
NC_003070.9,29690002,29690082,JUNC_16584,1,-,GT,AG,0.9970918,0.9970432,0.1331392526626587,0.008671357296407223
NC_003070.9,29690273,29690373,JUNC_16585,1,-,GT,AG,0.99792993,0.9985498,0.3886685371398926,0.0069656576961278915
NC_003070.9,29690430,29690510,JUNC_16586,1,-,GT,AG,0.9989114,0.99847394,0.9453923106193542,0.7077966928482056
NC_003070.9,29690609,29690686,JUNC_16587,1,-,GT,AG,0.9999989,0.99999726,0.0047506471164524555,0.632500171661377
NC_003070.9,29690809,29690895,JUNC_16588,1,-,GT,AG,0.013367408,0.012353622,0.9200770258903503,0.0011146230390295386
NC_003070.9,29691015,29691104,JUNC_16589,1,-,GT,AG,0.14884761,0.1277426,0.8671873807907104,0.9893053770065308
NC_003070.9,29691218,29691305,JUNC_16590,1,-,GT,AG,0.9967339,0.9752241,0.04950575903058052,0.7492172122001648
NC_003070.9,29691497,29691578,JUNC_16591,1,-,GT,AG,0.9986085,0.99948686,0.8888166546821594,0.8111653327941895
NC_003070.9,29691745,29691895,JUNC_16592,1,-,GT,AG,0.9938677,0.9890099,0.9722350239753723,0.20301257073879242
NC_003070.9,29691980,29692061,JUNC_16593,1,-,GT,AG,0.022521086,0.017361874,0.9225043654441833,0.9199207425117493
NC_003070.9,29692259,29692351,JUNC_16594,1,-,GT,AG,0.21637848,0.2277472,0.49090051651000977,0.6468997597694397
NC_003070.9,29692441,29692627,JUNC_16595,1,-,GT,AG,0.9994973,0.9989239,0.9800121188163757,0.6338291168212891
NC_003070.9,29692813,29694051,JUNC_18324,1,-,GT,AG,0.9999995,0.99999857,0.9994950294494629,0.9894607663154602
NC_003070.9,29731194,29731281,JUNC_15641,1,-,GT,AG,0.9788071,0.9701101,0.003326267236843705,0.9857579469680786
NC_003070.9,29731353,29731453,JUNC_15642,1,-,GT,AG,0.99995744,0.9999553,0.5830761194229126,0.38536256551742554
NC_003070.9,29731537,29731637,JUNC_15643,1,-,GT,AG,0.998043,0.99834096,0.0002981451980303973,1.949680154211819e-06
NC_003070.9,29731751,29731837,JUNC_15644,1,-,GT,AG,0.99996483,0.9999691,0.0004100985825061798,0.002727097598835826
NC_003070.9,29731942,29732035,JUNC_15645,1,-,GT,AG,0.9999994,0.9999993,7.80884329287801e-06,0.1955583244562149
NC_003070.9,29732116,29732197,JUNC_15646,1,-,GT,AG,0.9999994,0.99999917,0.00014941209519747645,1.4637828826380428e-05
NC_003070.9,29732703,29732884,JUNC_15647,1,-,GT,AG,0.96591103,0.9718987,0.6939749121665955,0.981920063495636
NC_003070.9,29737206,29737328,JUNC_15056,1,-,GT,AG,0.96284723,0.98421127,0.9793986082077026,0.8134506344795227
NC_003070.9,29737390,29737707,JUNC_15057,1,-,GC,AG,0.00079125667,0.0007944097,0.47361984848976135,0.8224396705627441
NC_003070.9,29737728,29737816,JUNC_15058,1,-,GT,AG,0.99992824,0.99994516,0.9981119632720947,0.03535991162061691
NC_003070.9,29737873,29737968,JUNC_15059,1,-,GT,AG,0.9999747,0.99997187,0.5520185232162476,0.9940073490142822
NC_003070.9,29738073,29738187,JUNC_15060,1,-,GT,AG,0.9989741,0.99863476,0.967419445514679,0.5815833210945129
NC_003070.9,29738313,29738401,JUNC_15061,1,-,GT,AG,0.9998426,0.9996258,0.20008766651153564,0.9729665517807007
NC_003070.9,29738487,29738583,JUNC_15062,1,-,GT,AG,0.9923292,0.98933136,0.0007238799589686096,0.15994113683700562
NC_003070.9,29738713,29738803,JUNC_15063,1,-,GT,AG,0.34153095,0.5747347,0.2219676822423935,0.02395397238433361
NC_003070.9,29738866,29738956,JUNC_15064,1,-,GT,AG,0.99984235,0.99972016,0.013726294972002506,0.09145092219114304
NC_003070.9,29739032,29739283,JUNC_15065,1,-,GT,AG,0.97668403,0.9812082,0.32095590233802795,0.002762236399576068
NC_003070.9,29739375,29739891,JUNC_15066,1,-,GT,AG,0.99999976,0.99999976,0.007756129372864962,0.002163440454751253
NC_003070.9,29759400,29759489,JUNC_2748,1,+,GT,AG,0.9973001,0.99861115,0.00867923442274332,0.27332720160484314
NC_003070.9,29759922,29760007,JUNC_2749,1,+,GT,AG,0.99506205,0.9932127,0.12595893442630768,0.0008607124909758568
NC_003070.9,29780356,29780443,JUNC_2665,1,-,GT,AG,0.99946016,0.9988219,0.49781060218811035,0.2656981945037842
NC_003070.9,29788847,29789018,JUNC_3135,1,+,GT,AG,0.90550166,0.96829516,0.20888593792915344,0.23750826716423035
NC_003070.9,29789199,29789316,JUNC_3136,1,+,GT,AG,0.99998283,0.99997425,0.24058641493320465,0.09091253578662872
NC_003070.9,29789625,29789721,JUNC_3137,1,+,GT,AG,0.5658617,0.61746365,0.054773591458797455,0.18291358649730682
NC_003070.9,29789811,29789892,JUNC_3138,1,+,GT,AG,1.0,1.0,0.02659069560468197,0.020982015877962112
NC_003070.9,29790345,29790438,JUNC_3139,1,+,GT,AG,0.97823685,0.99026245,0.00040502703632228076,0.0008909769239835441
NC_003070.9,29790546,29790632,JUNC_3140,1,+,GT,AG,0.9997919,0.9996593,0.5631981492042542,0.4541396200656891
NC_003070.9,29790763,29790863,JUNC_3141,1,+,GT,AG,0.999995,0.9999596,0.5187369585037231,0.04339179769158363
NC_003070.9,29790993,29791131,JUNC_3142,1,+,GT,AG,0.995148,0.98998207,0.01610863395035267,0.7541893124580383
NC_003070.9,29791465,29791575,JUNC_3143,1,+,GT,AG,0.99759704,0.99883443,0.47208359837532043,0.9223654866218567
NC_003070.9,29792210,29792308,JUNC_10243,1,+,GT,AG,0.999984,0.9999801,0.9741965532302856,0.06907511502504349
NC_003070.9,29792228,29792308,JUNC_3144,1,+,GT,AG,0.72750306,0.9439684,0.14939053356647491,0.17653697729110718
NC_003070.9,29792467,29792595,JUNC_3145,1,+,GT,AG,0.99998605,0.99997354,0.9891456365585327,0.9880527257919312
NC_003070.9,29792670,29792768,JUNC_3146,1,+,GT,AG,0.9999474,0.9999529,0.235134556889534,0.040803901851177216
NC_003070.9,29793077,29793157,JUNC_3147,1,+,GT,AG,0.9996456,0.99910873,0.02609962597489357,0.0010212553897872567
NC_003070.9,29793373,29793447,JUNC_3148,1,+,GT,AG,0.9981541,0.9981914,0.06761696189641953,0.0021180324256420135
NC_003070.9,29800925,29801021,JUNC_9656,1,+,GT,AG,2.5627915e-05,5.660829e-05,0.004948409739881754,0.23918463289737701
NC_003070.9,29801190,29801288,JUNC_9657,1,+,GT,AG,0.00018018254,4.877442e-05,0.2049485743045807,0.9948127269744873
NC_003070.9,29801474,29801553,JUNC_9658,1,+,GT,AG,0.99508864,0.98855233,0.36314982175827026,0.008316809311509132
NC_003070.9,29801613,29801756,JUNC_9659,1,+,GT,AG,1.0,1.0,0.015096832998096943,0.8360369801521301
NC_003070.9,29801819,29802115,JUNC_9660,1,+,GT,AG,0.9999994,0.99999905,0.004413238726556301,0.00023657943529542536
NC_003070.9,29802240,29802347,JUNC_9661,1,+,GT,AG,0.99999917,0.99999845,0.028126811608672142,7.266343163792044e-05
NC_003070.9,29802510,29802629,JUNC_9662,1,+,GT,AG,0.9999999,0.99999917,0.002556909341365099,0.0058464230969548225
NC_003070.9,29802689,29802937,JUNC_9663,1,+,GT,AG,0.9999995,0.9999994,0.13083727657794952,0.41132548451423645
NC_003070.9,29802996,29803111,JUNC_9664,1,+,GT,AG,0.9999995,0.99999845,0.07428625971078873,0.19140218198299408
NC_003070.9,29803193,29803285,JUNC_9665,1,+,GT,AG,0.9999988,0.99999726,0.0010316462721675634,0.1724131554365158
NC_003070.9,29803349,29803432,JUNC_9666,1,+,GT,AG,0.9989096,0.9983901,0.9435238242149353,0.2867298722267151
NC_003070.9,29803500,29803571,JUNC_9667,1,+,GT,AG,0.8845182,0.72328335,0.575219452381134,0.030478641390800476
NC_003070.9,29816515,29816606,JUNC_8720,1,+,GT,AG,0.10807096,0.329154,0.0020693750120699406,0.14123660326004028
NC_003070.9,29816677,29816789,JUNC_8721,1,+,GT,AG,1.0,1.0,0.3169071674346924,0.9697586297988892
NC_003070.9,29816907,29816997,JUNC_8722,1,+,GT,AG,0.9999999,0.9999999,0.9272755980491638,0.020641108974814415
NC_003070.9,29817068,29817161,JUNC_8723,1,+,GT,AG,0.9999988,0.99999714,0.07216430455446243,0.3960132896900177
NC_003070.9,29817518,29817605,JUNC_8724,1,+,GT,AG,0.9999957,0.99999547,0.9762524366378784,0.9747399091720581
NC_003070.9,29818088,29818170,JUNC_8725,1,+,GT,AG,0.9992492,0.99846864,0.8995341062545776,0.002670140704140067
NC_003070.9,29818383,29818476,JUNC_8726,1,+,GT,AG,0.99999106,0.99998474,0.021741217002272606,0.965090274810791
NC_003070.9,29818620,29818715,JUNC_8727,1,+,GT,AG,0.960495,0.8844082,0.014488260261714458,0.9721055626869202
NC_003070.9,29820512,29820598,JUNC_12351,1,-,GT,AG,0.9999999,0.9999989,0.1697227656841278,4.878503750660457e-05
NC_003070.9,29820770,29820866,JUNC_12352,1,-,GT,AG,1.0,1.0,0.03926419839262962,0.01750451698899269
NC_003070.9,29820980,29821069,JUNC_12353,1,-,GT,AG,0.9999999,0.9999995,0.7366177439689636,0.8335564732551575
NC_003070.9,29821219,29821304,JUNC_12354,1,-,GT,AG,0.99999857,0.99999464,0.5365027189254761,0.352742999792099
NC_003070.9,29821381,29821460,JUNC_12355,1,-,GT,AG,0.99997926,0.9999801,0.06863322108983994,0.0572190061211586
NC_003070.9,29821542,29821623,JUNC_12356,1,-,GT,AG,0.99997306,0.9999602,0.01734934374690056,7.946132427605335e-06
NC_003070.9,29821707,29821815,JUNC_12357,1,-,GT,AG,0.99998856,0.9999497,0.010710380971431732,1.0410345566924661e-05
NC_003070.9,29821971,29822559,JUNC_12358,1,-,GT,AG,0.99999607,0.9999969,0.030247488990426064,0.02129175513982773
NC_003070.9,29822631,29822714,JUNC_12359,1,-,GT,AG,0.99884707,0.9972361,0.00022985864779911935,0.1253037452697754
NC_003070.9,29822864,29822971,JUNC_12360,1,-,GT,AG,0.9998171,0.9996315,0.25081750750541687,0.0007368663209490478
NC_003070.9,29823049,29823161,JUNC_12361,1,-,GT,AG,0.9999995,0.9999993,0.9841943383216858,0.3262651264667511
NC_003070.9,29823275,29823429,JUNC_12362,1,-,GT,AG,0.9999999,0.9999999,0.8349508047103882,0.9351744055747986
NC_003070.9,29823483,29823578,JUNC_12363,1,-,GT,AG,0.99956495,0.999716,0.016354355961084366,0.44201529026031494
NC_003070.9,29823737,29823941,JUNC_12364,1,-,GT,AG,0.9999995,0.99999964,0.2582929730415344,0.029234308749437332
NC_003070.9,29824034,29824132,JUNC_12365,1,-,GT,AG,0.9999893,0.9999913,0.0007789712981320918,0.17796994745731354
NC_003070.9,29824249,29824596,JUNC_12366,1,-,GT,AG,0.999928,0.9999658,0.03521274775266647,0.011659461073577404
NC_003070.9,29824699,29824794,JUNC_12367,1,-,GT,AG,0.9967873,0.9980781,0.6251168251037598,0.0728091448545456
NC_003070.9,29824979,29825096,JUNC_12368,1,-,GT,AG,0.9999925,0.9999912,0.9078173041343689,0.8968284726142883
NC_003070.9,29825171,29825244,JUNC_12369,1,-,GT,AG,0.99994755,0.9998995,0.4773620665073395,0.9935733675956726
NC_003070.9,29825328,29825672,JUNC_12370,1,-,GT,AG,1.0,0.9999995,0.9959813356399536,0.5463261604309082
NC_003070.9,29825720,29825834,JUNC_12371,1,-,GT,AG,0.99948174,0.99897456,0.6198181509971619,0.8034234642982483
NC_003070.9,29825882,29826265,JUNC_12372,1,-,GT,AG,0.9997712,0.9997651,0.773532509803772,0.927419126033783
NC_003070.9,29826445,29826529,JUNC_12373,1,-,GT,AG,0.99999595,0.99999106,0.7459895014762878,0.0428454726934433
NC_003070.9,29826583,29826668,JUNC_12374,1,-,GT,AG,0.7598356,0.8129798,0.03249087929725647,1.850246189860627e-05
NC_003070.9,29826710,29826789,JUNC_12375,1,-,GT,AG,0.9994029,0.9993309,0.007546460721641779,0.01345781609416008
NC_003070.9,29826869,29826930,JUNC_13238,1,-,GT,AG,0.0016641282,0.002066136,0.03234805911779404,0.9865251779556274
NC_003070.9,29827087,29827165,JUNC_12377,1,-,GT,AG,1.0,1.0,0.2575187683105469,0.49788740277290344
NC_003070.9,29827268,29827732,JUNC_12378,1,-,GT,AG,1.0,1.0,0.102208212018013,0.020776595920324326
NC_003070.9,29827806,29827914,JUNC_12379,1,-,GT,AG,0.9991747,0.9990044,0.19986797869205475,0.5879059433937073
NC_003070.9,29827964,29828408,JUNC_12380,1,-,GT,AG,0.9998446,0.99976486,0.16096632182598114,0.027821924537420273
NC_003070.9,29828487,29828596,JUNC_12381,1,-,GT,AG,1.0,0.9999999,0.9943706393241882,0.990318775177002
NC_003070.9,29828710,29828781,JUNC_12382,1,-,GT,AG,0.9999232,0.9998304,0.00025629287119954824,0.017511848360300064
NC_003070.9,29828886,29828991,JUNC_12383,1,-,GT,AG,1.0,1.0,0.1776612251996994,0.0017343340441584587
NC_003070.9,29829135,29829302,JUNC_12384,1,-,GT,AG,1.0,1.0,0.0009117123554460704,0.007604410871863365
NC_003070.9,29829371,29829444,JUNC_12385,1,-,GT,AG,0.99999607,0.99998915,0.15844304859638214,0.42118313908576965
NC_003070.9,29829548,29829664,JUNC_12386,1,-,GT,AG,0.9999976,0.99999726,3.371279308339581e-05,0.3713477551937103
NC_003070.9,29829713,29829898,JUNC_12387,1,-,GT,AG,1.0,1.0,0.6237996816635132,0.009420380927622318
NC_003070.9,29829991,29830076,JUNC_12388,1,-,GT,AG,0.99999285,0.9999902,3.0421134056268784e-08,5.4002168070610423e-08
NC_003070.9,29830197,29830641,JUNC_12389,1,-,GT,AG,0.99999666,0.9999957,2.313925193675459e-07,1.8726949235770007e-07
NC_003070.9,29830745,29831075,JUNC_12390,1,-,GT,AG,0.99990153,0.9998473,0.00045346797560341656,2.2038902613985556e-07
NC_003070.9,29831153,29831239,JUNC_12391,1,-,GT,AG,0.99993,0.99983364,0.9929786324501038,0.13372930884361267
NC_003070.9,29831329,29831486,JUNC_12392,1,-,GT,AG,0.99977833,0.99985313,0.020348332822322845,0.11707999557256699
NC_003070.9,29831552,29831642,JUNC_12393,1,-,GT,AG,0.99978656,0.9999213,0.06523419171571732,0.0013177123619243503
NC_003070.9,29831735,29831810,JUNC_12394,1,-,GT,AG,0.99999785,0.9999938,0.9648730158805847,0.788646399974823
NC_003070.9,29831939,29832088,JUNC_12395,1,-,GT,AG,1.0,1.0,0.9988996982574463,0.9962739944458008
NC_003070.9,29832187,29832272,JUNC_12396,1,-,GT,AG,1.0,1.0,0.9957026839256287,0.9877583384513855
NC_003070.9,29832419,29832500,JUNC_12397,1,-,GT,AG,1.0,1.0,0.31354284286499023,0.9808700680732727
NC_003070.9,29837031,29837147,JUNC_3020,1,+,GT,AG,0.9999958,0.9999939,0.6931107640266418,0.0030620426405221224
NC_003070.9,29843194,29843457,JUNC_13793,1,+,GT,AG,0.99999964,0.9999995,0.08422896265983582,0.06822078675031662
NC_003070.9,29844860,29844971,JUNC_14621,1,-,GT,AG,0.9999373,0.9998863,0.00032870954601094127,0.9176204204559326
NC_003070.9,29845083,29845166,JUNC_14622,1,-,GT,AG,0.9996623,0.99980515,0.8211400508880615,0.9959139227867126
NC_003070.9,29845295,29845464,JUNC_14623,1,-,GT,AG,0.9998149,0.99923754,0.04292764887213707,0.4500269889831543
NC_003070.9,29845567,29845652,JUNC_14624,1,-,GT,AG,0.9999989,0.9999962,0.06255935877561569,0.00014802163059357554
NC_003070.9,29845706,29845820,JUNC_14625,1,-,GT,AG,0.99711055,0.99529546,0.008590145967900753,0.11602696776390076
NC_003070.9,29845939,29846018,JUNC_14626,1,-,GT,AG,0.9995215,0.9994809,0.001157292048446834,0.5765572190284729
NC_003070.9,29846096,29846165,JUNC_14627,1,-,GT,AG,0.99976844,0.999121,0.004403887316584587,0.024208052083849907
NC_003070.9,29846289,29846388,JUNC_14628,1,-,GT,AG,1.0,1.0,0.995635449886322,0.04705445095896721
NC_003070.9,29846500,29846593,JUNC_14629,1,-,GT,AG,0.9992625,0.9988071,0.042562417685985565,0.964364767074585
NC_003070.9,29846714,29846824,JUNC_14630,1,-,GT,AG,0.9669919,0.9861015,0.9792113304138184,0.012096474878489971
NC_003070.9,29846925,29847027,JUNC_14631,1,-,GC,CT,0.00017806252,9.63645e-05,0.07883112132549286,0.9439231157302856
NC_003070.9,29847119,29847212,JUNC_14632,1,-,GT,AG,0.99969876,0.99948925,0.0015632598660886288,0.10969018936157227
NC_003070.9,29847319,29847485,JUNC_14633,1,-,GT,AG,0.9999074,0.9999149,0.8294807076454163,1.320570481766481e-05
NC_003070.9,29847621,29847698,JUNC_14634,1,-,GT,AG,0.9999995,0.99999964,0.9208034873008728,0.8946259617805481
NC_003070.9,29847796,29848013,JUNC_14635,1,-,GT,AG,1.0,1.0,0.9896029829978943,0.922048807144165
NC_003070.9,29848107,29848198,JUNC_14636,1,-,GT,AG,1.0,1.0,0.0002865376300178468,0.9012777209281921
NC_003070.9,29848371,29848451,JUNC_14637,1,-,GT,AG,0.00033447612,0.00070342165,0.0016872454434633255,0.004479311406612396
NC_003070.9,29848522,29848892,JUNC_14638,1,-,GT,AG,0.9997904,0.99990773,0.1253589242696762,0.8482036590576172
NC_003070.9,29849024,29849113,JUNC_14639,1,-,GT,AG,0.9999963,0.9999956,0.0008847415447235107,0.03634661063551903
NC_003070.9,29849213,29849324,JUNC_14640,1,-,GT,AG,0.9999678,0.99998224,0.9989243149757385,0.9587687253952026
NC_003070.9,29849468,29849550,JUNC_14641,1,-,GT,AG,0.99514836,0.9916801,0.9955856800079346,0.995281994342804
NC_003070.9,29849679,29849997,JUNC_14642,1,-,GT,AG,0.9999993,0.999998,0.9467380046844482,0.9533581733703613
NC_003070.9,29850079,29850155,JUNC_14643,1,-,GT,AG,0.9993462,0.998879,0.00251554767601192,0.9869571924209595
NC_003070.9,29850216,29850486,JUNC_14644,1,-,GT,AG,0.9959753,0.99197984,0.06285057961940765,0.00030887903994880617
NC_003070.9,29850619,29850830,JUNC_14645,1,-,GT,AG,0.9631685,0.99432784,0.701867938041687,0.07739242166280746
NC_003070.9,29850908,29851098,JUNC_14646,1,-,GT,AG,0.9999999,0.99999964,0.9164543151855469,0.938868522644043
NC_003070.9,29851280,29851869,JUNC_14647,1,-,GT,AG,0.9974615,0.99916923,0.7205407619476318,0.5691118836402893
NC_003070.9,29851946,29852139,JUNC_14648,1,-,GT,AG,0.9999987,0.9999931,0.026461804285645485,0.203379288315773
NC_003070.9,29852270,29852355,JUNC_14649,1,-,GT,AG,0.97464424,0.97855157,0.0023472215980291367,0.011462527327239513
NC_003070.9,29852529,29852606,JUNC_14650,1,-,GT,AG,0.9999999,0.99999976,0.10933174192905426,0.004023313522338867
NC_003070.9,29861006,29861253,JUNC_10160,1,+,GT,AG,0.9508998,0.94455254,0.006133703514933586,0.23460794985294342
NC_003070.9,29861338,29861425,JUNC_10161,1,+,GT,AG,0.99934953,0.9995216,0.9897764921188354,8.66592199599836e-06
NC_003070.9,29861566,29861643,JUNC_10162,1,+,GT,AG,0.9996449,0.9994872,0.02894257940351963,0.027474436908960342
NC_003070.9,29861757,29861829,JUNC_10163,1,+,GT,AG,0.9977449,0.9960301,0.002978459931910038,0.07045761495828629
NC_003070.9,29861927,29861999,JUNC_10164,1,+,GT,AG,0.99999714,0.99999833,0.586895227432251,0.00034604192478582263
NC_003070.9,29862079,29862170,JUNC_10165,1,+,GT,AG,0.9999869,0.9999716,0.9978885054588318,0.9541156888008118
NC_003070.9,29862276,29862355,JUNC_10166,1,+,GT,AG,0.99999976,0.99999964,0.9979268312454224,0.9991348385810852
NC_003070.9,29862483,29862596,JUNC_10167,1,+,GT,AG,0.9715323,0.91598463,0.9997908473014832,0.9989301562309265
NC_003070.9,29862714,29862792,JUNC_10168,1,+,GT,AG,0.990167,0.993768,0.9868685007095337,0.9993404746055603
NC_003070.9,29862849,29862939,JUNC_10169,1,+,GT,AG,0.94564736,0.96822214,0.9573158025741577,0.9939367175102234
NC_003070.9,29863644,29864075,JUNC_14512,1,-,GT,AG,0.99999607,0.9999968,0.007711431011557579,0.9857330322265625
NC_003070.9,29878168,29878265,JUNC_9056,1,-,GT,AG,0.7506834,0.8068168,0.011152194812893867,0.6941481232643127
NC_003070.9,29878308,29878394,JUNC_9057,1,-,GT,AG,0.44338346,0.48005283,0.003977827727794647,0.001231454429216683
NC_003070.9,29878461,29878590,JUNC_9058,1,-,GT,AG,0.9999018,0.9998764,0.9501838684082031,0.9873262047767639
NC_003070.9,29878657,29878793,JUNC_9059,1,-,GT,AG,0.9989562,0.99933255,0.9640763998031616,0.003185128327459097
NC_003070.9,29878870,29878960,JUNC_9060,1,-,GT,AG,0.89028615,0.8562744,0.00881262868642807,5.687115844921209e-06
NC_003070.9,29903486,29903602,JUNC_5338,1,+,GT,AG,0.22078662,0.3970677,0.9966723918914795,0.9946532249450684
NC_003070.9,29903639,29903730,JUNC_5339,1,+,GT,AG,0.999977,0.99993217,0.9981663823127747,0.7237780690193176
NC_003070.9,29903828,29904009,JUNC_5340,1,+,GT,AG,0.396797,0.6343813,0.9647761583328247,0.9992741942405701
NC_003070.9,29904106,29904363,JUNC_5341,1,+,GT,AG,0.9999943,0.999998,0.7986065745353699,0.9103083610534668
NC_003070.9,29904429,29904511,JUNC_5342,1,+,GT,AG,1.0,1.0,0.9357060790061951,0.9653987884521484
NC_003070.9,29904571,29904688,JUNC_5343,1,+,GT,AG,0.99993885,0.99987817,0.9580344557762146,0.6914591789245605
NC_003070.9,29904763,29904846,JUNC_5344,1,+,GT,AG,0.9999088,0.99990046,0.7666034698486328,0.9905726313591003
NC_003070.9,29904931,29905124,JUNC_5345,1,+,GT,AG,0.99999547,0.99999356,0.9444722533226013,0.5679548382759094
NC_003070.9,29905183,29905291,JUNC_5346,1,+,GT,AG,0.9999932,0.9999827,0.15946589410305023,0.6934470534324646
NC_003070.9,29905336,29905426,JUNC_5347,1,+,GT,AG,0.999995,0.9999937,0.00522642070427537,0.015222842805087566
NC_003070.9,29905525,29905633,JUNC_5348,1,+,GT,AG,0.9976933,0.9973937,0.33103835582733154,0.00024340492382179946
NC_003070.9,29905681,29905771,JUNC_5349,1,+,GT,AG,0.99041545,0.9867383,0.7451863288879395,0.3605691194534302
NC_003070.9,29905819,29905932,JUNC_5350,1,+,GT,AG,0.9993371,0.99975675,0.0034684031270444393,5.639667506329715e-05
NC_003070.9,29906013,29906104,JUNC_5351,1,+,GT,AG,0.98993146,0.98175746,0.0037884702906012535,0.00389767624437809
NC_003070.9,29906824,29907249,JUNC_18008,1,+,GT,AG,0.0075031207,0.0070400634,0.0010860313195735216,0.00407910393550992
NC_003070.9,29907330,29907707,JUNC_18009,1,+,GT,AG,0.9969413,0.9968816,4.267343172159599e-07,0.45285943150520325
NC_003070.9,29907759,29908422,JUNC_18010,1,+,GT,AG,1.4274193e-05,2.1000467e-05,0.01262681558728218,0.0007240477134473622
NC_003070.9,29908760,29908837,JUNC_10585,1,-,GT,AG,0.9999989,0.999997,0.24814921617507935,0.35052791237831116
NC_003070.9,29912713,29912802,JUNC_9417,1,-,GT,AG,0.9995291,0.9992121,0.04127994924783707,0.8130066990852356
NC_003070.9,29913033,29913130,JUNC_9418,1,-,GT,AG,0.99999285,0.9999888,0.08467251807451248,0.09336773306131363
NC_003070.9,29913211,29913288,JUNC_9419,1,-,GT,AG,0.9893373,0.94754004,0.9766411185264587,0.9933878183364868
NC_003070.9,29913534,29913623,JUNC_9420,1,-,GT,AG,0.99996626,0.9999547,0.9974839687347412,0.8983072638511658
NC_003070.9,29913736,29914322,JUNC_9421,1,-,GT,AG,0.9999994,0.9999995,0.07380785793066025,0.21915192902088165
NC_003070.9,29933055,29933163,JUNC_8925,1,-,GT,AG,0.30678388,0.7168463,0.4688839316368103,0.0062345159240067005
NC_003070.9,29933251,29933468,JUNC_8926,1,-,GT,AG,0.99999964,0.99999964,0.10222522914409637,2.3728827727609314e-05
NC_003070.9,29933591,29933684,JUNC_8835,1,-,GT,AG,0.99999976,0.9999999,0.9922101497650146,0.8186140060424805
NC_003070.9,29933832,29933930,JUNC_8836,1,-,GT,AG,1.0,1.0,0.022926006466150284,0.9952418804168701
NC_003070.9,29934094,29934183,JUNC_8837,1,-,GT,AG,0.9999597,0.9999448,0.5679277181625366,0.00011475145583972335
NC_003070.9,29934336,29934596,JUNC_8838,1,-,GT,AG,0.9919016,0.9688149,0.9409662485122681,0.04177260026335716
NC_003070.9,29934668,29934741,JUNC_8839,1,-,GT,AG,0.99770576,0.98918486,0.01644797809422016,0.25535279512405396
NC_003070.9,29937648,29938042,JUNC_8840,1,-,GT,AG,0.87057126,0.882071,0.029054079204797745,0.004549824632704258
NC_003070.9,29938308,29938802,JUNC_8841,1,-,GT,AG,3.0188726e-08,2.9367582e-08,0.3933826982975006,0.00045713272993452847
NC_003070.9,29941673,29941760,JUNC_6304,1,-,GT,AG,0.99445164,0.9947837,0.0008257860317826271,0.10281869769096375
NC_003070.9,29942032,29942735,JUNC_6305,1,-,GT,AG,0.99999964,0.9999994,0.021211659535765648,0.10935092717409134
NC_003070.9,29942977,29943520,JUNC_9321,1,-,GT,AG,0.9488987,0.959615,6.713470611430239e-06,0.003803032683208585
NC_003070.9,29946280,29946385,JUNC_17972,1,+,GT,AG,0.9313373,0.8497856,0.16232192516326904,0.9277598857879639
NC_003070.9,29946467,29947059,JUNC_17973,1,+,GT,AG,0.999995,0.9999913,0.9691088199615479,0.9670219421386719
NC_003070.9,29947281,29947400,JUNC_1745,1,+,GT,AG,0.99981636,0.99945694,0.9723463654518127,0.5928986668586731
NC_003070.9,29947606,29947701,JUNC_1746,1,+,GT,AG,0.99999964,0.9999982,2.1172543256398058e-06,2.7045776732848026e-05
NC_003070.9,29947802,29947883,JUNC_1747,1,+,GT,AG,0.9999974,0.9999975,0.0029732068069279194,0.0008587072952650487
NC_003070.9,29947928,29948172,JUNC_1748,1,+,GT,AG,0.9996865,0.9995989,0.0013469596160575747,6.654731987509876e-05
NC_003070.9,29958139,29958215,JUNC_3307,1,-,GT,AG,0.9999453,0.999946,0.9939709901809692,0.9957122802734375
NC_003070.9,29958451,29958525,JUNC_3308,1,-,GT,AG,0.99921113,0.9995883,0.9356670379638672,0.7054460644721985
NC_003070.9,29958745,29958841,JUNC_6739,1,-,GT,AG,0.9991435,0.9991653,0.6266797184944153,0.9583995938301086
NC_003070.9,29958981,29959135,JUNC_3309,1,-,GT,AG,0.999699,0.99985147,0.4497637450695038,0.11409401148557663
NC_003070.9,29959288,29959363,JUNC_3310,1,-,GT,AG,0.94333357,0.9350682,0.0005127103650011122,0.0028811295051127672
NC_003070.9,29959839,29959917,JUNC_6740,1,-,GT,AG,0.031717673,0.05999539,5.089670594315976e-05,0.8269851803779602
NC_003070.9,29960052,29960132,JUNC_3311,1,-,GT,AG,0.26480407,0.1178788,0.001054286491125822,0.0021917899139225483
NC_003070.9,29960204,29960289,JUNC_3312,1,-,GT,AG,0.36544695,0.16986705,0.0005508740432560444,4.3899872252950445e-06
NC_003070.9,29960364,29960445,JUNC_3313,1,-,GT,AG,0.8755029,0.93003905,0.013275671750307083,0.0003041760646738112
NC_003070.9,29960514,29960601,JUNC_3314,1,-,GT,AG,0.9968797,0.9911227,0.6720932722091675,0.22924429178237915
NC_003070.9,29960673,29960756,JUNC_3315,1,-,GT,AG,0.89859605,0.9302393,0.07814105600118637,0.16034244000911713
NC_003070.9,29960828,29960910,JUNC_3316,1,-,GT,AG,0.9097516,0.8949274,0.7147253751754761,0.07705013453960419
NC_003070.9,29960985,29961067,JUNC_3317,1,-,GT,AG,0.0036427975,0.012642053,0.0006937802536413074,0.10604814440011978
NC_003070.9,29961229,29961323,JUNC_3318,1,-,GT,AG,0.9483628,0.95501345,0.7784981727600098,0.0639682337641716
NC_003070.9,29961395,29961496,JUNC_3319,1,-,GT,AG,0.8983391,0.9028988,0.8174039721488953,0.9963833093643188
NC_003070.9,29961571,29961662,JUNC_3320,1,-,GT,AG,0.9998011,0.99981683,3.251945599913597e-05,0.9402338862419128
NC_003070.9,29961734,29961856,JUNC_3321,1,-,GT,AG,0.9944413,0.99685496,0.5712040066719055,0.26022589206695557
NC_003070.9,29961980,29962065,JUNC_3322,1,-,GT,AG,0.9983083,0.9993426,0.5783308148384094,0.406892865896225
NC_003070.9,29963410,29963504,JUNC_1850,1,-,GT,AG,0.9997193,0.9997397,0.23686453700065613,0.34359875321388245
NC_003070.9,29963728,29963815,JUNC_1851,1,-,GT,AG,0.9999956,0.99999464,0.48386481404304504,0.8329957723617554
NC_003070.9,29963933,29964019,JUNC_1852,1,-,GT,AG,0.9999157,0.9996212,5.07256954733748e-05,0.5300803780555725
NC_003070.9,29964750,29964905,JUNC_1854,1,-,GT,AG,0.99960643,0.9996879,0.022139547392725945,0.013800294138491154
NC_003070.9,29965147,29965655,JUNC_4458,1,-,GT,AG,0.10618713,0.19792977,0.03212830424308777,0.022165201604366302
NC_003070.9,29966826,29966930,JUNC_13647,1,-,GT,AG,0.9997917,0.99970615,0.06700637936592102,0.012305296026170254
NC_003070.9,29966982,29967059,JUNC_13648,1,-,GT,AG,0.9996959,0.9989722,0.3127744495868683,0.005637745838612318
NC_003070.9,29967121,29967211,JUNC_13649,1,-,GT,AG,0.999984,0.9999831,0.7297543883323669,0.5157523155212402
NC_003070.9,29967276,29967378,JUNC_13650,1,-,GT,AG,0.99943304,0.99975866,0.30284351110458374,0.4809381067752838
NC_003070.9,29967427,29967522,JUNC_13651,1,-,GT,AG,0.023445843,0.018814895,0.5482158660888672,0.0001388862874591723
NC_003070.9,29967642,29967767,JUNC_13652,1,-,GT,AG,0.2836914,0.27989757,0.9673761129379272,0.4215296506881714
NC_003070.9,29967812,29967915,JUNC_13653,1,-,GT,AG,0.99988127,0.9994522,0.9817354083061218,0.9042273759841919
NC_003070.9,29968010,29968107,JUNC_13654,1,-,GT,AG,0.99999154,0.9999902,0.9959470629692078,0.9865923523902893
NC_003070.9,29968220,29968433,JUNC_13655,1,-,GT,AG,0.99522036,0.996216,0.09289316833019257,0.9904344081878662
NC_003070.9,29968664,29968781,JUNC_13656,1,-,GT,AG,0.40953982,0.25091445,0.47140392661094666,0.07818476855754852
NC_003070.9,29968849,29968993,JUNC_13657,1,-,GT,AG,0.008197619,0.003696721,0.9974772334098816,0.5777954459190369
NC_003070.9,29969089,29969175,JUNC_13658,1,-,GT,AG,0.18394408,0.36324266,0.36743342876434326,0.8058391809463501
NC_003070.9,29969244,29969370,JUNC_13659,1,-,GT,AG,0.3537375,0.31679073,0.8169907927513123,0.318656325340271
NC_003070.9,29969436,29969540,JUNC_13660,1,-,GT,AG,0.9999944,0.99999285,0.9956251978874207,0.9684308171272278
NC_003070.9,29969711,29969799,JUNC_13661,1,-,GT,AG,0.99665195,0.9978478,0.7077964544296265,0.7841801643371582
NC_003070.9,29969868,29969939,JUNC_13662,1,-,GT,AG,0.03358008,0.02678461,0.9943138360977173,0.077870674431324
NC_003070.9,29970021,29970112,JUNC_13663,1,-,GT,AG,0.0040894477,0.008627228,0.6728559732437134,0.5321588516235352
NC_003070.9,29970157,29970287,JUNC_13664,1,-,GT,AG,0.9999769,0.99999297,0.909356951713562,0.9735580086708069
NC_003070.9,29970412,29970563,JUNC_13665,1,-,GT,AG,0.99999654,0.9999981,0.7109858393669128,0.9896191954612732
NC_003070.9,29970818,29970931,JUNC_13666,1,-,GT,AG,0.99999964,0.9999988,0.020864099264144897,0.955285906791687
NC_003070.9,29971093,29971381,JUNC_13667,1,-,GT,AG,1.0385672e-06,5.8192295e-06,0.5331430435180664,0.0023301865439862013
NC_003070.9,29978094,29978187,JUNC_17544,1,-,GT,AG,0.8675639,0.72214735,0.002021664986386895,1.6154230024767458e-06
NC_003070.9,29978310,29978412,JUNC_17545,1,-,GT,AG,0.9998752,0.9998511,0.016274090856313705,0.0008640275918878615
NC_003070.9,29978793,29978904,JUNC_17546,1,-,GT,AT,0.04313399,0.030610256,0.9440515637397766,0.40976476669311523
NC_003070.9,29990825,29991803,JUNC_13806,1,-,GT,AG,0.99965906,0.9997793,0.816020131111145,0.8015984296798706
NC_003070.9,29991880,29991954,JUNC_7412,1,-,GT,AG,0.8966729,0.8418638,0.009478641673922539,0.00021405663574114442
NC_003070.9,29992005,29992088,JUNC_7413,1,-,GT,AG,0.9989263,0.9953118,0.6083492636680603,0.9862538576126099
NC_003070.9,29992162,29992637,JUNC_7414,1,-,GT,AG,0.89802915,0.98466784,0.8970612287521362,0.38460642099380493
NC_003070.9,29992726,29993079,JUNC_7415,1,-,GT,AG,0.9348906,0.9234354,0.004876444116234779,0.4696360230445862
NC_003070.9,29993404,29993485,JUNC_7417,1,-,GT,AG,0.9993779,0.99910307,0.00036042765714228153,0.8737178444862366
NC_003070.9,30004767,30005073,JUNC_9968,1,-,GT,AG,1.0,1.0,0.031088221818208694,0.9976297616958618
NC_003070.9,30006627,30006714,JUNC_9969,1,-,GT,AG,0.9797869,0.96554595,0.9975720047950745,0.8081414699554443
NC_003070.9,30016141,30016433,JUNC_18077,1,+,GT,AG,0.0003931456,0.00038913134,0.06175369396805763,0.009047574363648891
NC_003070.9,30016569,30016640,JUNC_18078,1,+,GT,AG,0.9372905,0.878559,0.0008766842656768858,0.29168039560317993
NC_003070.9,30020033,30020105,JUNC_5273,1,+,GT,AG,0.99998784,0.99999094,0.320998877286911,0.0585232637822628
NC_003070.9,30020219,30020292,JUNC_5274,1,+,GT,AG,0.99992025,0.99963605,0.9810702800750732,0.15545392036437988
NC_003070.9,30020452,30020528,JUNC_5275,1,+,GT,AG,0.9790516,0.9816042,0.3632494807243347,0.14140930771827698
NC_003070.9,30020665,30020765,JUNC_5276,1,+,GT,AG,0.9999317,0.9998129,0.9815401434898376,0.9275475144386292
NC_003070.9,30020866,30021081,JUNC_5277,1,+,GT,AG,0.9999994,0.9999988,0.02284654974937439,0.08605901151895523
NC_003070.9,30021199,30021659,JUNC_5278,1,+,GT,AG,0.9999807,0.9999386,0.18943391740322113,0.9860602617263794
NC_003070.9,30021826,30022041,JUNC_5279,1,+,GT,AG,0.99999905,0.99999917,0.7517732977867126,0.1015937477350235
NC_003070.9,30022766,30022866,JUNC_8528,1,-,GT,AG,0.99937385,0.99747604,0.8874211311340332,0.9327150583267212
NC_003070.9,30022981,30023062,JUNC_8529,1,-,GT,AG,0.9999924,0.9999783,0.08412401378154755,0.8384255170822144
NC_003070.9,30023151,30023253,JUNC_8530,1,-,GT,AG,0.47699907,0.40951332,0.2488761693239212,0.9920101165771484
NC_003070.9,30023327,30023583,JUNC_8531,1,-,GT,AG,0.24935074,0.09315812,0.7118968367576599,0.0025208876468241215
NC_003070.9,30023327,30023980,JUNC_16747,1,-,GT,AG,0.6608314,0.61392564,0.9596778154373169,0.22291937470436096
NC_003070.9,30023727,30023980,JUNC_8532,1,-,GT,AG,0.9961362,0.9927503,0.0005123838200233877,0.0006432438385672867
NC_003070.9,30024134,30024227,JUNC_8533,1,-,GT,AG,0.99999785,0.999998,0.0021985925268381834,0.2681761682033539
NC_003070.9,30024321,30024716,JUNC_8534,1,-,GT,AG,0.9967249,0.9977678,0.4572000503540039,0.9855674505233765
NC_003070.9,30024829,30025210,JUNC_8535,1,-,GT,AG,0.16271478,0.22506623,8.958431862993166e-06,2.0355260588189594e-08
NC_003070.9,30025310,30025726,JUNC_8536,1,-,GT,AG,0.0030494984,0.0016714383,0.0003768341557588428,0.00048517860705032945
NC_003070.9,30025859,30025965,JUNC_8537,1,-,GT,AG,0.9994042,0.99924624,0.003944525960832834,0.0009086570353247225
NC_003070.9,30026033,30026306,JUNC_8538,1,-,GT,AG,0.9790414,0.9819417,0.0011549291666597128,0.00028476063744165003
NC_003070.9,30026418,30026665,JUNC_8539,1,-,GT,AG,0.011049367,0.01044763,9.13306575966999e-05,0.000759264687076211
NC_003070.9,30026790,30027289,JUNC_8540,1,-,GT,AG,0.65486443,0.73380613,0.014173402450978756,0.001176804886199534
NC_003070.9,30027975,30028069,JUNC_2957,1,-,GT,AG,0.9670389,0.94047296,0.5203474164009094,7.866692612878978e-05
NC_003070.9,30028118,30028196,JUNC_2958,1,-,GT,AG,0.76209927,0.74590665,0.005483364686369896,0.47297221422195435
NC_003070.9,30028271,30028359,JUNC_2959,1,-,GT,AG,0.99994373,0.99995565,0.005254815798252821,0.003624710952863097
NC_003070.9,30028473,30028559,JUNC_2960,1,-,GT,AG,0.9999995,0.9999976,0.00037692819023504853,0.43160480260849
NC_003070.9,30028619,30028907,JUNC_2961,1,-,GT,AG,0.99999976,0.99999976,0.6457675099372864,0.718856155872345
NC_003070.9,30029128,30029204,JUNC_2962,1,-,GT,AG,0.96535593,0.89812475,0.3375236988067627,0.01884092204272747
NC_003070.9,30029319,30029548,JUNC_2963,1,-,GT,AG,0.9999616,0.99994564,0.07577089220285416,0.020805245265364647
NC_003070.9,30029767,30029849,JUNC_2964,1,-,GT,AG,0.9999199,0.9999124,0.012010473757982254,0.30444252490997314
NC_003070.9,30029948,30030035,JUNC_2965,1,-,GT,AG,0.018902803,0.005233022,0.6354948282241821,0.020482003688812256
NC_003070.9,30030101,30030203,JUNC_2966,1,-,GT,AG,0.21163772,0.27720442,0.030269788578152657,0.07145971059799194
NC_003070.9,30030287,30030422,JUNC_2967,1,-,GT,AG,0.96802586,0.9506107,0.19769610464572906,0.014192821457982063
NC_003070.9,30030482,30030577,JUNC_2968,1,-,GT,AG,0.9999995,0.99999905,0.8608654737472534,0.9760796427726746
NC_003070.9,30030862,30031070,JUNC_2969,1,-,GT,AG,0.99998605,0.99998367,0.1385948359966278,0.0037021434400230646
NC_003070.9,30031118,30031196,JUNC_2970,1,-,GT,AG,0.8877392,0.9363892,0.014134151861071587,0.008286450989544392
NC_003070.9,30031258,30031403,JUNC_2971,1,-,GT,AG,0.999839,0.9998599,0.047923699021339417,0.0011930939508602023
NC_003070.9,30031518,30031603,JUNC_2972,1,-,GT,AG,0.99999917,0.99999845,0.05436578392982483,0.00022212261683307588
NC_003070.9,30031678,30031806,JUNC_2973,1,-,GT,AG,0.9999974,0.99999666,0.0005915542133152485,0.011575271375477314
NC_003070.9,30031878,30031957,JUNC_2974,1,-,GT,AG,0.9999987,0.99999666,0.17856694757938385,0.0027260270435363054
NC_003070.9,30032901,30033360,JUNC_2975,1,-,GT,AG,1.0,1.0,0.11411181837320328,0.1290256232023239
NC_003070.9,30033590,30033713,JUNC_2976,1,-,GT,AG,0.14089034,0.1634084,2.6820554666073804e-08,5.211916686675977e-06
NC_003070.9,30037150,30037496,JUNC_2414,1,+,GT,AG,2.628887e-16,3.789425e-16,0.0930144190788269,0.8180890083312988
NC_003070.9,30037603,30037705,JUNC_9829,1,+,GT,AG,0.05296117,0.019311355,0.9196284413337708,6.3647935348853935e-06
NC_003070.9,30037980,30038616,JUNC_2415,1,+,GT,AG,0.99993265,0.9999306,0.1866205781698227,0.9956800937652588
NC_003070.9,30038734,30038817,JUNC_2416,1,+,GT,AG,0.9999771,0.9999739,0.0219498910009861,0.015640974044799805
NC_003070.9,30039354,30039443,JUNC_2417,1,+,GT,AG,0.9999454,0.99970794,0.9631222486495972,0.9938933253288269
NC_003070.9,30039548,30039642,JUNC_2418,1,+,GT,AG,0.99977964,0.999724,0.9781443476676941,0.6931015253067017
NC_003070.9,30040033,30040116,JUNC_2419,1,+,GT,AG,0.11868497,0.15213047,0.7654410600662231,0.9791296124458313
NC_003070.9,30040388,30040472,JUNC_2420,1,+,GT,AG,0.1108941,0.06380258,0.996749997138977,0.7547334432601929
NC_003070.9,30040559,30040632,JUNC_2421,1,+,GT,AG,0.6885051,0.6433677,0.9941548705101013,0.000903756357729435
NC_003070.9,30042834,30042933,JUNC_4589,1,-,GT,AG,0.9996245,0.99626607,0.2236819863319397,0.9947760105133057
NC_003070.9,30043197,30043303,JUNC_4590,1,-,GT,AG,0.99994755,0.9998976,0.9343051910400391,1.4487685803032946e-05
NC_003070.9,30043378,30043463,JUNC_4591,1,-,GT,AG,0.99993694,0.9999162,0.5732308030128479,0.012721317820250988
NC_003070.9,30043618,30043701,JUNC_4592,1,-,GT,AG,0.99995303,0.9999306,0.0827714130282402,0.8992246985435486
NC_003070.9,30048778,30048884,JUNC_2130,1,+,GT,AG,0.9999999,0.99999976,0.00011783348600147292,0.003394921077415347
NC_003070.9,30049439,30049515,JUNC_2131,1,+,GT,AG,0.9999994,0.9999994,0.9841810464859009,0.0006872469093650579
NC_003070.9,30049604,30049808,JUNC_2132,1,+,GT,AG,0.9999968,0.99998724,0.3887534737586975,0.047696053981781006
NC_003070.9,30050162,30050285,JUNC_2133,1,+,GT,AG,0.90164727,0.80406505,0.07554787397384644,0.004263514187186956
NC_003070.9,30050588,30050685,JUNC_2134,1,+,GT,AG,0.99997973,0.99997103,0.13358448445796967,0.0034246162977069616
NC_003070.9,30050916,30050989,JUNC_2135,1,+,GT,AG,0.99909604,0.99811673,0.8643523454666138,0.004569021053612232
NC_003070.9,30051211,30051328,JUNC_2136,1,+,GT,AG,0.9999726,0.9999851,0.9363709092140198,0.9862132668495178
NC_003070.9,30051866,30051970,JUNC_2137,1,+,GT,AG,0.99999833,0.99999547,0.9791736602783203,0.006002928130328655
NC_003070.9,30053177,30053362,JUNC_16573,1,-,GT,AG,0.8513773,0.55068547,0.0022348579950630665,0.24799321591854095
NC_003070.9,30055090,30055157,JUNC_13312,1,+,GT,AG,0.9997621,0.9996486,0.5887749791145325,0.4559265077114105
NC_003070.9,30055290,30055729,JUNC_13313,1,+,GT,AG,0.9994277,0.9996636,0.2657851278781891,0.9609423875808716
NC_003070.9,30055833,30055914,JUNC_13314,1,+,GT,AG,0.21961607,0.13680285,0.14283111691474915,0.0339956171810627
NC_003070.9,30056059,30056135,JUNC_13315,1,+,GT,AG,0.63685894,0.77142966,0.9591785073280334,0.7681256532669067
NC_003070.9,30056282,30056357,JUNC_13316,1,+,GT,AG,0.96201247,0.92393714,0.2859079837799072,0.00013054288865532726
NC_003070.9,30056664,30056742,JUNC_13317,1,+,GT,AG,0.9989048,0.998993,5.407475782703841e-06,0.2251650094985962
NC_003070.9,30059308,30059409,JUNC_3208,1,-,GT,AG,1.0,0.9999999,0.9411880970001221,0.0025967760011553764
NC_003070.9,30059559,30059654,JUNC_3209,1,-,GT,AG,1.0,0.9999999,0.9319479465484619,0.9761642813682556
NC_003070.9,30059800,30059885,JUNC_3210,1,-,GT,AG,1.0,1.0,0.9772778153419495,0.0893881767988205
NC_003070.9,30060076,30060161,JUNC_3211,1,-,GT,AG,0.99988306,0.99964035,0.27113187313079834,0.7874608635902405
NC_003070.9,30060384,30060528,JUNC_3212,1,-,GT,AG,0.9999995,0.9999994,0.0008607351337559521,0.005839020479470491
NC_003070.9,30060624,30060701,JUNC_3213,1,-,GT,AG,0.9948126,0.9913044,0.24120809137821198,0.2988189160823822
NC_003070.9,30060929,30061054,JUNC_3214,1,-,GT,AG,0.99999785,0.9999889,0.09360091388225555,0.005798903293907642
NC_003070.9,30062277,30062351,JUNC_3215,1,-,GT,AG,0.7914257,0.5716029,0.08759263157844543,0.00033841095864772797
NC_003070.9,30063940,30064026,JUNC_8319,1,-,GT,AG,0.86932564,0.8784105,0.001988617703318596,0.687466025352478
NC_003070.9,30064157,30064254,JUNC_8320,1,-,GT,AG,0.9999999,0.99999964,0.9484045505523682,0.3846551775932312
NC_003070.9,30064404,30064499,JUNC_8321,1,-,GT,AG,1.0,1.0,0.7671067714691162,0.006386745721101761
NC_003070.9,30064646,30064730,JUNC_8322,1,-,GT,AG,1.0,1.0,0.8387133479118347,0.03052426129579544
NC_003070.9,30064925,30065009,JUNC_8323,1,-,GC,AG,0.99999964,0.99999917,0.029514281079173088,0.007163438946008682
NC_003070.9,30065228,30065370,JUNC_8324,1,-,GT,AG,0.99999976,0.9999999,0.08295316249132156,0.9576383233070374
NC_003070.9,30065466,30065544,JUNC_8325,1,-,GT,AG,0.9997638,0.9994692,0.9723215699195862,0.16279378533363342
NC_003070.9,30065772,30065897,JUNC_8326,1,-,GT,AG,0.9999995,0.99999857,0.21152816712856293,0.06131577119231224
NC_003070.9,30067121,30067403,JUNC_8327,1,-,GT,AG,0.9964147,0.9961202,0.055908482521772385,0.7188546657562256
NC_003070.9,30082311,30082702,JUNC_2440,1,+,GT,AG,0.99809545,0.99870837,0.8213604092597961,0.7808551788330078
NC_003070.9,30084348,30084519,JUNC_8886,1,+,GT,AG,0.99848026,0.99803525,0.5529165863990784,0.6650109887123108
NC_003070.9,30084745,30084841,JUNC_8887,1,+,GT,AG,0.4982897,0.73989797,0.9974071383476257,0.25092318654060364
NC_003070.9,30085068,30085186,JUNC_8888,1,+,GT,AG,0.97392946,0.9534403,0.02384786866605282,0.6221050024032593
NC_003070.9,30085912,30086188,JUNC_11506,1,+,GT,AG,0.999972,0.99998,0.11775635182857513,0.1457126885652542
NC_003070.9,30086209,30086294,JUNC_11507,1,+,GT,AG,0.9709439,0.97924167,0.0001419889449607581,0.16187302768230438
NC_003070.9,30086356,30086432,JUNC_11508,1,+,GT,AG,0.9964024,0.99433255,0.5762538909912109,0.009760950691998005
NC_003070.9,30086487,30086592,JUNC_11509,1,+,GT,AG,0.99990547,0.9999287,0.023186083883047104,0.026887184008955956
NC_003070.9,30086629,30086708,JUNC_11510,1,+,GT,AG,0.9997639,0.99978036,0.00011246899521211162,0.05643269792199135
NC_003070.9,30087034,30087143,JUNC_11511,1,+,GT,AG,0.9577094,0.9588781,0.00016846512153279036,0.00032509060110896826
NC_003070.9,30087275,30087417,JUNC_11512,1,+,GT,AG,0.9531341,0.9827879,3.4117826999136014e-06,0.0014276395086199045
NC_003070.9,30087566,30087679,JUNC_11513,1,+,GT,AG,0.99843735,0.99921954,0.047378312796354294,6.636447506025434e-05
NC_003070.9,30087748,30087884,JUNC_11514,1,+,GT,AG,0.9873188,0.9883165,0.0002390680747339502,0.5167490839958191
NC_003070.9,30088032,30088126,JUNC_11515,1,+,GT,AG,0.99991584,0.99983436,0.0375000424683094,0.0009738024673424661
NC_003070.9,30088192,30088475,JUNC_11516,1,+,GT,AG,0.9999981,0.9999938,0.39982205629348755,0.006424125749617815
NC_003070.9,30088664,30088787,JUNC_11517,1,+,GT,AG,1.0,1.0,0.4135969877243042,0.006483257282525301
NC_003070.9,30088928,30089114,JUNC_11518,1,+,GT,AG,0.9999988,0.9999995,0.0016825530910864472,0.14770904183387756
NC_003070.9,30089189,30089313,JUNC_11519,1,+,GT,AG,0.9999969,0.9999943,0.0049086688086390495,0.0009560746839269996
NC_003070.9,30089490,30089579,JUNC_11520,1,+,GT,AG,0.999995,0.99998355,5.958956535323523e-06,4.522169945175847e-07
NC_003070.9,30089671,30089750,JUNC_11521,1,+,GT,AG,0.99999857,0.9999987,3.775556024265825e-06,1.939536787176621e-06
NC_003070.9,30089867,30090024,JUNC_11522,1,+,GT,AG,0.99997795,0.99998236,3.2382777135353535e-06,1.6738338217692217e-06
NC_003070.9,30090139,30090223,JUNC_11523,1,+,GT,AG,0.9999994,0.9999976,4.4539115151565056e-07,1.1627399771896307e-06
NC_003070.9,30090295,30090398,JUNC_11524,1,+,GT,AG,0.9999987,0.9999975,0.01575573906302452,0.002626449568197131
NC_003070.9,30090595,30090677,JUNC_11525,1,+,GT,AG,0.9999932,0.99998116,0.07652892172336578,0.16408222913742065
NC_003070.9,30090771,30090872,JUNC_11526,1,+,GT,AG,0.9998553,0.999933,0.0318850614130497,0.200775146484375
NC_003070.9,30090979,30091219,JUNC_11527,1,+,GT,AG,0.9999963,0.9999975,0.5464421510696411,0.00012214339221827686
NC_003070.9,30091349,30091482,JUNC_11528,1,+,GT,AG,0.9999219,0.9998784,0.00249954080209136,0.21064649522304535
NC_003070.9,30091648,30091926,JUNC_16835,1,+,GT,AG,0.99919695,0.9995476,0.01708277314901352,0.02754361368715763
NC_003070.9,30093661,30093972,JUNC_753,1,+,GT,AG,0.9999757,0.9999776,0.8795925974845886,0.9340332746505737
NC_003070.9,30094072,30094237,JUNC_754,1,+,GT,AG,0.0041042008,0.007479189,0.01535025704652071,0.024069558829069138
NC_003070.9,30094443,30094528,JUNC_755,1,+,GT,AG,0.9997022,0.9994748,0.03707583621144295,0.7712977528572083
NC_003070.9,30095208,30095431,JUNC_756,1,+,GT,AG,0.99999845,0.999998,0.05864331126213074,0.04297731816768646
NC_003070.9,30095534,30095772,JUNC_757,1,+,GT,AG,0.9999752,0.9999502,0.006075906567275524,5.059959676145809e-06
NC_003070.9,30095892,30096292,JUNC_758,1,+,GT,AG,1.0,1.0,0.0009404984884895384,0.018010973930358887
NC_003070.9,30096345,30096476,JUNC_759,1,+,GT,AG,1.0,1.0,0.0008852480677887797,7.785187335684896e-05
NC_003070.9,30096537,30096668,JUNC_3758,1,+,GT,AG,0.9973238,0.9990983,2.5656274374341592e-05,0.004102400038391352
NC_003070.9,30096905,30096990,JUNC_761,1,+,GT,AG,0.2464436,0.3070583,0.04859272018074989,0.23887865245342255
NC_003070.9,30109533,30109692,JUNC_13893,1,-,GT,AG,0.99639195,0.8715851,0.6441214084625244,0.07968099415302277
NC_003070.9,30109866,30110306,JUNC_13894,1,-,GT,AG,1.0,1.0,0.1882198601961136,0.3428879976272583
NC_003070.9,30110115,30110306,JUNC_16872,1,-,GT,AG,0.9999398,0.9999008,0.9987446069717407,0.759918749332428
NC_003070.9,30110621,30110696,JUNC_13895,1,-,GT,AG,0.99371725,0.99387735,0.9457092881202698,0.9858940839767456
NC_003070.9,30110621,30110880,JUNC_16873,1,-,GT,AG,0.9998422,0.99874514,0.9722200036048889,0.9345012307167053
NC_003070.9,30115439,30116151,JUNC_17009,1,-,GT,AG,0.948049,0.84687805,0.041414204984903336,0.0027135971467942
NC_003070.9,30116554,30116628,JUNC_2714,1,-,GT,AG,0.99389786,0.99360025,0.9886027574539185,0.9984368681907654
NC_003070.9,30116711,30116804,JUNC_2715,1,-,GT,AG,0.9999547,0.9999583,0.39410603046417236,0.09614384174346924
NC_003070.9,30116904,30116982,JUNC_2716,1,-,GT,AG,0.9967854,0.99319565,0.7182072997093201,0.926463782787323
NC_003070.9,30117082,30117328,JUNC_17010,1,-,GT,AG,0.9978523,0.9934263,0.7101060152053833,0.8765159249305725
NC_003070.9,30117111,30117328,JUNC_2717,1,-,GT,AG,0.99970293,0.99970174,0.9123303294181824,0.7391979098320007
NC_003070.9,30130695,30131008,JUNC_10244,1,+,GT,AG,6.167082e-05,7.772316e-05,0.9961787462234497,0.0009596595773473382
NC_003070.9,30131252,30131328,JUNC_10245,1,+,GT,AG,0.9999075,0.9998964,0.953416109085083,0.8076359629631042
NC_003070.9,30131433,30131513,JUNC_10246,1,+,GT,AG,0.99794894,0.99621224,0.7030499577522278,0.5823415517807007
NC_003070.9,30144070,30144158,JUNC_3782,1,-,GT,AG,0.8819027,0.5976331,0.011826065368950367,0.5360713601112366
NC_003070.9,30151255,30151356,JUNC_5149,1,+,GT,AG,0.9999864,0.99998295,0.9971062541007996,0.022826317697763443
NC_003070.9,30151462,30151687,JUNC_5150,1,+,GT,AG,1.0,1.0,0.2665276527404785,0.016126906499266624
NC_003070.9,30159245,30159439,JUNC_17513,1,+,GT,AG,0.9819588,0.98159754,0.024078721180558205,0.9821241497993469
NC_003070.9,30159332,30159435,JUNC_17654,1,+,GT,AG,0.9821285,0.9798386,0.7256014347076416,0.7636441588401794
NC_003070.9,30159332,30159439,JUNC_3720,1,+,GT,AG,0.96219695,0.9645792,0.17142385244369507,0.00027010348276235163
NC_003070.9,30159550,30159799,JUNC_17514,1,+,GT,AG,0.99999964,0.9999995,0.02003786526620388,0.05340147390961647
NC_003070.9,30159867,30159959,JUNC_3721,1,+,GT,AG,0.9999622,0.99995804,0.01989641599357128,0.965950608253479
NC_003070.9,30160073,30160156,JUNC_3722,1,+,GT,AG,0.99999034,0.9999721,0.04488839581608772,0.6898426413536072
NC_003070.9,30160328,30160429,JUNC_3723,1,+,GT,AG,0.9999968,0.9999974,0.024132682010531425,0.00012158303434262052
NC_003070.9,30160579,30161088,JUNC_3724,1,+,GT,AG,0.990359,0.9722613,0.6498305797576904,0.00013394790585152805
NC_003070.9,30174627,30174709,JUNC_5230,1,+,GT,AG,0.9999862,0.9999908,0.7525132298469543,0.00011192139936611056
NC_003070.9,30175133,30175207,JUNC_5231,1,+,GT,AG,0.9982943,0.9959719,0.00027559304726310074,0.7129573822021484
NC_003070.9,30181077,30181226,JUNC_3947,1,+,GT,AG,0.45488873,0.3547652,0.015701066702604294,0.018192678689956665
NC_003070.9,30181293,30181483,JUNC_3948,1,+,GT,AG,0.99999714,0.9999919,0.04020746424794197,0.378177672624588
NC_003070.9,30181997,30182083,JUNC_3949,1,+,GT,AG,0.9999987,0.99999344,0.010027849115431309,0.9592902660369873
NC_003070.9,30183949,30184029,JUNC_10308,1,-,GT,AG,0.97169536,0.912607,5.3986659622751176e-05,0.04333018511533737
NC_003070.9,30184557,30184662,JUNC_10309,1,-,GT,AG,0.9931676,0.99675465,0.00966637022793293,0.004525968339294195
NC_003070.9,30185394,30185481,JUNC_10310,1,-,GT,AG,0.96697426,0.99483705,5.3439775911101606e-06,0.009429920464754105
NC_003070.9,30185789,30185876,JUNC_10311,1,-,GT,AG,0.99875784,0.99822766,0.0007344596087932587,0.0011675715213641524
NC_003070.9,30188437,30188578,JUNC_14993,1,+,GT,AG,0.001750928,0.00030247675,5.170636359252967e-05,0.012981876730918884
NC_003070.9,30209188,30209262,JUNC_8542,1,-,GT,AG,0.98256254,0.9588743,0.007306375075131655,0.9897944331169128
NC_003070.9,30209371,30209446,JUNC_8543,1,-,GT,AG,0.993328,0.9903606,0.9457203149795532,0.023335358127951622
NC_003070.9,30209612,30209691,JUNC_8544,1,-,GT,AG,0.999931,0.99993575,0.9595834016799927,0.31726211309432983
NC_003070.9,30209848,30209939,JUNC_8545,1,-,GT,AG,0.99999964,0.9999994,0.043664682656526566,0.05887164920568466
NC_003070.9,30209999,30210141,JUNC_8546,1,-,GT,AG,0.99999976,0.99999976,0.006812019273638725,2.701326593523845e-06
NC_003070.9,30210270,30210428,JUNC_8547,1,-,GT,AG,0.99855083,0.9985176,0.43714776635169983,0.00012657060869969428
NC_003070.9,30210476,30210580,JUNC_8548,1,-,GT,AG,0.9971974,0.99660504,0.327030748128891,0.09460992366075516
NC_003070.9,30210671,30210761,JUNC_8549,1,-,GT,AG,0.5669024,0.5242133,0.5660669803619385,0.05386268347501755
NC_003070.9,30217575,30217862,JUNC_13931,1,+,GT,AG,0.26984164,0.19771576,0.07696224004030228,0.02814493328332901
NC_003070.9,30217632,30217862,JUNC_1147,1,+,GT,AG,0.13356246,0.14956775,9.468262578593567e-05,0.01473868265748024
NC_003070.9,30218233,30218927,JUNC_13932,1,+,GT,AG,3.7964295e-11,4.4645434e-09,0.00016846512153279036,0.00032509060110896826
NC_003070.9,30218248,30218337,JUNC_1148,1,+,GT,AG,0.15898545,0.11340825,0.4746191203594208,0.041554953902959824
NC_003070.9,30218417,30218492,JUNC_1149,1,+,GT,AG,0.823862,0.76936907,3.4117826999136014e-06,0.0014276395086199045
NC_003070.9,30218544,30218635,JUNC_1150,1,+,GT,AG,0.9999999,0.9999999,0.8811517953872681,0.9867299795150757
NC_003070.9,30218677,30218755,JUNC_1151,1,+,GT,AG,0.99989414,0.9999192,0.023606160655617714,0.05084537714719772
NC_003070.9,30218834,30218913,JUNC_1152,1,+,GT,AG,0.9980248,0.99148226,0.4269004464149475,0.01407737284898758
NC_003070.9,30218945,30219060,JUNC_1153,1,+,GT,AG,0.93692607,0.96697015,0.06953949481248856,0.41671252250671387
NC_003070.9,30219204,30219293,JUNC_1154,1,+,GT,AG,0.9999995,0.99999785,0.2878745198249817,0.20447370409965515
NC_003070.9,30219410,30219492,JUNC_13933,1,+,GT,AG,1.0,1.0,0.0001586274738656357,6.636447506025434e-05
NC_003070.9,30219543,30219640,JUNC_13934,1,+,GT,AG,0.9999888,0.9999933,0.030435405671596527,0.9186047911643982
NC_003070.9,30221843,30222019,JUNC_3872,1,-,GT,AG,0.9999591,0.9999403,0.013911212794482708,0.0007980860536918044
NC_003070.9,30222407,30222499,JUNC_3873,1,-,GT,AG,0.9999989,0.9999982,1.9721939679584466e-05,0.021497854962944984
NC_003070.9,30227832,30227974,JUNC_10733,1,-,GT,AG,7.6465527e-13,5.8355057e-12,0.1861189752817154,0.6993541717529297
NC_003070.9,30228162,30228321,JUNC_10734,1,-,GT,AG,0.99822384,0.99928135,0.39831531047821045,0.9113922119140625
NC_003070.9,30228422,30228513,JUNC_10735,1,-,GT,AG,0.99970615,0.9997204,0.012945761904120445,0.01016444806009531
NC_003070.9,30228625,30228711,JUNC_10736,1,-,GT,AG,0.00092672696,0.00087348814,0.6622868776321411,0.1310117393732071
NC_003070.9,30228770,30228850,JUNC_10737,1,-,GT,AG,0.99847084,0.9965596,0.029842447489500046,0.8412781357765198
NC_003070.9,30228948,30229092,JUNC_10738,1,-,GT,AG,0.58577776,0.5081423,0.10390861332416534,0.9465858936309814
NC_003070.9,30229149,30229257,JUNC_10739,1,-,GT,AG,0.98799765,0.98566216,0.5496402978897095,0.020664945244789124
NC_003070.9,30229389,30229486,JUNC_10740,1,-,GT,AG,0.99942863,0.99938184,0.7849971055984497,0.1877720057964325
NC_003070.9,30229594,30229666,JUNC_10741,1,-,GT,AG,0.99994755,0.9997454,0.3787389099597931,0.9409830570220947
NC_003070.9,30229790,30229917,JUNC_10742,1,-,GT,AG,0.9996555,0.9998037,0.07682894915342331,0.7694891691207886
NC_003070.9,30230148,30230244,JUNC_10743,1,-,GT,AG,0.9999131,0.9999589,0.0834013819694519,3.3545617043273523e-05
NC_003070.9,30230327,30230428,JUNC_10744,1,-,GT,AG,0.999966,0.9999367,0.048023924231529236,0.06405217945575714
NC_003070.9,30230557,30230822,JUNC_10745,1,-,GT,AG,1.0,1.0,0.011417206376791,0.0009239534847438335
NC_003070.9,30230918,30231013,JUNC_10746,1,-,GT,AG,0.9918337,0.98890346,0.0016689717303961515,0.0003588398394640535
NC_003070.9,30231068,30231214,JUNC_10747,1,-,GT,AG,0.061349716,0.008992429,0.4311557412147522,0.034909967333078384
NC_003070.9,30231285,30231386,JUNC_10748,1,-,GT,AG,0.2641193,0.34733692,0.17427651584148407,0.04288489371538162
NC_003070.9,30231440,30231523,JUNC_10749,1,-,GT,AG,0.99997485,0.99993443,0.470170795917511,9.859345482254867e-06
NC_003070.9,30231601,30231772,JUNC_10750,1,-,GT,AG,1.0,1.0,0.00011279984755674377,0.9946987628936768
NC_003070.9,30231905,30232108,JUNC_10751,1,-,GT,AG,0.99999964,0.99999964,0.9792561531066895,0.2915836274623871
NC_003070.9,30232224,30232315,JUNC_10752,1,-,GT,AG,0.9999999,0.9999995,0.12729324400424957,0.007296295836567879
NC_003070.9,30232387,30232783,JUNC_10753,1,-,GT,AG,1.0,1.0,0.000558424973860383,0.004304257687181234
NC_003070.9,30232889,30233206,JUNC_10754,1,-,GT,AG,1.0,1.0,0.30897006392478943,0.0046330951154232025
NC_003070.9,30233322,30233491,JUNC_10755,1,-,GT,AG,1.0,1.0,0.010240612551569939,0.9924517273902893
NC_003070.9,30233641,30233748,JUNC_10756,1,-,GT,AG,0.99999714,0.9999956,0.9989373087882996,0.9916222095489502
NC_003070.9,30233831,30234215,JUNC_10757,1,-,GT,AG,0.9999889,0.99998343,0.9854865074157715,0.9976053237915039
NC_003070.9,30234294,30234781,JUNC_10758,1,-,GT,AG,0.99998283,0.99995446,0.9809897541999817,0.5793645977973938
NC_003070.9,30235728,30235855,JUNC_15153,1,-,GT,AG,0.99999154,0.9999887,0.8126648664474487,0.009890588000416756
NC_003070.9,30235942,30236021,JUNC_15154,1,-,GT,AG,0.991947,0.9969146,0.44686633348464966,0.9887970685958862
NC_003070.9,30236135,30236227,JUNC_15155,1,-,GC,AG,0.99185175,0.984776,0.012945761904120445,0.01016444806009531
NC_003070.9,30236313,30236483,JUNC_15156,1,-,GT,AG,0.9998585,0.99982756,0.6622868776321411,0.1310117393732071
NC_003070.9,30236595,30236685,JUNC_15157,1,-,GT,AG,0.99998176,0.99996686,0.029842447489500046,0.8412781357765198
NC_003070.9,30236874,30236974,JUNC_15158,1,-,GT,AG,0.00089115376,0.0001511679,0.02420426905155182,0.03241671249270439
NC_003070.9,30237205,30237648,JUNC_16010,1,-,GT,AG,0.99982876,0.99973935,0.0945844054222107,0.03787928447127342
NC_003070.9,30237702,30238458,JUNC_16011,1,-,GT,AG,0.04848864,0.06682677,0.004863915964961052,0.0032275053672492504
NC_003070.9,30258514,30258619,JUNC_2327,1,-,GT,AG,0.9895616,0.9771139,0.007321500219404697,0.4318774342536926
NC_003070.9,30258708,30258831,JUNC_2328,1,-,GT,AG,0.9960848,0.9986443,0.07865006476640701,0.0011669985251501203
NC_003070.9,30258941,30259027,JUNC_2329,1,-,GT,AG,0.96592295,0.95725983,0.013899020850658417,0.0026341069024056196
NC_003070.9,30259119,30259229,JUNC_2330,1,-,GT,AG,0.99998164,0.9999622,0.006844723131507635,0.0007984208641573787
NC_003070.9,30259280,30259546,JUNC_2331,1,-,GT,AG,0.9999995,0.9999994,0.010899409651756287,0.003882331307977438
NC_003070.9,30259743,30259830,JUNC_2332,1,-,GT,AG,0.99999964,0.99999976,0.9477550983428955,0.9727824926376343
NC_003070.9,30260011,30260088,JUNC_2333,1,-,GT,AG,0.9999858,0.999992,0.9939393997192383,0.9934318661689758
NC_003070.9,30260154,30260264,JUNC_2334,1,-,GT,AG,1.0,1.0,0.9856879711151123,0.18699920177459717
NC_003070.9,30261307,30261385,JUNC_4879,1,-,GT,AG,0.96561027,0.9686675,0.5184419751167297,0.12696781754493713
NC_003070.9,30261552,30261638,JUNC_4880,1,-,GT,AG,0.94003934,0.95275515,0.2222866415977478,0.9884443879127502
NC_003070.9,30261827,30261909,JUNC_4881,1,-,GT,AG,0.9830321,0.9700724,0.19013844430446625,0.7519531846046448
NC_003070.9,30262134,30262224,JUNC_4882,1,-,GT,AG,0.023984004,0.01447129,0.8358615040779114,0.6196874380111694
NC_003070.9,30262404,30262485,JUNC_4883,1,-,GT,AG,0.97703105,0.96614367,0.0982673242688179,0.8942583203315735
NC_003070.9,30262596,30262664,JUNC_4884,1,-,GT,AG,0.9990533,0.9991335,0.20065119862556458,0.0007145852432586253
NC_003070.9,30262811,30262898,JUNC_4885,1,-,GT,AG,0.999894,0.99961966,0.015461612492799759,0.04195048660039902
NC_003070.9,30262961,30263057,JUNC_4886,1,-,GT,AG,0.9998927,0.99979395,0.6989258527755737,0.21670328080654144
NC_003070.9,30263198,30263278,JUNC_4887,1,-,GT,AG,0.98642516,0.93110985,0.01523800939321518,0.917717695236206
NC_003070.9,30263513,30263617,JUNC_4888,1,-,GT,AG,0.974588,0.9720409,0.04346705600619316,0.020941108465194702
NC_003070.9,30263745,30263843,JUNC_4889,1,-,GT,AG,0.98862773,0.9833203,0.34077557921409607,0.05389949679374695
NC_003070.9,30263939,30264036,JUNC_4890,1,-,GT,AG,0.9999881,0.9999814,0.9440515637397766,0.40976476669311523
NC_003070.9,30264132,30264210,JUNC_4891,1,-,GT,AG,0.99645674,0.99559456,0.816020131111145,0.8015984296798706
NC_003070.9,30264284,30264354,JUNC_4892,1,-,GT,AG,0.99123853,0.99505407,0.17058385908603668,0.0026573659852147102
NC_003070.9,30264424,30264510,JUNC_4893,1,-,GT,AG,0.9999995,0.99999976,0.253582239151001,0.1561691164970398
NC_003070.9,30264620,30264716,JUNC_4894,1,-,GT,AG,0.48630738,0.58716446,0.006616091821342707,0.2538907527923584
NC_003070.9,30264888,30264999,JUNC_4895,1,-,GT,AG,0.999982,0.99998474,4.709021794724322e-08,3.8851342765156005e-07
NC_003070.9,30265109,30265248,JUNC_4896,1,-,GT,AG,0.9999956,0.99999726,7.716565960436128e-06,0.002045507775619626
NC_003070.9,30265372,30265489,JUNC_4897,1,-,GT,AG,0.18530425,0.3754025,0.9618196487426758,0.9903693795204163
NC_003070.9,30265667,30265759,JUNC_4898,1,-,GT,AG,0.74610734,0.46537417,0.2371702790260315,0.9912147521972656
NC_003070.9,30266032,30266114,JUNC_4899,1,-,GT,AG,0.9998136,0.99963295,6.100370683270739e-06,0.0025424968916922808
NC_003070.9,30266294,30266366,JUNC_4900,1,-,GT,AG,0.99998033,0.9999008,0.989281177520752,0.0012159866746515036
NC_003070.9,30266540,30266899,JUNC_4901,1,-,GC,AG,0.12010149,0.045157805,0.9346431493759155,0.9761680960655212
NC_003070.9,30281994,30282071,JUNC_13740,1,-,GT,AG,0.9999517,0.9998878,0.0017391347791999578,0.025224385783076286
NC_003070.9,30282396,30282478,JUNC_13741,1,-,GT,AG,0.18662076,0.1999084,0.6270260810852051,0.0003104457864537835
NC_003070.9,30282550,30282633,JUNC_13742,1,-,GT,AG,0.9889551,0.9765394,0.907625675201416,0.7831128835678101
NC_003070.9,30282670,30282763,JUNC_13743,1,-,GT,AG,0.9993637,0.99974316,0.06716436892747879,0.9257797598838806
NC_003070.9,30282822,30282920,JUNC_13744,1,-,GT,AG,0.9999348,0.9998446,0.00291272415779531,0.0015098246512934566
NC_003070.9,30283481,30283858,JUNC_13745,1,-,GT,AG,0.99992657,0.9999093,0.35620808601379395,0.0002983930753543973
NC_003070.9,30283998,30284110,JUNC_13746,1,-,GT,AG,0.9993414,0.99825984,0.02926340326666832,0.019076623022556305
NC_003070.9,30299199,30299291,JUNC_10153,1,-,GT,AG,1.0,1.0,0.0004416281881276518,0.06730501353740692
NC_003070.9,30299726,30300099,JUNC_10154,1,-,GT,AG,0.999997,0.999998,0.6539673805236816,4.794912820216268e-05
NC_003070.9,30312141,30312380,JUNC_10807,1,+,GT,AG,0.9897877,0.99103,0.8496869802474976,0.48764973878860474
NC_003070.9,30312551,30312631,JUNC_10808,1,+,GT,AG,0.99999905,0.9999988,0.24765543639659882,0.000335320015437901
NC_003070.9,30312873,30312968,JUNC_10809,1,+,GT,AG,0.9994292,0.99909854,7.829997628050478e-08,0.010282846167683601
NC_003070.9,30313101,30313178,JUNC_10810,1,+,GT,AG,0.9994266,0.9991316,0.0013830102980136871,2.056560362007076e-07
NC_003070.9,30313242,30313344,JUNC_10811,1,+,GT,AG,0.96181226,0.9575187,0.0001916557375807315,3.942799153833221e-08
NC_003070.9,30313441,30313545,JUNC_10812,1,+,GT,AG,0.9999993,0.99999845,1.0316740599591867e-06,7.04876129020704e-07
NC_003070.9,30313627,30313717,JUNC_10813,1,+,GT,AG,0.9999993,0.9999989,0.9905100464820862,0.9387133121490479
NC_003070.9,30313833,30313912,JUNC_10814,1,+,GT,AG,0.9999999,0.9999995,0.996726393699646,0.9995064735412598
NC_003070.9,30314002,30314112,JUNC_10815,1,+,GT,AG,0.999998,0.9999981,0.07272683829069138,0.9864894151687622
NC_003070.9,30316323,30316397,JUNC_17666,1,-,GT,AG,0.120995,0.046190184,8.290398545796052e-05,0.09435580670833588
NC_003070.9,30316590,30316671,JUNC_1302,1,-,GT,AG,0.37397203,0.25549334,0.7532387375831604,0.0025666358415037394
NC_003070.9,30316854,30316928,JUNC_1303,1,-,GT,AG,0.58536005,0.48634762,3.544309947756119e-05,6.874335213069571e-06
NC_003070.9,30317102,30317179,JUNC_1304,1,-,GT,AG,0.9976459,0.9969823,1.340456812215507e-08,1.3658382158610038e-05
NC_003070.9,30317694,30317771,JUNC_1305,1,-,GT,AG,0.99999964,0.99999785,0.002024176297709346,5.435990715341177e-06
NC_003070.9,30318081,30318174,JUNC_1306,1,-,GT,AG,0.99999964,0.9999987,4.859723958361428e-06,6.949997555238951e-07
NC_003070.9,30318279,30318356,JUNC_1307,1,-,GT,AG,0.99999785,0.999997,1.2772926538673346e-06,5.242241513769841e-06
NC_003070.9,30319241,30319310,JUNC_1308,1,-,GT,AG,0.99991965,0.99991477,0.0023632231168448925,0.07665359228849411
NC_003070.9,30319448,30319515,JUNC_1309,1,-,GT,AG,0.49398425,0.1881533,0.2258518934249878,0.0031629689037799835
NC_003070.9,30319614,30319697,JUNC_1310,1,-,GC,AG,0.98128396,0.99468637,0.1789725422859192,0.0005600934382528067
NC_003070.9,30319817,30319891,JUNC_1311,1,-,GT,AG,0.77717257,0.61901414,0.08778025954961777,2.8244250643183477e-05
NC_003070.9,30329545,30329880,JUNC_13527,1,-,GT,AG,0.9834699,0.98943174,0.01909417286515236,0.006775988731533289
NC_003070.9,30330180,30330391,JUNC_13528,1,-,GT,AG,0.9739833,0.9836429,0.39045482873916626,0.5570976138114929
NC_003070.9,30332219,30332601,JUNC_4925,1,+,GT,AG,0.9999999,0.9999994,0.03127896413207054,0.00017479165398981422
NC_003070.9,30332651,30332745,JUNC_4926,1,+,GT,AG,0.999995,0.9999895,0.9855905771255493,0.023641550913453102
NC_003070.9,30332798,30332933,JUNC_4927,1,+,GT,AG,0.99998045,0.999977,0.43559062480926514,0.3282874524593353
NC_003070.9,30333712,30333943,JUNC_15432,1,-,GT,AG,0.9996187,0.9998426,0.38693755865097046,0.9911026954650879
NC_003070.9,30334039,30334449,JUNC_15433,1,-,GT,AG,0.99944514,0.9992916,0.9992758631706238,0.47750815749168396
NC_003070.9,30334856,30334962,JUNC_15434,1,-,GT,AG,0.9998714,0.9998648,0.2214922159910202,0.1085531935095787
NC_003070.9,30355353,30355423,JUNC_15368,1,+,GT,AG,0.9358762,0.891543,0.8396909236907959,0.17980222404003143
NC_003070.9,30355569,30355662,JUNC_15369,1,+,GT,AG,0.9840258,0.98427606,0.17503394186496735,0.33085715770721436
NC_003070.9,30355786,30355874,JUNC_15370,1,+,GT,AG,0.99999785,0.99999547,0.5622232556343079,0.02707318402826786
NC_003070.9,30355939,30356029,JUNC_15371,1,+,GT,AG,0.99998915,0.99992645,0.058327123522758484,0.06625167280435562
NC_003070.9,30356143,30356216,JUNC_15372,1,+,GT,AG,0.7705466,0.7144049,0.1487465500831604,0.019921662285923958
NC_003070.9,30356291,30356478,JUNC_15373,1,+,GT,AG,0.965818,0.9806973,0.3178662955760956,0.971535325050354
NC_003070.9,30356589,30356668,JUNC_15374,1,+,GT,AG,0.92903394,0.95647204,0.9447163343429565,5.392911043600179e-05
NC_003070.9,30356782,30356860,JUNC_15375,1,+,GT,AG,0.9998512,0.9998004,7.413559796987101e-05,0.001145833870396018
NC_003070.9,30356932,30357010,JUNC_15376,1,+,GT,AG,0.000588018,0.001156706,0.9666159152984619,0.9948990941047668
NC_003070.9,30357047,30357143,JUNC_15377,1,+,GT,AG,0.771799,0.6271315,0.9974457025527954,0.09860958904027939
NC_003070.9,30357256,30357405,JUNC_15378,1,+,GT,AG,0.9999988,0.9999933,0.23980306088924408,0.0027611523400992155
NC_003070.9,30357612,30357696,JUNC_15379,1,+,GT,AG,0.99991226,0.9997658,0.0014081154949963093,0.24841104447841644
NC_003070.9,30365289,30365526,JUNC_14321,1,+,GT,AG,0.95585203,0.9728448,0.47353652119636536,0.011062066070735455
NC_003070.9,30365730,30365820,JUNC_12452,1,+,GT,AG,0.99999464,0.9999869,0.9570151567459106,0.9813199043273926
NC_003070.9,30366002,30366100,JUNC_12453,1,+,GT,AG,0.9999963,0.9999689,0.1730167269706726,0.9224840998649597
NC_003070.9,30366227,30366309,JUNC_12454,1,+,GT,AG,0.9999553,0.9999367,0.9267266392707825,0.00037564002559520304
NC_003070.9,30366507,30366588,JUNC_12455,1,+,GT,AG,0.6058068,0.39422482,0.12635491788387299,0.946607768535614
NC_003070.9,30367314,30367406,JUNC_12456,1,+,GT,AG,0.90164775,0.9507041,0.9771272540092468,0.018006980419158936
NC_003070.9,30367508,30367601,JUNC_14322,1,+,GT,AG,0.9981372,0.99865204,0.00025830045342445374,0.58969646692276
NC_003070.9,30367669,30367753,JUNC_12458,1,+,GT,AG,0.9995989,0.99912137,0.02840653993189335,0.20799404382705688
NC_003070.9,30367805,30367911,JUNC_12459,1,+,GT,AG,1.0,1.0,0.1882583647966385,0.017925497144460678
NC_003070.9,30367998,30368074,JUNC_12460,1,+,GT,AG,0.99997866,0.99992526,0.9573802351951599,0.2987211346626282
NC_003070.9,30368118,30368219,JUNC_12461,1,+,GT,AG,0.98895884,0.99532396,0.07392425090074539,0.005864230450242758
NC_003070.9,30368294,30368390,JUNC_12462,1,+,GT,AG,0.5169706,0.38048202,0.6709266901016235,0.6894401907920837
NC_003070.9,30370918,30371011,JUNC_3432,1,+,GT,AG,0.99999475,0.9999939,0.01555323414504528,0.4537425935268402
NC_003070.9,30371197,30371331,JUNC_3433,1,+,GT,AG,0.99999976,0.9999993,0.001848525833338499,0.0031339081469923258
NC_003070.9,30371684,30372273,JUNC_3434,1,+,GT,AG,1.0,1.0,0.12795127928256989,0.005738704465329647
NC_003070.9,30373374,30373460,JUNC_14472,1,-,GT,AG,0.9987118,0.99857295,0.006000237539410591,0.18043719232082367
NC_003070.9,30373556,30373642,JUNC_14473,1,-,GT,AG,0.015544134,0.017426906,0.011099470779299736,0.004432178568094969
NC_003070.9,30373879,30373956,JUNC_14474,1,-,GT,AG,0.99723476,0.998858,6.8476588239718694e-06,0.3089570999145508
NC_003070.9,30374200,30374273,JUNC_14475,1,-,GT,AG,0.9985185,0.99786085,4.8161162169435556e-08,4.231982984492788e-06
NC_003070.9,30374455,30374533,JUNC_14476,1,-,GT,AG,0.00015868088,0.0008444442,0.10111334174871445,0.06206308677792549
NC_003070.9,30374643,30374743,JUNC_14477,1,-,GT,AG,0.99408394,0.9798952,0.4830179214477539,0.8435045480728149
NC_003070.9,30374848,30374913,JUNC_14478,1,-,GT,AG,0.96746695,0.973557,0.8586246371269226,0.00021369585010688752
NC_003070.9,30374992,30375079,JUNC_14479,1,-,GT,AG,0.99026567,0.98522586,0.8725615739822388,0.6141470670700073
NC_003070.9,30375120,30375206,JUNC_14480,1,-,GT,AG,0.9984072,0.99950695,0.11469357460737228,0.8389975428581238
NC_003070.9,30375285,30375527,JUNC_14481,1,-,GT,AG,0.9870684,0.9944922,0.1434490978717804,0.08127449452877045
NC_003070.9,30375660,30375864,JUNC_14482,1,-,GT,AG,7.472887e-06,1.5330406e-05,0.009355559945106506,0.0011393552413210273
NC_003070.9,30383920,30384330,JUNC_4573,1,+,GT,AG,0.99994457,0.9996929,0.02203061804175377,0.006819946225732565
NC_003070.9,30384672,30384767,JUNC_4574,1,+,GT,AG,0.99995494,0.99997807,0.9746910333633423,0.9659485220909119
NC_003070.9,30384884,30384993,JUNC_4575,1,+,GT,AG,1.0,0.9999999,0.3208649456501007,0.07972251623868942
NC_003070.9,30385876,30385970,JUNC_13449,1,-,GT,AG,0.9999906,0.9999869,0.07091058045625687,0.05426165834069252
NC_003070.9,30386112,30386201,JUNC_13450,1,-,GT,AG,0.9997662,0.9997254,0.0740022286772728,0.0007441905327141285
NC_003070.9,30386285,30386382,JUNC_13451,1,-,GT,AG,0.9997122,0.999519,0.009168783202767372,0.01610746420919895
NC_003070.9,30386440,30386842,JUNC_13452,1,-,GT,AG,0.9999993,0.99999905,0.019422248005867004,0.9304354786872864
NC_003070.9,30394977,30395080,JUNC_2323,1,-,GT,AG,1.1758561e-05,3.3703443e-05,2.443206358293537e-05,8.902905392460525e-06
NC_003070.9,30396223,30396328,JUNC_2324,1,-,GT,AG,0.9393329,0.8746135,0.025709964334964752,1.3955837374624025e-08
NC_003070.9,30398519,30398605,JUNC_3446,1,-,GT,AG,0.9999995,0.99999917,0.9991171956062317,0.9859269857406616
NC_003070.9,30398653,30398747,JUNC_3447,1,-,GT,AG,0.99999666,0.9999894,0.020405232906341553,0.803118109703064
NC_003070.9,30399209,30399279,JUNC_3448,1,-,GT,AG,1.0,0.9999999,0.9837749004364014,0.4305175542831421
NC_003070.9,30399889,30400010,JUNC_3449,1,-,GT,AG,0.0013571158,0.0021480802,0.14287273585796356,0.06685923784971237
NC_003070.9,30411073,30411348,JUNC_9480,1,+,GT,AG,0.99911016,0.99769413,0.0006099987658672035,0.00206108670681715
NC_003070.9,30411259,30411348,JUNC_18133,1,+,GT,AG,0.05534581,0.006714855,0.3734464645385742,0.008152958936989307
NC_003070.9,30411680,30411748,JUNC_9481,1,+,GT,AG,0.9995951,0.9990724,0.8437087535858154,0.1862713098526001
NC_003070.9,30412406,30412696,JUNC_4669,1,-,GT,AG,0.5844447,0.88762665,0.975219190120697,0.9969996809959412
NC_003070.9,30412760,30412857,JUNC_4670,1,-,GT,AG,0.9999857,0.99998903,0.9726371169090271,0.41480061411857605
NC_003070.9,30412998,30413099,JUNC_4671,1,-,GT,AG,0.9998555,0.99986804,0.4175178110599518,0.3392423987388611
NC_003070.9,30413233,30413312,JUNC_4672,1,-,GT,AG,0.99997056,0.99993765,0.002067683730274439,4.6091812691884115e-05
NC_003070.9,30413381,30413583,JUNC_4673,1,-,GT,AG,0.9998702,0.9998685,0.0001351996324956417,0.00038057006895542145
NC_003070.9,30413648,30413783,JUNC_4674,1,-,GT,AG,0.9998784,0.9999012,0.7517505288124084,0.1178896427154541
NC_003070.9,30413821,30413956,JUNC_4675,1,-,GT,AG,0.99919635,0.9991427,0.3235265016555786,0.6097730398178101
NC_003070.9,30414082,30414419,JUNC_4676,1,-,GT,AG,0.99991155,0.99991167,0.825467586517334,0.6045514941215515
NC_003070.9,30416106,30416436,JUNC_3404,1,+,GT,AG,0.99227697,0.9878021,0.04398614540696144,0.7852828502655029
NC_003070.9,30416529,30416635,JUNC_3405,1,+,GT,AG,0.79156905,0.6723235,0.8418575525283813,0.004541371949017048
NC_003070.9,30416857,30416946,JUNC_3406,1,+,GT,AG,0.99910414,0.9986205,0.09245610237121582,0.22861477732658386
NC_003070.9,30417567,30417666,JUNC_3407,1,+,GT,AG,0.99999845,0.9999975,0.0021894800011068583,0.0068436795845627785
NC_003070.9,30417852,30417923,JUNC_8604,1,+,GT,AG,0.20619906,0.1332438,0.0008530272170901299,0.00016883586067706347
NC_003070.9,30420370,30420463,JUNC_9003,1,+,GT,AG,0.9999925,0.9999926,0.0014253223780542612,0.00041091584716923535
NC_003070.9,30420884,30421391,JUNC_9004,1,+,GT,AG,0.0005037881,0.00065249595,0.0007460095221176744,0.9064921140670776
